0.98494610 0.18827773 0.54557278 0.63108970 0.24287375 1.21929132 -0.51538945 1.52766644 -0.08978490 0.21086266 -0.85165665 1.20528282 0.41639472 -0.57318515 -2.18012774 -0.09034177 1.15331362 -1.06369565 1.57946608 -0.61030929 0.17828071 0.89034202 0.99950035 -0.47114045 0.24594083 0.80784382 0.87220803 1.10194293 0.18858255 0.18549119 0.75948600 1.78591912 0.54838141 -2.24674583 0.01306831 0.06212860 1.04425480 0.57995938 -1.16212203 -0.20288442
0.00000000 0.02058646 -0.14058799 0.49002746 -0.64411569 1.65391306 1.14706682 -0.69690920 -0.46755729 0.58097260 -0.57064786 0.08114417 -1.09145326 0.00490407 0.25418970 -0.03094169 0.70356124 1.66928314 0.37224757 -1.43597161 1.34602226 -0.97580925 -1.41097607 -1.15832963 0.12765067 -0.05147384 0.05631950 -1.79805335 -0.19708034 -1.17436399 -0.17612251 -0.22396856 -1.03858807 0.75661091 0.23083619 1.17224023 -0.10809976 0.18525604 0.94977028 1.32828500
0.00000000 0.00000000 0.09311237 -0.00833915 -0.13985325 -0.30438767 -0.88740803 2.37452060 -0.87170913 -1.70974013 -1.46692709 0.36938509 -0.72560747 0.42322064 0.63119094 0.32994124 0.29501365 -1.04144429 -0.58185409 -0.74692138 0.12451381 0.28203906 -1.31266968 -0.69166272 -0.39654270 -0.26772272 0.40279446 0.66218486 1.13679789 -1.25756234 0.11274152 -1.56675245 -0.78277696 0.16021191 -0.34018046 -1.41902995 -0.82696249 0.05975369 0.77915693 -0.75135464
0.00000000 0.00000000 0.00000000 -0.65815531 0.27244825 -0.32680152 -0.68838372 0.37891278 1.14191651 0.47333525 -0.17107245 -2.67691239 -1.62654518 0.56363143 0.14237724 -0.43898136 0.11657748 0.55988865 1.40391534 1.38979420 -0.03590791 0.36214559 -0.93576069 0.75646383 0.26326984 -1.38313690 -0.38160143 -0.66613295 -0.25271596 -0.45062496 -1.22141867 1.32609517 -1.07870250 -0.17316068 0.96695188 -0.34802124 0.38852877 0.43950171 -1.44348215 0.60469446
0.00000000 0.00000000 0.00000000 0.00000000 0.92575711 -0.03454523 1.31013186 -1.22135373 1.48814899 0.34456061 0.94960018 -0.18430539 1.87845877 0.00943489 -1.11224424 -0.63064047 0.39948682 0.86139980 1.38984340 0.16483889 -0.48181652 -1.78799215 1.05968848 1.70200005 0.45883272 -0.34893415 0.01425734 -0.90388855 -0.15148425 -0.26038037 -0.16125801 -0.35991534 -0.86233353 -0.32289400 -1.86402523 -0.02147963 0.38340644 -1.00273295 -0.46397893 0.64966072
0.00000000 0.00000000 0.00000000 0.00000000 0.00000000 0.94196534 -1.14122644 1.22992918 -0.90172052 2.04137107 -0.43893725 -0.47430330 0.96697523 0.74993914 0.98868604 -0.92857523 -0.27175698 0.11707491 0.18867970 -1.77095898 -0.54742742 1.42640711 -1.51145323 -0.54940124 1.35014559 -0.29900230 -0.09595271 -0.50648911 0.61092930 -0.05935932 -0.07432097 0.46512861 -1.22253808 1.38682181 -0.08670933 0.00408377 0.37504182 0.76120401 -0.09156334 1.99870866
0.00000000 0.00000000 0.00000000 0.00000000 0.00000000 0.00000000 -0.26917750 -0.72714190 -1.34502292 -0.20181926 0.78514985 -1.58709684 -0.08643391 0.52210530 1.52893638 0.66015609 -1.18762788 -0.95963847 -0.04512637 0.67248265 0.20595983 1.23754048 1.13256994 0.11389642 1.29507317 0.04449833 -0.68626086 0.65159939 -1.65250230 2.91219339 -0.29107907 0.69144319 -0.32822179 -0.02450579 -0.63754552 0.83357141 -0.09543213 -1.65998533 -0.08195001 -0.69014194
0.00000000 0.00000000 0.00000000 0.00000000 0.00000000 0.00000000 0.00000000 -0.47063676 0.13962870 -0.32298184 1.08241925 -0.03736315 -0.22119499 1.11752387 -0.87454703 1.25989701 1.02803179 1.14964521 -0.04278677 -1.55810443 -1.00323946 -0.38725490 1.07040947 0.12042654 -0.91757769 0.28645111 -0.24152303 0.94044368 -0.19740057 0.36286850 0.66888114 -0.01748610 -1.33643613 -0.62960497 1.05624889 -0.82712080 1.18885864 -0.34149660 0.98174268 -0.12219247
0.00000000 0.00000000 0.00000000 0.00000000 0.00000000 0.00000000 0.00000000 0.00000000 -0.58605421 0.05139162 -0.08195224 -0.18870339 -1.74017074 1.04156309 -0.48460654 0.59753586 -1.64869999 -2.43924465 0.55782706 -0.80077629 0.28889728 -0.24192572 1.71134367 -0.66218950 0.50967544 0.74213249 1.72381633 -0.02427973 -1.15074631 -2.32769918 1.80655929 -0.05346772 1.34805885 0.48286707 -0.94760000 1.56808682 -0.54248691 0.56522562 -0.62038546 0.10633310
0.00000000 0.00000000 0.00000000 0.00000000 0.00000000 0.00000000 0.00000000 0.00000000 0.00000000 0.07487741 0.29828386 -0.46902386 1.06630189 0.50364801 -0.06537012 -1.91636052 -0.97583730 -1.39982846 0.36639246 0.00646666 -0.91816702 -1.68195398 -1.21519489 -1.66752266 1.77752471 1.29268687 1.01433589 -1.17489508 3.43271537 -1.42862574 -0.94928594 -1.04246847 0.48170955 -1.96131184 -0.25621134 -0.30975446 -1.43108824 0.64492455 -0.12818596 0.33887920
0.00000000 0.00000000 0.00000000 0.00000000 0.00000000 0.00000000 0.00000000 0.00000000 0.00000000 0.00000000 3.00597187 -2.49254370 0.14063531 -0.72706333 1.30283389 -1.75268795 -1.42067345 -0.51644311 -1.76605831 -0.00855213 1.67357172 -1.99709052 -0.03386870 0.33321830 1.56367437 0.91911686 -1.49517309 0.86510221 0.45594310 0.56464004 -1.52380288 -1.73465068 0.62933597 0.14572142 -0.35118401 -0.40399936 -2.63693250 1.18476483 -1.92763341 0.79726403
0.00000000 0.00000000 0.00000000 0.00000000 0.00000000 0.00000000 0.00000000 0.00000000 0.00000000 0.00000000 0.00000000 -1.05882208 2.07867251 -2.90451491 0.07228944 1.17362589 0.72733899 -0.13665288 -1.49029144 0.80371156 2.15502373 -0.10815537 -0.38851004 -0.83843194 0.91591372 -0.32661770 1.16206318 -1.03014445 0.84431305 -0.55886742 1.10272382 0.07604821 -0.59893030 -1.57879358 0.92387465 -0.49366047 0.10987472 0.97683422 0.12125799 0.85835796
0.00000000 0.00000000 0.00000000 0.00000000 0.00000000 0.00000000 0.00000000 0.00000000 0.00000000 0.00000000 0.00000000 0.00000000 0.38394810 0.69693698 0.53406784 0.33620752 0.43302496 2.03769474 1.39822740 -0.18619308 -1.27960314 -1.73275176 -1.25765561 -1.05979655 0.14847335 0.92332155 1.10057692 0.33880984 -0.66188333 0.01810132 -0.17080306 0.09199082 0.29010206 1.34582146 -1.20017256 -0.24297285 -1.01808920 0.41581024 -1.74699753 1.53660309
0.00000000 0.00000000 0.00000000 0.00000000 0.00000000 0.00000000 0.00000000 0.00000000 0.00000000 0.00000000 0.00000000 0.00000000 0.00000000 -1.30334244 -0.99960948 0.92127370 -0.54444664 -0.45752920 1.20093897 -0.16037859 0.39855406 0.05233663 2.85310975 1.41609538 -0.28871837 0.44950927 2.36219687 0.20414014 -0.51725393 0.72759438 -1.51929925 -0.95231990 -0.10844554 0.97781580 -0.85947015 -0.49264282 -0.93417452 1.11940519 0.06217070 1.21578442
0.00000000 0.00000000 0.00000000 0.00000000 0.00000000 0.00000000 0.00000000 0.00000000 0.00000000 0.00000000 0.00000000 0.00000000 0.00000000 0.00000000 -0.38597592 -0.08307467 0.14224183 -1.25150499 -1.26073957 -0.85015024 0.46593266 -0.47711126 0.74847792 -0.89136254 -1.11026233 0.87386558 -0.07706627 0.61528555 0.48026141 2.15141428 0.94176369 1.58321695 0.68997125 -1.29459955 0.20013875 -1.35649987 -0.46304113 0.52454144 -0.21873877 0.53365002
0.00000000 0.00000000 0.00000000 0.00000000 0.00000000 0.00000000 0.00000000 0.00000000 0.00000000 0.00000000 0.00000000 0.00000000 0.00000000 0.00000000 0.00000000 -1.00340310 -1.28853280 0.45256103 -0.76423260 0.95670232 0.52948045 -0.62318092 -0.91125005 -1.14190669 0.70369904 -0.21139771 -0.91192001 -0.56371106 -1.85163079 -0.07737535 -0.99274838 0.92886409 1.79383857 -1.30109880 -0.44406708 0.20997885 -1.02727209 0.25956262 2.01250453 1.53878231
0.00000000 0.00000000 0.00000000 0.00000000 0.00000000 0.00000000 0.00000000 0.00000000 0.00000000 0.00000000 0.00000000 0.00000000 0.00000000 0.00000000 0.00000000 0.00000000 -0.18738764 1.78342183 -1.13085403 -0.39024536 0.10083127 -0.72069315 0.49662302 -1.64374335 0.47638664 0.29635677 -1.04852072 1.60988230 0.55370156 0.05298235 -0.42162498 -0.97352996 1.04740384 -0.61873846 -0.09667023 0.56605114 -0.18200318 -1.65326436 0.51268716 0.65123647
0.00000000 0.00000000 0.00000000 0.00000000 0.00000000 0.00000000 0.00000000 0.00000000 0.00000000 0.00000000 0.00000000 0.00000000 0.00000000 0.00000000 0.00000000 0.00000000 0.00000000 0.27079223 -1.37142619 0.87015572 -1.45381479 -0.91892264 2.49052111 0.19060876 -0.24466843 -1.23908743 0.77201285 -0.85704066 -0.94600516 0.65500753 -1.00474391 -0.00276792 -1.22193093 -0.78288432 -0.21431567 0.76339946 -1.00793202 -1.10200861 1.31793122 -0.30963493
0.00000000 0.00000000 0.00000000 0.00000000 0.00000000 0.00000000 0.00000000 0.00000000 0.00000000 0.00000000 0.00000000 0.00000000 0.00000000 0.00000000 0.00000000 0.00000000 0.00000000 0.00000000 1.81151240 1.11019773 1.47372166 -1.27900142 0.00876912 0.74248908 1.23820150 -0.36978927 0.74915851 0.54136932 -0.55522365 -1.39624120 -1.89276162 1.58084121 0.34672486 -0.95381546 0.49186713 0.67947804 -0.36666040 0.06736608 -0.20825825 -0.09760322
0.00000000 0.00000000 0.00000000 0.00000000 0.00000000 0.00000000 0.00000000 0.00000000 0.00000000 0.00000000 0.00000000 0.00000000 0.00000000 0.00000000 0.00000000 0.00000000 0.00000000 0.00000000 0.00000000 0.15267664 -0.79815147 -2.15124890 -1.47464880 0.00334578 -1.90408833 -0.28387795 -1.24551871 -1.79730984 1.96224394 -0.17911880 -0.51799535 1.06105542 0.13500059 0.64046446 -0.60389190 0.62472454 1.82715894 0.75182142 -0.95966323 0.74930902
0.00000000 0.00000000 0.00000000 0.00000000 0.00000000 0.00000000 0.00000000 0.00000000 0.00000000 0.00000000 0.00000000 0.00000000 0.00000000 0.00000000 0.00000000 0.00000000 0.00000000 0.00000000 0.00000000 0.00000000 0.11719583 0.26684828 1.44802246 -0.14260070 0.46049966 0.02870582 -1.70092355 0.56548393 -0.89876320 0.14151101 0.75476894 1.39396106 2.26862917 0.68150151 -0.26953224 -1.41907904 -1.08682389 -0.90979350 -2.52481047 0.67999532
0.00000000 0.00000000 0.00000000 0.00000000 0.00000000 0.00000000 0.00000000 0.00000000 0.00000000 0.00000000 0.00000000 0.00000000 0.00000000 0.00000000 0.00000000 0.00000000 0.00000000 0.00000000 0.00000000 0.00000000 0.00000000 0.78375435 -1.53259553 0.05699052 -0.97774485 1.63613858 0.18176756 -1.39749916 -1.36784639 -2.20553384 -0.93473118 1.66491160 -0.77325299 -0.26316247 -0.50421723 0.28711954 -1.78849270 -0.66046046 1.48577116 -0.02211848
0.00000000 0.00000000 0.00000000 0.00000000 0.00000000 0.00000000 0.00000000 0.00000000 0.00000000 0.00000000 0.00000000 0.00000000 0.00000000 0.00000000 0.00000000 0.00000000 0.00000000 0.00000000 0.00000000 0.00000000 0.00000000 0.00000000 -0.35895636 0.14295495 -0.04848902 0.53331453 0.86818856 0.93642689 1.24088246 -0.55080973 0.14778102 -1.92616111 -0.20065391 1.13004456 -0.14809607 0.86812647 1.32081529 -1.81150654 0.38733264 0.37478193
0.00000000 0.00000000 0.00000000 0.00000000 0.00000000 0.00000000 0.00000000 0.00000000 0.00000000 0.00000000 0.00000000 0.00000000 0.00000000 0.00000000 0.00000000 0.00000000 0.00000000 0.00000000 0.00000000 0.00000000 0.00000000 0.00000000 0.00000000 1.02973489 -0.13033771 -0.28633901 -0.17016224 1.13761018 0.23630870 0.28113428 0.18916340 0.42131733 1.71401274 1.75515562 -1.41751619 -1.47495381 -0.88719325 1.70176534 0.46245001 -0.72142295
0.00000000 0.00000000 0.00000000 0.00000000 0.00000000 0.00000000 0.00000000 0.00000000 0.00000000 0.00000000 0.00000000 0.00000000 0.00000000 0.00000000 0.00000000 0.00000000 0.00000000 0.00000000 0.00000000 0.00000000 0.00000000 0.00000000 0.00000000 0.00000000 2.74138588 -0.16448488 0.19596729 -0.02896416 -1.72316969 -0.01698249 -0.95222417 0.21164350 0.98873639 1.72135766 -1.17287166 -1.68317404 1.00632702 -0.33719023 0.46267641 2.45797728
0.00000000 0.00000000 0.00000000 0.00000000 0.00000000 0.00000000 0.00000000 0.00000000 0.00000000 0.00000000 0.00000000 0.00000000 0.00000000 0.00000000 0.00000000 0.00000000 0.00000000 0.00000000 0.00000000 0.00000000 0.00000000 0.00000000 0.00000000 0.00000000 0.00000000 -1.76382063 -0.12306466 0.26545822 0.70242534 -0.99917441 -0.46539977 -0.19837036 -0.42910936 -0.03777903 0.72184692 0.27878566 -0.63231469 0.50683431 -0.97951575 -0.44059837
0.00000000 0.00000000 0.00000000 0.00000000 0.00000000 0.00000000 0.00000000 0.00000000 0.00000000 0.00000000 0.00000000 0.00000000 0.00000000 0.00000000 0.00000000 0.00000000 0.00000000 0.00000000 0.00000000 0.00000000 0.00000000 0.00000000 0.00000000 0.00000000 0.00000000 0.00000000 1.45687104 0.09677880 -0.39612025 1.38844431 -0.27677433 1.17929797 -1.51132217 0.30205136 -0.02441222 0.51396252 0.58469407 0.08254966 -1.89634101 -0.49549091
0.00000000 0.00000000 0.00000000 0.00000000 0.00000000 0.00000000 0.00000000 0.00000000 0.00000000 0.00000000 0.00000000 0.00000000 0.00000000 0.00000000 0.00000000 0.00000000 0.00000000 0.00000000 0.00000000 0.00000000 0.00000000 0.00000000 0.00000000 0.00000000 0.00000000 0.00000000 0.00000000 2.53467653 -0.20121044 -0.46652635 1.67331400 -1.93031046 -1.11283642 0.15405418 2.16021009 0.48021510 -0.39165606 1.31704688 1.15948181 -0.20461404
0.00000000 0.00000000 0.00000000 0.00000000 0.00000000 0.00000000 0.00000000 0.00000000 0.00000000 0.00000000 0.00000000 0.00000000 0.00000000 0.00000000 0.00000000 0.00000000 0.00000000 0.00000000 0.00000000 0.00000000 0.00000000 0.00000000 0.00000000 0.00000000 0.00000000 0.00000000 0.00000000 0.00000000 1.23892525 0.74628599 1.37798151 0.32465292 0.00302785 0.42534433 -1.72649380 -0.51410024 -2.17390552 0.36586731 0.47191466 0.91480359
0.00000000 0.00000000 0.00000000 0.00000000 0.00000000 0.00000000 0.00000000 0.00000000 0.00000000 0.00000000 0.00000000 0.00000000 0.00000000 0.00000000 0.00000000 0.00000000 0.00000000 0.00000000 0.00000000 0.00000000 0.00000000 0.00000000 0.00000000 0.00000000 0.00000000 0.00000000 0.00000000 0.00000000 0.00000000 0.44248701 -0.85544108 1.91625725 0.86449843 0.09807765 1.65357795 0.72640120 0.14380297 -0.50481103 -0.54619145 -1.03856601
0.00000000 0.00000000 0.00000000 0.00000000 0.00000000 0.00000000 0.00000000 0.00000000 0.00000000 0.00000000 0.00000000 0.00000000 0.00000000 0.00000000 0.00000000 0.00000000 0.00000000 0.00000000 0.00000000 0.00000000 0.00000000 0.00000000 0.00000000 0.00000000 0.00000000 0.00000000 0.00000000 0.00000000 0.00000000 0.00000000 -0.10144160 -0.22909436 -0.28473901 1.23515082 -1.20985392 0.56515584 1.16546350 0.20160248 -0.32397470 0.31547093
0.00000000 0.00000000 0.00000000 0.00000000 0.00000000 0.00000000 0.00000000 0.00000000 0.00000000 0.00000000 0.00000000 0.00000000 0.00000000 0.00000000 0.00000000 0.00000000 0.00000000 0.00000000 0.00000000 0.00000000 0.00000000 0.00000000 0.00000000 0.00000000 0.00000000 0.00000000 0.00000000 0.00000000 0.00000000 0.00000000 0.00000000 0.63183406 -1.01450272 -2.86566255 1.45515082 0.32246630 -0.37403611 0.67805982 0.33802329 -1.86946202
0.00000000 0.00000000 0.00000000 0.00000000 0.00000000 0.00000000 0.00000000 0.00000000 0.00000000 0.00000000 0.00000000 0.00000000 0.00000000 0.00000000 0.00000000 0.00000000 0.00000000 0.00000000 0.00000000 0.00000000 0.00000000 0.00000000 0.00000000 0.00000000 0.00000000 0.00000000 0.00000000 0.00000000 0.00000000 0.00000000 0.00000000 0.00000000 -1.55543423 1.08577519 -0.61366262 0.66504668 1.29393543 -1.43123149 -1.14725663 0.41270512
0.00000000 0.00000000 0.00000000 0.00000000 0.00000000 0.00000000 0.00000000 0.00000000 0.00000000 0.00000000 0.00000000 0.00000000 0.00000000 0.00000000 0.00000000 0.00000000 0.00000000 0.00000000 0.00000000 0.00000000 0.00000000 0.00000000 0.00000000 0.00000000 0.00000000 0.00000000 0.00000000 0.00000000 0.00000000 0.00000000 0.00000000 0.00000000 0.00000000 -0.22479456 -0.14426537 -0.42522051 0.24566122 0.98198751 -0.47503713 2.13058644
0.00000000 0.00000000 0.00000000 0.00000000 0.00000000 0.00000000 0.00000000 0.00000000 0.00000000 0.00000000 0.00000000 0.00000000 0.00000000 0.00000000 0.00000000 0.00000000 0.00000000 0.00000000 0.00000000 0.00000000 0.00000000 0.00000000 0.00000000 0.00000000 0.00000000 0.00000000 0.00000000 0.00000000 0.00000000 0.00000000 0.00000000 0.00000000 0.00000000 0.00000000 1.93365799 1.16555171 1.34152547 0.60142642 -0.29603129 -0.60059768
0.00000000 0.00000000 0.00000000 0.00000000 0.00000000 0.00000000 0.00000000 0.00000000 0.00000000 0.00000000 0.00000000 0.00000000 0.00000000 0.00000000 0.00000000 0.00000000 0.00000000 0.00000000 0.00000000 0.00000000 0.00000000 0.00000000 0.00000000 0.00000000 0.00000000 0.00000000 0.00000000 0.00000000 0.00000000 0.00000000 0.00000000 0.00000000 0.00000000 0.00000000 0.00000000 -0.10104029 1.73023451 -1.98836934 -0.49773147 0.51396898
0.00000000 0.00000000 0.00000000 0.00000000 0.00000000 0.00000000 0.00000000 0.00000000 0.00000000 0.00000000 0.00000000 0.00000000 0.00000000 0.00000000 0.00000000 0.00000000 0.00000000 0.00000000 0.00000000 0.00000000 0.00000000 0.00000000 0.00000000 0.00000000 0.00000000 0.00000000 0.00000000 0.00000000 0.00000000 0.00000000 0.00000000 0.00000000 0.00000000 0.00000000 0.00000000 0.00000000 0.22124419 -0.14080645 -0.79611646 0.15765922
0.00000000 0.00000000 0.00000000 0.00000000 0.00000000 0.00000000 0.00000000 0.00000000 0.00000000 0.00000000 0.00000000 0.00000000 0.00000000 0.00000000 0.00000000 0.00000000 0.00000000 0.00000000 0.00000000 0.00000000 0.00000000 0.00000000 0.00000000 0.00000000 0.00000000 0.00000000 0.00000000 0.00000000 0.00000000 0.00000000 0.00000000 0.00000000 0.00000000 0.00000000 0.00000000 0.00000000 0.00000000 -1.60159445 -0.81537432 0.26610835
0.00000000 0.00000000 0.00000000 0.00000000 0.00000000 0.00000000 0.00000000 0.00000000 0.00000000 0.00000000 0.00000000 0.00000000 0.00000000 0.00000000 0.00000000 0.00000000 0.00000000 0.00000000 0.00000000 0.00000000 0.00000000 0.00000000 0.00000000 0.00000000 0.00000000 0.00000000 0.00000000 0.00000000 0.00000000 0.00000000 0.00000000 0.00000000 0.00000000 0.00000000 0.00000000 0.00000000 0.00000000 0.00000000 2.95158098 -0.45887439
0.00000000 0.00000000 0.00000000 0.00000000 0.00000000 0.00000000 0.00000000 0.00000000 0.00000000 0.00000000 0.00000000 0.00000000 0.00000000 0.00000000 0.00000000 0.00000000 0.00000000 0.00000000 0.00000000 0.00000000 0.00000000 0.00000000 0.00000000 0.00000000 0.00000000 0.00000000 0.00000000 0.00000000 0.00000000 0.00000000 0.00000000 0.00000000 0.00000000 0.00000000 0.00000000 0.00000000 0.00000000 0.00000000 0.00000000 2.14764224
