0.9172
0.8914
0.8897
0.9157
0.9581
0.9883
0.9646
0.8645
0.7133
0.5594
0.4313
0.3345
0.2654
0.2155
0.1800
0.1540
0.1352
0.1212
0.1110
0.1035
0.0982
0.0945
0.0924
0.0915
0.0917
0.0929
0.0952
0.0985
0.1029
0.1083
0.1150
0.1228
0.1321
0.1428
0.1551
0.1694
0.1854
0.2035
0.2238
0.2462
0.2709
0.2979
0.3273
0.3587
0.3920
0.4270
0.4637
0.5020
0.5410
0.5811
0.6224
0.6636
0.7050
0.7463
0.7866
0.8253
0.8623
0.8959
0.9263
0.9516
0.9720
0.9864
0.9949
0.9974
0.9944
0.9862
0.9740
0.9585
0.9405
0.9213
0.9012
0.8814
0.8623
0.8443
0.8280
0.8135
0.8008
0.7904
0.7821
0.7762
0.7724
0.7709
0.7714
0.7742
0.7788
0.7855
0.7940
0.8042
0.8159
0.8290
0.8432
0.8584
0.8742
0.8902
0.9064
0.9221
0.9372
0.9512
0.9639
0.9750
0.9842
0.9913
0.9961
0.9988
0.9993
0.9978
0.9943
0.9892
0.9826
0.9749
0.9662
0.9569
0.9472
0.9374
0.9277
0.9182
0.9090
0.9004
0.8923
0.8850
0.8784
0.8726
0.8676
0.8634
0.8600
0.8574
0.8555
0.8542
0.8535
0.8534
0.8538
0.8546
0.8558
0.8572
0.8588
0.8605
0.8622
0.8639
0.8654
0.8667
0.8678
0.8685
0.8689
0.8688
0.8683
0.8675
0.8662
0.8644
0.8622
0.8596
0.8568
0.8537
0.8502
0.8466
0.8428
0.8389
0.8350
0.8312
0.8273
0.8236
0.8201
0.8171
0.8141
0.8114
0.8092
0.8072
0.8057
0.8046
0.8040
0.8038
0.8042
0.8050
0.8062
0.8080
0.8101
0.8128
0.8160
0.8197
0.8236
0.8281
0.8329
0.8380
0.8436
0.8494
0.8555
0.8618
0.8682
0.8749
0.8817
0.8885
0.8953
0.9020
0.9087
0.9151
0.9214
0.9275
0.9332
0.9387
0.9437
0.9483
0.9525
0.9562
0.9595
0.9622
0.9643
0.9660
0.9672
0.9679
0.9681
0.9678
0.9670
0.9659
0.9644
0.9624
0.9603
0.9578
0.9551
0.9522
0.9492
0.9460
0.9428
0.9395
0.9363
0.9330
0.9299
0.9268
0.9239
0.9212
0.9185
0.9161
0.9139
0.9120
0.9102
0.9088
0.9076
0.9066
0.9060
0.9056
0.9055
0.9057
0.9062
0.9069
0.9079
0.9092
0.9108
0.9126
0.9146
0.9168
0.9193
0.9219
0.9247
0.9277
0.9308
0.9341
0.9374
0.9408
0.9443
0.9478
0.9513
0.9548
0.9582
0.9616
0.9649
0.9681
0.9711
0.9740
0.9767
0.9792
0.9814
0.9834
0.9852
0.9866
0.9878
0.9887
0.9893
0.9895
0.9894
0.9891
0.9883
0.9873
0.9859
0.9843
0.9823
0.9800
0.9775
0.9748
0.9716
0.9684
0.9650
0.9612
0.9574
0.9533
0.9492
0.9450
0.9405
0.9361
0.9317
0.9270
0.9226
0.9180
0.9134
0.9090
0.9046
0.9001
0.8959
0.8917
0.8875
0.8836
0.8798
0.8760
0.8725
0.8692
0.8660
0.8628
0.8600
0.8574
0.8548
0.8526
0.8505
0.8485
0.8469
0.8454
0.8440
0.8430
0.8422
0.8416
0.8411
0.8408
0.8408
0.8410
0.8414
0.8420
0.8428
0.8438
0.8450
0.8464
0.8479
0.8497
0.8516
0.8537
0.8560
0.8585
0.8611
0.8639
0.8668
0.8699
0.8731
0.8764
0.8798
0.8834
0.8870
0.8908
0.8946
0.8986
0.9026
0.9066
0.9107
0.9149
0.9191
0.9232
0.9274
0.9316
0.9357
0.9399
0.9439
0.9480
0.9519
0.9558
0.9596
0.9633
0.9669
0.9703
0.9736
0.9768
0.9798
0.9826
0.9852
0.9877
0.9900
0.9920
0.9938
0.9954
0.9967
0.9978
0.9987
0.9993
0.9997
0.9998
0.9996
0.9992
0.9985
0.9975
0.9963
0.9948
0.9930
0.9910
0.9887
0.9861
0.9832
0.9802
0.9769
0.9733
0.9694
0.9654
0.9611
0.9567
0.9521
0.9469
0.9419
0.9366
0.9312
0.9253
0.9195
0.9135
0.9074
0.9011
0.8944
0.8878
0.8811
0.8743
0.8674
0.8600
0.8529
0.8457
0.8383
0.8305
0.8230
0.8154
0.8078
0.8001
0.7920
0.7840
0.7762
0.7683
0.7603
0.7519
0.7439
0.7358
0.7276
0.7195
0.7111
0.7030
0.6947
0.6866
0.6784
0.6699
0.6617
0.6536
0.6455
0.6374
0.6288
0.6208
0.6127
0.6047
0.5966
0.5883
0.5804
0.5725
0.5646
0.5568
0.5487
0.5410
0.5332
0.5256
0.5180
0.5105
0.5027
0.4953
0.4880
0.4807
0.4735
0.4661
0.4590
0.4521
0.4451
0.4383
0.4312
0.4246
0.4179
0.4114
0.4049
0.3986
0.3921
0.3859
0.3797
0.3737
0.3677
0.3617
0.3559
0.3502
0.3446
0.3391
0.3336
0.3281
0.3228
0.3177
0.3126
0.3076
0.3026
0.2976
0.2929
0.2882
0.2836
0.2791
0.2747
0.2702
0.2659
0.2618
0.2577
0.2536
0.2495
0.2457
0.2419
0.2381
0.2345
0.2309
0.2273
0.2238
0.2204
0.2171
0.2139
0.2107
0.2075
0.2044
0.2014
0.1985
0.1957
0.1929
0.1901
0.1873
0.1847
0.1821
0.1796
0.1771
0.1747
0.1722
0.1699
0.1676
0.1654
0.1632
0.1611
0.1589
0.1569
0.1549
0.1529
0.1510
0.1491
0.1472
0.1454
0.1437
0.1419
0.1402
0.1386
0.1370
0.1353
0.1338
0.1323
0.1308
0.1293
0.1279
0.1265
0.1251
0.1238
0.1225
0.1212
0.1200
0.1188
0.1175
0.1163
0.1152
0.1141
0.1130
0.1119
0.1108
0.1098
0.1088
0.1078
0.1068
0.1059
0.1050
0.1040
0.1032
0.1023
0.1015
0.1006
0.0998
0.0991
0.0982
0.0975
0.0968
0.0960
0.0953
0.0946
0.0940
0.0933
0.0926
0.0920
0.0914
0.0908
0.0902
0.0896
0.0890
0.0885
0.0880
0.0874
0.0869
0.0864
0.0859
0.0854
0.0850
0.0845
0.0841
0.0837
0.0832
0.0828
0.0824
0.0820
0.0816
0.0813
0.0809
0.0806
0.0802
0.0799
0.0795
0.0792
0.0789
0.0787
0.0784
0.0781
0.0778
0.0775
0.0773
0.0770
0.0768
0.0766
0.0764
0.0762
0.0759
0.0757
0.0755
0.0754
0.0752
0.0750
0.0749
0.0747
0.0745
0.0744
0.0743
0.0741
0.0740
0.0739
0.0738
0.0737
0.0736
0.0735
0.0734
0.0734
0.0733
0.0732
0.0731
0.0731
0.0731
0.0730
0.0730
0.0730
0.0730
0.0729
0.0729
0.0729
0.0729
0.0729
0.0730
0.0730
0.0730
0.0730
0.0730
0.0731
0.0731
0.0732
0.0733
0.0734
0.0734
0.0735
0.0736
0.0736
0.0737
0.0738
0.0740
0.0741
0.0742
0.0743
0.0744
0.0746
0.0747
0.0749
0.0750
0.0752
0.0753
0.0755
0.0756
0.0758
0.0760
0.0762
0.0764
0.0766
0.0768
0.0770
0.0772
0.0775
0.0777
0.0780
0.0782
0.0785
0.0787
0.0789
0.0792
0.0795
0.0798
0.0801
0.0804
0.0807
0.0810
0.0813
0.0816
0.0819
0.0822
0.0826
0.0829
0.0833
0.0836
0.0840
0.0844
0.0847
0.0852
0.0855
0.0859
0.0864
0.0868
0.0872
0.0876
0.0880
0.0885
0.0889
0.0894
0.0898
0.0903
0.0908
0.0913
0.0918
0.0923
0.0928
0.0934
0.0939
0.0944
0.0950
0.0955
0.0961
0.0966
0.0973
0.0979
0.0985
0.0991
0.0997
0.1003
0.1009
0.1016
0.1022
0.1029
0.1036
0.1043
0.1050
0.1057
0.1064
0.1072
0.1079
0.1087
0.1094
0.1102
0.1110
0.1118
0.1126
0.1134
0.1142
0.1151
0.1159
0.1168
0.1177
0.1186
0.1195
0.1204
0.1214
0.1223
0.1233
0.1242
0.1252
0.1262
0.1272
0.1283
0.1293
0.1304
0.1315
0.1326
0.1337
0.1348
0.1360
0.1371
0.1383
0.1395
0.1407
0.1419
0.1431
0.1444
0.1457
0.1470
0.1482
0.1496
0.1510
0.1524
0.1538
0.1552
0.1566
0.1580
0.1595
0.1610
0.1625
0.1640
0.1656
0.1671
0.1687
0.1703
0.1721
0.1737
0.1754
0.1771
0.1788
0.1806
0.1824
0.1842
0.1860
0.1879
0.1898
0.1917
0.1936
0.1956
0.1976
0.1996
0.2016
0.2038
0.2059
0.2080
0.2102
0.2124
0.2146
0.2169
0.2192
0.2215
0.2238
0.2262
0.2286
0.2311
0.2335
0.2361
0.2386
0.2412
0.2439
0.2466
0.2493
0.2520
0.2548
0.2576
0.2604
0.2633
0.2662
0.2691
0.2721
0.2752
0.2782
0.2813
0.2845
0.2877
0.2909
0.2942
0.2977
0.3010
0.3045
0.3079
0.3114
0.3149
0.3185
0.3221
0.3258
0.3295
0.3333
0.3371
0.3410
0.3448
0.3488
0.3528
0.3568
0.3609
0.3651
0.3694
0.3737
0.3780
0.3823
0.3867
0.3911
0.3956
0.4001
0.4047
0.4093
0.4140
0.4187
0.4234
0.4282
0.4331
0.4380
0.4430
0.4480
0.4531
0.4581
0.4635
0.4687
0.4740
0.4792
0.4846
0.4899
0.4954
0.5009
0.5064
0.5119
0.5175
0.5231
0.5288
0.5345
0.5402
0.5460
0.5518
0.5577
0.5635
0.5694
0.5754
0.5813
0.5876
0.5936
0.5997
0.6058
0.6119
0.6180
0.6241
0.6303
0.6364
0.6426
0.6489
0.6551
0.6613
0.6675
0.6737
0.6799
0.6861
0.6923
0.6985
0.7048
0.7110
0.7172
0.7236
0.7297
0.7359
0.7420
0.7480
0.7541
0.7602
0.7662
0.7722
0.7781
0.7840
0.7898
0.7956
0.8014
0.8070
0.8128
0.8184
0.8239
0.8294
0.8348
0.8402
0.8455
0.8507
0.8559
0.8612
0.8662
0.8712
0.8760
0.8808
0.8855
0.8901
0.8946
0.8990
0.9034
0.9077
0.9118
0.9159
0.9199
0.9238
0.9275
0.9312
0.9348
0.9383
0.9417
0.9450
0.9481
0.9512
0.9542
0.9570
0.9599
0.9626
0.9651
0.9676
0.9699
0.9722
0.9743
0.9763
0.9782
0.9801
0.9818
0.9834
0.9849
0.9863
0.9877
0.9889
0.9900
0.9910
0.9919
0.9928
0.9935
0.9942
0.9947
0.9952
0.9956
0.9958
0.9961
0.9962
0.9962
0.9962
0.9960
0.9958
0.9956
0.9952
0.9948
0.9943
0.9937
0.9931
0.9924
0.9916
0.9908
0.9899
0.9889
0.9879
0.9869
0.9857
0.9846
0.9833
0.9821
0.9808
0.9794
0.9780
0.9765
0.9750
0.9735
0.9719
0.9702
0.9686
0.9669
0.9652
0.9635
0.9617
0.9599
0.9580
0.9562
0.9543
0.9524
0.9505
0.9486
0.9466
0.9446
0.9426
0.9406
0.9386
0.9365
0.9345
0.9324
0.9304
0.9283
0.9262
0.9241
0.9220
0.9199
0.9178
0.9157
0.9135
0.9114
0.9092
0.9071
0.9050
0.9028
0.9007
0.8986
0.8965
0.8944
0.8923
0.8902
0.8881
0.8860
0.8839
0.8818
0.8798
0.8777
0.8757
0.8737
0.8716
0.8695
0.8675
0.8655
0.8636
0.8616
0.8596
0.8577
0.8557
0.8538
0.8518
0.8499
0.8480
0.8462
0.8443
0.8424
0.8406
0.8388
0.8370
0.8351
0.8333
0.8316
0.8298
0.8281
0.8264
0.8247
0.8230
0.8213
0.8196
0.8180
0.8164
0.8148
0.8132
0.8116
0.8101
0.8085
0.8070
0.8054
0.8040
0.8025
0.8010
0.7996
0.7982
0.7968
0.7954
0.7940
0.7926
0.7913
0.7899
0.7886
0.7873
0.7860
0.7848
0.7835
0.7823
0.7811
0.7799
0.7787
0.7776
0.7764
0.7753
0.7742
0.7730
0.7720
0.7709
0.7699
0.7689
0.7678
0.7668
0.7659
0.7649
0.7639
0.7630
0.7621
0.7612
0.7603
0.7594
0.7586
0.7577
0.7569
0.7561
0.7553
0.7545
0.7537
0.7530
0.7522
0.7515
0.7508
0.7501
0.7494
0.7488
0.7481
0.7475
0.7469
0.7463
0.7457
0.7451
0.7445
0.7440
0.7435
0.7429
0.7424
0.7419
0.7415
0.7410
0.7405
0.7401
0.7397
0.7393
0.7389
0.7385
0.7381
0.7377
0.7374
0.7371
0.7368
0.7364
0.7362
0.7359
0.7356
0.7354
0.7351
0.7349
0.7346
0.7344
0.7342
0.7341
0.7339
0.7337
0.7336
0.7334
0.7333
0.7332
0.7331
0.7330
0.7329
0.7329
0.7328
0.7328
0.7327
0.7327
0.7327
0.7327
0.7327
0.7327
0.7328
0.7328
0.7329
0.7329
0.7330
0.7331
0.7332
0.7333
0.7334
0.7335
0.7337
0.7338
0.7340
0.7341
0.7343
0.7345
0.7347
0.7349
0.7351
0.7353
0.7355
0.7358
0.7361
0.7363
0.7366
0.7369
0.7372
0.7375
0.7378
0.7381
0.7384
0.7387
0.7391
0.7394
0.7398
0.7401
0.7405
0.7409
0.7413
0.7417
0.7421
0.7425
0.7430
0.7434
0.7438
0.7443
0.7448
0.7452
0.7457
0.7462
0.7466
0.7471
0.7476
0.7482
0.7487
0.7492
0.7497
0.7503
0.7508
0.7514
0.7519
0.7525
0.7531
0.7537
0.7543
0.7549
0.7555
0.7561
0.7567
0.7573
0.7580
0.7586
0.7592
0.7599
0.7605
0.7612
0.7618
0.7625
0.7632
0.7639
0.7646
0.7653
0.7660
0.7667
0.7675
0.7682
0.7689
0.7696
0.7704
0.7711
0.7718
0.7726
0.7734
0.7741
0.7749
0.7757
0.7764
0.7772
0.7780
0.7788
0.7796
0.7804
0.7812
0.7821
0.7829
0.7837
0.7845
0.7854
0.7862
0.7870
0.7879
0.7887
0.7896
0.7904
0.7913
0.7922
0.7930
0.7939
0.7948
0.7956
0.7965
0.7974
0.7983
0.7993
0.8002
0.8011
0.8020
0.8029
0.8038
0.8047
0.8056
0.8065
0.8074
0.8084
0.8093
0.8102
0.8112
0.8121
0.8130
0.8140
0.8149
0.8159
0.8168
0.8178
0.8188
0.8197
0.8207
0.8217
0.8226
0.8236
0.8246
0.8255
0.8265
0.8275
0.8284
0.8294
0.8304
0.8314
0.8323
0.8333
0.8343
0.8353
0.8363
0.8373
0.8383
0.8393
0.8403
0.8413
0.8423
0.8433
0.8443
0.8453
0.8463
0.8473
0.8482
0.8492
0.8502
0.8512
0.8522
0.8532
0.8542
0.8552
0.8562
0.8573
0.8583
0.8593
0.8603
0.8613
0.8623
0.8633
0.8643
0.8653
0.8662
0.8672
0.8683
0.8692
0.8702
0.8712
0.8722
0.8732
0.8742
0.8752
0.8762
0.8771
0.8782
0.8792
0.8802
0.8811
0.8821
0.8831
0.8841
0.8850
0.8860
0.8870
0.8879
0.8889
0.8899
0.8909
0.8918
0.8928
0.8937
0.8947
0.8956
0.8966
0.8976
0.8985
0.8995
0.9004
0.9014
0.9023
0.9032
0.9042
0.9051
0.9060
0.9069
0.9079
0.9088
0.9097
0.9106
0.9115
0.9124
0.9133
0.9142
0.9151
0.9161
0.9169
0.9178
0.9187
0.9196
0.9205
0.9213
0.9222
0.9231
0.9239
0.9248
0.9257
0.9265
0.9273
0.9282
0.9290
0.9299
0.9307
0.9315
0.9323
0.9332
0.9340
0.9348
0.9356
0.9364
0.9372
0.9380
0.9388
0.9396
0.9404
0.9411
0.9419
0.9427
0.9434
0.9442
0.9449
0.9457
0.9464
0.9472
0.9479
0.9486
0.9494
0.9501
0.9508
0.9515
0.9522
0.9529
0.9536
0.9543
0.9550
0.9557
0.9563
0.9570
0.9577
0.9583
0.9590
0.9596
0.9603
0.9609
0.9615
0.9621
0.9628
0.9634
0.9640
0.9646
0.9652
0.9658
0.9664
0.9670
0.9676
0.9681
0.9687
0.9693
0.9698
0.9704
0.9709
0.9715
0.9720
0.9725
0.9730
0.9735
0.9741
0.9746
0.9751
0.9756
0.9761
0.9765
0.9770
0.9775
0.9779
0.9784
0.9789
0.9793
0.9798
0.9802
0.9806
0.9810
0.9815
0.9819
0.9823
0.9827
0.9831
0.9835
0.9839
0.9843
0.9846
0.9850
0.9854
0.9857
0.9861
0.9864
0.9867
0.9871
0.9874
0.9877
0.9880
0.9883
0.9887
0.9890
0.9892
0.9895
0.9898
0.9901
0.9904
0.9906
0.9909
0.9912
0.9914
0.9916
0.9919
0.9921
0.9923
0.9926
0.9928
0.9930
0.9932
0.9934
0.9936
0.9938
0.9940
0.9941
0.9943
0.9945
0.9946
0.9948
0.9949
0.9951
0.9952
0.9954
0.9955
0.9956
0.9957
0.9958
0.9959
0.9961
0.9961
0.9962
0.9963
0.9964
0.9965
0.9966
0.9966
0.9967
0.9968
0.9968
0.9969
0.9969
0.9969
0.9970
0.9970
0.9970
0.9970
0.9970
0.9971
0.9971
0.9971
0.9971
0.9970
0.9970
0.9970
0.9970
0.9970
0.9969
0.9969
0.9968
0.9968
0.9967
0.9967
0.9966
0.9966
0.9965
0.9964
0.9964
0.9963
0.9962
0.9961
0.9960
0.9959
0.9958
0.9957
0.9956
0.9955
0.9954
0.9952
0.9951
0.9950
0.9949
0.9947
0.9946
0.9944
0.9943
0.9941
0.9940
0.9938
0.9937
0.9935
0.9933
0.9931
0.9930
0.9928
0.9926
0.9924
0.9922
0.9920
0.9918
0.9916
0.9914
0.9912
0.9910
0.9908
0.9906
0.9904
0.9901
0.9899
0.9897
0.9894
0.9892
0.9890
0.9887
0.9885
0.9882
0.9880
0.9877
0.9875
0.9872
0.9870
0.9867
0.9864
0.9862
0.9859
0.9856
0.9853
0.9851
0.9848
0.9845
0.9842
0.9839
0.9836
0.9833
0.9830
0.9827
0.9824
0.9821
0.9818
0.9815
0.9812
0.9809
0.9806
0.9803
0.9799
0.9796
0.9793
0.9790
0.9787
0.9783
0.9780
0.9777
0.9773
0.9770
0.9767
0.9763
0.9760
0.9756
0.9753
0.9750
0.9746
0.9743
0.9739
0.9736
0.9732
0.9728
0.9725
0.9721
0.9718
0.9714
0.9711
0.9707
0.9703
0.9700
0.9696
0.9692
0.9689
0.9685
0.9681
0.9677
0.9674
0.9670
0.9666
0.9662
0.9659
0.9655
0.9651
0.9647
0.9643
0.9639
0.9636
0.9632
0.9628
0.9624
0.9620
0.9617
0.9612
0.9609
0.9605
0.9601
0.9597
0.9593
0.9589
0.9585
0.9581
0.9577
0.9573
0.9569
0.9565
0.9561
0.9557
0.9553
0.9549
0.9545
0.9541
0.9537
0.9533
0.9529
0.9525
0.9521
0.9517
0.9513
0.9509
0.9505
0.9501
0.9497
0.9493
0.9489
0.9485
0.9481
0.9477
0.9473
0.9469
0.9465
0.9461
0.9457
0.9453
0.9449
0.9445
0.9441
0.9436
0.9432
0.9428
0.9424
0.9420
0.9416
0.9412
0.9408
0.9404
0.9400
0.9396
0.9392
0.9388
0.9384
0.9380
0.9376
0.9372
0.9368
0.9364
0.9360
0.9356
0.9352
0.9348
0.9344
0.9340
0.9335
0.9331
0.9328
0.9324
0.9320
0.9316
0.9312
0.9308
0.9304
0.9300
0.9296
0.9292
0.9288
0.9284
0.9280
0.9276
0.9272
0.9268
0.9264
0.9260
0.9256
0.9253
0.9249
0.9245
0.9241
0.9237
0.9233
0.9229
0.9225
0.9222
0.9218
0.9214
0.9210
0.9206
0.9203
0.9199
0.9195
0.9191
0.9187
0.9183
0.9180
0.9176
0.9172
0.9168
0.9165
0.9161
0.9157
0.9154
0.9150
0.9146
0.9142
0.9139
0.9135
0.9132
0.9128
0.9124
0.9120
0.9117
0.9113
0.9110
0.9106
0.9102
0.9099
0.9095
0.9092
0.9088
0.9085
0.9081
0.9077
0.9074
0.9071
0.9067
0.9064
0.9060
0.9057
0.9053
0.9050
0.9046
0.9043
0.9039
0.9036
0.9032
0.9029
0.9026
0.9022
0.9019
0.9016
0.9012
0.9009
0.9006
0.9002
0.8999
0.8996
0.8993
0.8989
0.8986
0.8983
0.8979
0.8976
0.8973
0.8970
0.8967
0.8964
0.8960
0.8957
0.8954
0.8951
0.8948
0.8945
0.8941
0.8938
0.8935
0.8932
0.8929
0.8926
0.8923
0.8920
0.8917
0.8914
0.8911
0.8908
0.8905
0.8902
0.8899
0.8896
0.8893
0.8890
0.8888
0.8885
0.8882
0.8879
0.8876
0.8873
0.8870
0.8868
0.8865
0.8862
0.8859
0.8856
0.8854
0.8851
0.8848
0.8846
0.8843
0.8840
0.8837
0.8835
0.8832
0.8829
0.8827
0.8824
0.8822
0.8819
0.8816
0.8814
0.8811
0.8809
0.8806
0.8804
0.8801
0.8799
0.8796
0.8793
0.8791
0.8789
0.8786
0.8784
0.8781
0.8779
0.8776
0.8774
0.8772
0.8769
0.8767
0.8765
0.8762
0.8760
0.8758
0.8755
0.8753
0.8751
0.8749
0.8746
0.8744
0.8742
0.8740
0.8737
0.8735
0.8733
0.8731
0.8729
0.8727
0.8724
0.8722
0.8720
0.8718
0.8716
0.8714
0.8712
0.8710
0.8708
0.8706
0.8704
0.8702
0.8700
0.8698
0.8696
0.8694
0.8692
0.8690
0.8688
0.8686
0.8684
0.8683
0.8681
0.8679
0.8677
0.8675
0.8673
0.8672
0.8670
0.8668
0.8666
0.8664
0.8663
0.8661
0.8659
0.8658
0.8656
0.8654
0.8652
0.8651
0.8649
0.8648
0.8646
0.8644
0.8643
0.8641
0.8640
0.8638
0.8636
0.8635
0.8633
0.8632
0.8630
0.8629
0.8627
0.8626
0.8624
0.8623
0.8621
0.8620
0.8618
0.8617
0.8616
0.8614
0.8613
0.8611
0.8610
0.8609
0.8608
0.8606
0.8605
0.8604
0.8602
0.8601
0.8600
0.8598
0.8597
0.8596
0.8595
0.8594
0.8592
0.8591
0.8590
0.8589
0.8588
0.8587
0.8585
0.8584
0.8583
0.8582
0.8581
0.8580
0.8579
0.8578
0.8577
0.8576
0.8575
0.8574
0.8573
0.8572
0.8571
0.8570
0.8569
0.8568
0.8567
0.8566
0.8565
0.8564
0.8563
0.8562
0.8562
