0.0009
0.0017
0.0026
0.0065
0.0091
0.0163
0.0179
0.0241
0.0270
0.0227
0.0220
0.0277
0.0248
0.0231
0.0215
0.0210
0.0167
0.0208
0.0195
0.0212
0.0202
0.0237
0.0205
0.0194
0.0252
0.0259
0.0363
0.0392
0.0361
0.0458
0.0542
0.0495
0.0576
0.0613
0.0644
0.0786
0.0770
0.0761
0.0971
0.1141
0.1360
0.1404
0.1602
0.1847
0.1640
0.1960
0.2216
0.2480
0.2570
0.2706
0.3286
0.3661
0.3651
0.3884
0.4759
0.5046
0.4776
0.4092
0.3984
0.4468
0.5814
0.5132
0.5315
0.6004
0.6029
0.6150
0.7162
0.6928
0.6279
0.6386
0.6805
0.6112
0.5816
0.5225
0.4607
0.4794
0.5404
0.5630
0.6695
0.5774
0.5413
0.5888
0.4527
0.3522
0.3970
0.5291
0.4931
0.5239
0.5188
0.5682
0.6720
0.7308
0.6949
0.4271
0.4493
0.7448
0.7090
0.4054
0.8217
1.0426
1.0965
1.1502
1.2014
1.1599
1.1793
1.1486
1.1163
1.0907
1.1314
1.1990
1.0130
1.1232
1.1819
1.1222
1.0985
1.1255
1.1475
1.1085
1.0509
1.0848
0.9866
1.1132
1.0917
1.0520
1.0420
1.0708
1.0381
1.0015
1.0105
0.9356
0.7468
0.6785
1.1302
1.0533
0.9749
1.0715
1.1777
1.2045
1.0591
1.0205
1.1714
1.1562
1.2382
1.2557
1.2230
1.2682
1.1354
1.2882
1.3003
1.2933
1.3362
1.3806
1.3162
1.2104
1.2925
1.2771
1.3129
1.3177
1.2835
1.2676
1.2541
1.2932
1.3005
1.3007
1.2577
1.2391
1.2627
1.2048
1.2557
1.2605
1.2125
1.2341
1.3001
1.2524
1.2696
1.3156
1.2756
1.2888
1.3366
1.3180
1.3477
1.3556
1.3696
1.3623
1.3460
1.3516
1.1040
1.2460
1.3590
1.2900
1.4525
1.4067
1.3512
1.4553
1.4305
1.5290
1.4629
1.4966
1.4635
1.4705
1.4717
1.4322
1.4359
1.5061
1.4067
1.5104
1.5731
1.5060
1.4681
1.5381
1.4971
1.5231
1.5609
1.4635
1.4294
1.4667
1.4761
1.1992
1.3671
1.3204
1.4364
1.4418
1.4690
1.3798
1.4790
1.4626
1.4174
1.2359
1.4106
1.4723
1.4117
1.4858
1.4562
1.2983
1.3888
1.4085
1.4676
1.3574
1.4251
1.3904
1.3434
1.2925
1.4083
1.3871
1.4383
1.4085
1.3985
1.4202
1.3834
1.4308
1.4240
1.4270
1.4611
1.4244
1.4576
1.4709
1.4509
1.4205
1.4564
1.3828
1.4125
1.4997
1.4326
1.4916
1.4670
1.4806
1.4039
1.5001
1.4898
1.4562
1.4597
1.4140
1.4950
1.5026
1.4957
1.4622
1.4499
1.4859
1.4390
1.4582
1.4808
1.4852
1.5049
1.5170
1.5101
1.4937
1.4529
1.4799
1.4411
1.2394
1.3125
1.3977
1.3624
1.3760
1.3629
1.3394
1.3737
1.3709
1.3476
1.3409
1.3475
1.3252
1.2990
1.3199
1.3367
1.3282
1.3155
1.3175
1.3076
1.2920
1.2813
1.2699
1.2843
1.2616
1.2191
1.2601
1.2232
1.2045
1.2471
1.2501
1.2482
1.2514
1.2044
1.1942
1.1890
1.1804
1.1785
1.2123
1.1461
1.1870
1.1716
1.1923
1.1494
1.2241
1.2070
1.2237
1.1980
1.2414
1.2525
1.2503
1.2276
1.2318
1.2379
1.2548
1.2535
1.2671
1.2354
1.2345
1.2275
1.1942
1.2058
1.2870
1.2409
1.2859
1.2774
1.2238
1.0793
1.1338
1.2734
1.2837
1.2976
1.2980
1.2931
1.3011
1.3183
1.3475
1.3520
1.3479
1.3578
1.3866
1.3726
1.3748
1.3603
1.3767
1.3789
1.3715
1.3911
1.3819
1.3925
1.3835
1.3882
1.3851
1.3935
1.3800
1.3721
1.3739
1.3434
0.9680
1.1202
1.1269
1.1803
1.2303
1.2642
1.2544
1.2377
1.2599
1.2540
1.3217
1.2971
1.2662
1.2527
1.2321
1.2286
1.2306
1.2570
1.2642
1.2514
1.2395
1.2290
1.2265
1.2268
1.2172
1.2019
1.1801
1.1822
1.1342
1.1374
0.9829
0.9072
0.8072
0.8548
0.9341
1.0582
0.9678
0.8848
0.8621
0.8899
0.8847
0.8401
0.8373
0.8937
0.8392
0.8952
0.9190
0.9395
0.9156
0.8970
0.8859
0.8928
0.8566
0.8672
0.8539
0.8443
0.8517
0.8482
0.8372
0.8252
0.8155
0.8004
0.7876
0.7760
0.7627
0.7555
0.7417
0.7410
0.7285
0.7099
0.6997
0.6941
0.6651
0.1460
0.0833
0.3667
0.1995
0.2791
0.3502
0.4095
0.4825
0.5435
0.5422
0.5496
0.5447
0.5406
0.5321
0.5240
0.5159
0.5088
0.4979
0.4895
0.4840
0.4712
0.4626
0.4572
0.4481
0.4380
0.4330
0.4263
0.4141
0.4023
0.3942
0.3759
0.3749
0.3654
0.3568
0.3542
0.3473
0.3358
0.3357
0.3366
0.3246
0.3141
0.3125
0.3079
0.2975
0.2962
0.2849
0.2918
0.2843
0.2788
0.2675
0.2635
0.2588
0.2483
0.2402
0.2119
0.2067
0.1891
0.1906
0.1813
0.1965
0.1843
0.2102
0.1974
0.1375
0.1884
0.1924
0.1827
0.1899
0.1616
0.1741
0.1692
0.1682
0.1606
0.1694
0.1632
0.1728
0.1652
0.1692
0.1652
0.1634
0.1636
0.1605
0.1564
0.1557
0.1508
0.1535
0.1519
0.1460
0.1443
0.1416
0.1268
0.1367
0.1343
0.1322
0.1152
0.1221
0.1287
0.1297
0.1283
0.1269
0.1250
0.1235
0.1231
0.1226
0.1187
0.1156
0.1008
0.1076
0.1116
0.1094
0.1104
0.1078
0.1082
0.1061
0.1032
0.1008
0.1027
0.1022
0.1009
0.0983
0.0978
0.0937
0.0954
0.0943
0.0939
0.0943
0.0899
0.0895
0.0899
0.0904
0.0887
0.0883
0.0860
0.0821
0.0794
0.0754
0.0702
0.0608
0.0652
0.0495
0.0666
0.0534
0.0591
0.0606
0.0738
0.0710
0.0670
0.0549
0.0557
0.0598
0.0528
0.0562
0.0576
0.0523
0.0519
0.0559
0.0473
0.0596
0.0482
0.0598
0.0600
0.0626
0.0559
0.0593
0.0572
0.0561
0.0553
0.0617
0.0460
0.0429
0.0335
0.0316
0.0232
0.0191
0.0110
0.0192
0.0123
0.0124
0.0152
0.0301
0.0356
0.0280
0.0304
0.0208
0.0213
0.0274
0.0145
0.0276
0.0203
0.0366
0.0109
0.0357
0.0198
0.0253
0.0312
0.0251
0.0241
0.0198
0.0338
0.0273
0.0308
0.0337
0.0323
0.0369
0.0335
0.0368
0.0367
0.0366
0.0475
0.0500
0.0463
0.0521
0.0502
0.0443
0.0420
0.0431
0.0418
0.0467
0.0450
0.0468
0.0444
0.0524
0.0509
0.0492
0.0543
0.0507
0.0554
0.0547
0.0544
0.0556
0.0544
0.0561
0.0560
0.0551
0.0564
0.0564
0.0563
0.0557
0.0558
0.0559
0.0558
0.0566
0.0555
0.0561
0.0554
0.0524
0.0549
0.0562
0.0563
0.0559
0.0561
0.0565
0.0564
0.0565
0.0569
0.0561
0.0565
0.0561
0.0572
0.0553
0.0564
0.0568
0.0561
0.0567
0.0566
0.0574
0.0575
0.0575
0.0578
0.0574
0.0580
0.0580
0.0583
0.0576
0.0582
0.0586
0.0589
0.0586
0.0585
0.0592
0.0591
0.0594
0.0598
0.0595
0.0600
0.0600
0.0588
0.0600
0.0608
0.0608
0.0608
0.0612
0.0611
0.0613
0.0614
0.0619
0.0621
0.0623
0.0621
0.0605
0.0626
0.0615
0.0631
0.0624
0.0638
0.0639
0.0631
0.0638
0.0642
0.0611
0.0635
0.0652
0.0655
0.0647
0.0671
0.0644
0.0673
0.0666
0.0669
0.0676
0.0672
0.0659
0.0673
0.0688
0.0671
0.0693
0.0652
0.0673
0.0709
0.0697
0.0674
0.0720
0.0716
0.0634
0.0676
0.0657
0.0640
0.0742
0.0650
0.0662
0.0639
0.0659
0.0627
0.0629
0.0636
0.0694
0.0550
0.0674
0.0585
0.0586
0.0686
0.0479
0.0602
0.0395
0.0444
0.0374
0.0304
0.0121
0.0334
0.0176
0.0222
0.0294
0.0130
0.0206
0.0177
0.0237
0.0085
0.0263
0.0167
0.0180
0.0121
0.0513
0.0411
0.0272
0.0075
0.0028
0.0235
0.0530
0.0378
0.0561
0.0486
0.0371
0.0435
0.0610
0.0224
0.0291
0.0318
0.0121
0.0558
0.0455
0.0256
0.0432
0.0531
0.0516
0.0312
0.0694
0.0629
0.0712
0.0713
0.0779
0.0669
0.0820
0.0835
0.1130
0.0980
0.0958
0.0935
0.1033
0.1069
0.1090
0.1195
0.1180
0.1211
0.1228
0.0917
0.1245
0.1327
0.1329
0.1024
0.1392
0.1282
0.1339
0.0962
0.1321
0.1278
0.1254
0.1486
0.1435
0.1067
0.1339
0.1507
0.1472
0.1578
0.1532
0.1599
0.1541
0.1504
0.1683
0.1548
0.1317
0.1636
0.1615
0.1634
0.1641
0.1386
0.1689
0.1881
0.1700
0.1734
0.1676
0.1856
0.1748
0.1779
0.1988
0.1859
0.1853
0.2043
0.2017
0.2058
0.2023
0.2099
0.2157
0.2116
0.2105
0.2147
0.2241
0.2294
0.2145
0.2337
0.2366
0.2355
0.2443
0.2439
0.2400
0.2513
0.2512
0.2561
0.2557
0.2610
0.2608
0.2624
0.2658
0.2689
0.2689
0.2703
0.2738
0.2783
0.2799
0.2834
0.2869
0.2881
0.2880
0.2898
0.2905
0.2906
0.2980
0.2938
0.2933
0.3025
0.2931
0.2985
0.2874
0.2789
0.2845
0.2664
0.2863
0.2811
0.2857
0.2749
0.1844
0.2922
0.3104
0.3132
0.3137
0.3160
0.3232
0.3293
0.3342
0.3427
0.3426
0.3430
0.3383
0.3074
0.3378
0.3513
0.3562
0.3611
0.3591
0.3594
0.3525
0.3576
0.3640
0.3471
0.3634
0.3579
0.3606
0.3485
0.3338
0.3540
0.3708
0.3220
0.3318
0.3604
0.3198
0.2788
0.3574
0.3595
0.2871
0.3267
0.3630
0.2855
0.3174
0.3181
0.3001
0.2768
0.2751
0.3129
0.3021
0.3233
0.2611
0.2521
0.2916
0.2956
0.2281
0.2577
0.3169
0.2763
0.2626
0.2316
0.1756
0.2269
0.1435
0.1446
0.2016
0.1682
0.2298
0.1825
0.1637
0.1772
0.1761
0.1676
0.1697
0.1773
0.1266
0.0753
0.1086
0.0579
0.0598
0.0047
0.0161
0.0159
0.0046
0.0015
0.0001
0.0003
0.0000
0.0000
0.0001
0.0000
0.0000
0.0000
0.0000
0.0000
0.0000
0.0000
0.0000
0.0000
0.0000
0.0000
0.0000
0.0000
0.0000
0.0000
0.0000
0.0002
0.0003
0.0002
0.0001
0.0011
0.0000
0.0001
0.0000
0.0000
0.0000
0.0000
0.0000
0.0000
0.0002
0.0000
0.0005
0.0005
0.0003
0.0000
0.0001
0.0001
0.0000
0.0000
0.0000
0.0012
0.0007
0.0000
0.0000
0.0017
0.0022
0.0007
0.0000
0.0018
0.0002
0.0015
0.0006
0.0004
0.0019
0.0023
0.0206
0.0003
0.0002
0.0312
0.0103
0.0118
0.0019
0.0072
0.0079
0.0401
0.0080
0.0146
0.0222
0.0238
0.0424
0.0039
0.0324
0.0524
0.0425
0.0021
0.0303
0.0177
0.0180
0.0322
0.0250
0.0111
0.0425
0.0329
0.0264
0.0301
0.0372
0.0510
0.0409
0.0190
0.0297
0.0946
0.0834
0.0223
0.0092
0.0506
0.0664
0.1112
0.0534
0.0713
0.0941
0.1095
0.1306
0.0683
0.0721
0.1041
0.0344
0.1206
0.0740
0.0516
0.0285
0.0607
0.0747
0.0390
0.0140
0.0366
0.0549
0.0760
0.1440
0.0536
0.0542
0.0493
0.0930
0.0469
0.0891
0.0452
0.1146
0.1058
0.0961
0.0948
0.0465
0.0721
0.1451
0.1335
0.1509
0.1253
0.1382
0.1548
0.1386
0.1278
0.1731
0.1436
0.1645
0.1893
0.2003
0.1760
0.1392
0.1206
0.1383
0.1935
0.1914
0.1821
0.1399
0.2024
0.1979
0.1947
0.1809
0.1683
0.1980
0.1912
0.1855
0.1874
0.1816
0.1964
0.2041
0.1956
0.2075
0.2039
0.1916
0.1978
0.1938
0.2064
0.2012
0.1884
0.1990
0.2053
0.2043
0.1981
0.1965
0.2022
0.2012
0.2001
0.2007
0.1947
0.1977
0.1978
0.1998
0.1998
0.2034
0.2017
0.2004
0.1957
0.2005
0.1979
0.1984
0.1993
0.1989
0.1940
0.1961
0.1928
0.1983
0.1967
0.1964
0.1947
0.1978
0.1960
0.1954
0.1925
0.1959
0.1923
0.1928
0.1885
0.1866
0.1773
0.1724
0.1744
0.1717
0.1771
0.1759
0.1811
0.1586
0.1727
0.1739
0.1797
0.1828
0.1779
0.1820
0.1832
0.1904
0.1882
0.1863
0.1849
0.1712
0.1782
0.1784
0.1861
0.1907
0.1892
0.1908
0.1807
0.1826
0.1881
0.1791
0.1763
0.1654
0.1661
0.1661
0.1695
0.1759
0.1794
0.1732
0.1710
0.1692
0.1621
0.1690
0.1721
0.1770
0.1780
0.1801
0.1723
0.1756
0.1823
0.1806
0.1758
0.1758
0.1783
0.1822
0.1825
0.1790
0.1805
0.1815
0.1820
0.1822
0.1787
0.1800
0.1803
0.1762
0.1765
0.1773
0.1787
0.1725
0.1674
0.1677
0.1639
0.1675
0.1685
0.1645
0.1709
0.1670
0.1666
0.1746
0.1662
0.1680
0.1732
0.1605
0.1724
0.1718
0.1666
0.1718
0.1709
0.1720
0.1742
0.1716
0.1734
0.1740
0.1704
0.1732
0.1723
0.1653
0.1397
0.1648
0.1680
0.1686
0.1739
0.1718
0.1663
0.1702
0.1700
0.1685
0.1670
0.1678
0.1655
0.1688
0.1630
0.1544
0.1619
0.1663
0.1577
0.1700
0.1679
0.1637
0.1681
0.1660
0.1646
0.1550
0.1664
0.1701
0.1650
0.1691
0.1689
0.1464
0.1678
0.1665
0.1620
0.1639
0.1658
0.1643
0.1629
0.1614
0.1599
0.1585
0.1571
0.1557
0.1542
0.1547
0.1551
0.1556
0.1561
0.1566
0.1563
0.1560
0.1558
0.1555
0.1553
0.1540
0.1527
0.1514
0.1501
0.1487
0.1483
0.1478
0.1473
0.1468
0.1463
0.1443
0.1424
0.1404
0.1385
0.1365
0.1378
0.1391
0.1404
0.1417
0.1430
0.1409
0.1388
0.1367
0.1345
0.1324
0.1344
0.1364
0.1385
0.1405
0.1425
0.1405
0.1385
0.1365
0.1344
0.1324
0.1338
0.1351
0.1365
0.1378
0.1392
0.1346
0.1301
0.1255
0.1209
0.1163
0.1179
0.1196
0.1213
0.1230
0.1247
0.1201
0.1155
0.1109
0.1063
0.1016
0.0992
0.0968
0.0943
0.0919
0.0894
0.0853
0.0812
0.0771
0.0730
0.0689
0.0711
0.0733
0.0755
0.0777
0.0800
0.0725
0.0650
0.0575
0.0500
0.0424
0.0397
0.0370
0.0343
0.0316
0.0289
0.0259
0.0228
0.0197
0.0166
0.0135
0.0126
0.0117
0.0108
0.0098
0.0089
0.0077
0.0066
0.0054
0.0042
0.0030
0.0026
0.0022
0.0018
0.0013
0.0009
0.0010
0.0010
0.0011
0.0011
0.0012
0.0010
0.0007
0.0005
0.0002
0.0000
0.0000
0.0000
0.0000
0.0000
0.0000
0.0000
0.0000
0.0000
0.0000
0.0000
0.0000
0.0000
0.0000
0.0000
0.0000
0.0000
0.0000
0.0000
0.0000
0.0000
0.0000
0.0000
0.0000
0.0000
0.0000
0.0000
0.0000
0.0000
0.0000
0.0000
0.0000
0.0000
0.0000
0.0000
0.0000
0.0000
0.0000
0.0000
0.0000
0.0000
0.0000
0.0000
0.0000
0.0000
0.0000
0.0000
0.0000
0.0000
0.0001
0.0001
0.0001
0.0001
0.0001
0.0000
0.0000
0.0001
0.0001
0.0001
0.0002
0.0002
0.0002
0.0002
0.0002
0.0001
0.0001
0.0001
0.0001
0.0001
0.0000
0.0000
0.0000
0.0000
0.0000
0.0000
0.0000
0.0000
0.0000
0.0000
0.0000
0.0000
0.0000
0.0000
0.0000
0.0000
0.0000
0.0001
0.0002
0.0003
0.0004
0.0004
0.0005
0.0006
0.0007
0.0008
0.0009
0.0008
0.0008
0.0007
0.0006
0.0005
0.0011
0.0018
0.0024
0.0030
0.0036
0.0035
0.0034
0.0034
0.0033
0.0033
0.0048
0.0063
0.0078
0.0093
0.0108
0.0120
0.0131
0.0143
0.0155
0.0166
0.0153
0.0140
0.0126
0.0113
0.0100
0.0124
0.0147
0.0171
0.0194
0.0218
0.0231
0.0245
0.0258
0.0271
0.0285
0.0325
0.0365
0.0406
0.0446
0.0487
0.0525
0.0563
0.0601
0.0639
0.0676
0.0692
0.0707
0.0722
0.0738
0.0753
0.0768
0.0783
0.0798
0.0813
0.0828
0.0833
0.0838
0.0843
0.0848
0.0853
0.0845
0.0836
0.0827
0.0818
0.0809
0.0723
0.0638
0.0552
0.0466
0.0380
0.0334
0.0288
0.0242
0.0196
0.0149
0.0199
0.0248
0.0297
0.0346
0.0396
0.0370
0.0343
0.0317
0.0291
0.0265
0.0302
0.0338
0.0374
0.0411
0.0447
0.0505
0.0562
0.0620
0.0677
0.0735
0.0756
0.0778
0.0799
0.0821
0.0842
0.0865
0.0887
0.0910
0.0933
0.0955
0.0942
0.0929
0.0916
0.0902
0.0889
0.0891
0.0894
0.0896
0.0898
0.0901
0.0855
0.0809
0.0763
0.0717
0.0671
0.0645
0.0619
0.0593
0.0567
0.0542
0.0570
0.0598
0.0626
0.0654
0.0682
0.0667
0.0652
0.0638
0.0623
0.0609
0.0616
0.0623
0.0630
0.0638
0.0645
0.0668
0.0691
0.0714
0.0737
0.0759
0.0778
0.0796
0.0814
0.0832
0.0850
0.0846
0.0843
0.0839
0.0835
0.0832
0.0839
0.0847
0.0854
0.0862
0.0869
0.0870
0.0871
0.0872
0.0873
0.0874
0.0867
0.0859
0.0852
0.0845
0.0837
0.0851
0.0864
0.0877
0.0891
0.0904
0.0897
0.0890
0.0883
0.0875
0.0868
0.0872
0.0875
0.0879
0.0883
0.0886
0.0878
0.0870
0.0861
0.0853
0.0845
0.0847
0.0848
0.0850
0.0852
0.0853
0.0855
0.0857
0.0859
0.0861
0.0863
0.0863
0.0863
0.0863
0.0863
0.0863
0.0864
0.0865
0.0867
0.0868
0.0869
0.0866
0.0863
0.0860
0.0857
0.0855
0.0845
0.0835
0.0826
0.0816
0.0807
0.0807
0.0807
0.0807
0.0807
0.0807
0.0805
0.0804
0.0802
0.0800
0.0799
0.0783
0.0768
0.0753
0.0738
0.0723
0.0733
0.0743
0.0754
0.0764
0.0775
0.0771
0.0768
0.0765
0.0762
0.0758
0.0761
0.0763
0.0765
0.0767
0.0770
0.0756
0.0742
0.0728
0.0714
0.0700
0.0708
0.0716
0.0724
0.0733
0.0741
0.0740
0.0740
0.0739
0.0739
0.0738
0.0724
0.0709
0.0694
0.0679
0.0664
0.0669
0.0674
0.0679
0.0684
0.0689
0.0698
0.0708
0.0718
0.0727
0.0737
0.0731
0.0725
0.0719
0.0713
0.0707
0.0709
0.0712
0.0714
0.0717
0.0719
0.0714
0.0710
0.0705
0.0701
0.0696
0.0697
0.0697
0.0697
0.0698
0.0698
0.0695
0.0692
0.0689
0.0686
0.0683
0.0680
0.0678
0.0676
0.0673
0.0671
0.0666
0.0662
0.0657
0.0653
0.0648
0.0650
0.0652
0.0654
0.0655
0.0657
0.0649
0.0641
0.0633
0.0625
0.0617
0.0615
0.0614
0.0612
0.0611
0.0609
0.0611
0.0613
0.0615
0.0617
0.0619
0.0613
0.0606
0.0600
0.0594
0.0588
0.0586
0.0584
0.0583
0.0581
0.0579
0.0583
0.0587
0.0591
0.0595
0.0599
0.0593
0.0587
0.0580
0.0574
0.0568
0.0569
0.0569
0.0569
0.0569
0.0569
0.0565
0.0561
0.0558
0.0554
0.0550
0.0546
0.0541
0.0536
0.0532
0.0527
0.0528
0.0528
0.0529
0.0529
0.0529
0.0538
0.0546
0.0554
0.0562
0.0571
0.0560
0.0550
0.0539
0.0529
0.0518
0.0507
0.0496
0.0485
0.0474
0.0463
0.0470
0.0478
0.0485
0.0492
0.0500
0.0501
0.0501
0.0502
0.0503
0.0504
0.0506
0.0508
0.0510
0.0512
0.0514
0.0492
0.0470
0.0449
0.0427
0.0405
0.0415
0.0425
0.0435
0.0444
0.0454
0.0436
0.0419
0.0401
0.0384
0.0366
0.0377
0.0387
0.0397
0.0408
0.0418
0.0423
0.0428
0.0432
0.0437
0.0442
0.0440
0.0439
0.0437
0.0435
0.0434
0.0401
0.0368
0.0336
0.0303
0.0270
0.0294
0.0317
0.0340
0.0363
0.0387
0.0384
0.0381
0.0378
0.0375
0.0372
0.0352
0.0331
0.0310
0.0290
0.0269
0.0280
0.0291
0.0302
0.0313
0.0324
0.0330
0.0336
0.0342
0.0348
0.0354
0.0360
0.0366
0.0372
0.0378
0.0384
0.0366
0.0347
0.0329
0.0311
0.0292
0.0292
0.0293
0.0293
0.0293
0.0294
0.0282
0.0271
0.0260
0.0248
0.0237
0.0236
0.0234
0.0233
0.0232
0.0230
0.0242
0.0253
0.0264
0.0275
0.0286
0.0307
0.0328
0.0349
0.0369
0.0390
0.0338
0.0285
0.0233
0.0181
0.0129
0.0178
0.0227
0.0276
0.0324
0.0373
0.0335
0.0296
0.0257
0.0218
0.0179
0.0167
0.0155
0.0142
0.0130
0.0117
0.0137
0.0156
0.0175
0.0195
0.0214
0.0229
0.0243
0.0258
0.0272
0.0287
0.0271
0.0255
0.0239
0.0224
0.0208
0.0195
0.0182
0.0169
0.0157
0.0144
0.0143
0.0143
0.0142
0.0142
0.0141
0.0127
0.0112
0.0098
0.0083
0.0069
0.0065
0.0061
0.0056
0.0052
0.0048
0.0045
0.0041
0.0037
0.0034
0.0030
0.0029
0.0028
0.0027
0.0026
0.0025
0.0032
0.0039
0.0046
0.0053
0.0060
