0.1914
0.2442
0.2900
0.3281
0.3587
0.3829
0.4014
0.4149
0.4242
0.4299
0.4324
0.4320
0.4291
0.4239
0.4167
0.4074
0.3965
0.3838
0.3697
0.3541
0.3373
0.3191
0.3001
0.2801
0.2596
0.2383
0.2169
0.1955
0.1742
0.1535
0.1335
0.1144
0.0969
0.0809
0.0667
0.0544
0.0445
0.0369
0.0316
0.0288
0.0284
0.0302
0.0343
0.0405
0.0484
0.0580
0.0690
0.0813
0.0945
0.1085
0.1232
0.1381
0.1534
0.1687
0.1840
0.1991
0.2141
0.2285
0.2428
0.2564
0.2697
0.2824
0.2946
0.3062
0.3174
0.3279
0.3378
0.3472
0.3561
0.3643
0.3721
0.3793
0.3860
0.3922
0.3979
0.4032
0.4080
0.4124
0.4163
0.4198
0.4229
0.4256
0.4279
0.4298
0.4314
0.4325
0.4334
0.4340
0.4342
0.4341
0.4336
0.4329
0.4318
0.4305
0.4289
0.4270
0.4248
0.4224
0.4197
0.4167
0.4135
0.4101
0.4065
0.4025
0.3983
0.3940
0.3894
0.3846
0.3796
0.3745
0.3690
0.3634
0.3576
0.3517
0.3456
0.3394
0.3330
0.3264
0.3197
0.3129
0.3059
0.2989
0.2917
0.2845
0.2771
0.2697
0.2623
0.2549
0.2472
0.2397
0.2321
0.2245
0.2170
0.2094
0.2019
0.1946
0.1871
0.1798
0.1725
0.1653
0.1583
0.1514
0.1445
0.1379
0.1313
0.1250
0.1187
0.1127
0.1068
0.1012
0.0957
0.0904
0.0854
0.0805
0.0758
0.0714
0.0672
0.0631
0.0594
0.0558
0.0524
0.0492
0.0463
0.0435
0.0410
0.0387
0.0365
0.0346
0.0329
0.0313
0.0299
0.0286
0.0276
0.0266
0.0259
0.0252
0.0247
0.0243
0.0241
0.0239
0.0239
0.0240
0.0241
0.0243
0.0246
0.0250
0.0254
0.0259
0.0264
0.0270
0.0276
0.0282
0.0289
0.0296
0.0303
0.0310
0.0317
0.0325
0.0332
0.0339
0.0346
0.0353
0.0360
0.0366
0.0372
0.0378
0.0384
0.0389
0.0394
0.0399
0.0404
0.0407
0.0411
0.0414
0.0417
0.0420
0.0422
0.0423
0.0424
0.0425
0.0425
0.0425
0.0424
0.0423
0.0421
0.0420
0.0417
0.0414
0.0411
0.0408
0.0404
0.0399
0.0395
0.0390
0.0384
0.0379
0.0373
0.0366
0.0359
0.0353
0.0345
0.0338
0.0331
0.0323
0.0315
0.0307
0.0298
0.0290
0.0282
0.0273
0.0264
0.0256
0.0247
0.0238
0.0230
0.0221
0.0213
0.0205
0.0196
0.0189
0.0181
0.0173
0.0166
0.0158
0.0151
0.0145
0.0138
0.0133
0.0127
0.0122
0.0117
0.0112
0.0109
0.0105
0.0102
0.0100
0.0098
0.0096
0.0095
0.0095
0.0095
0.0096
0.0098
0.0100
0.0103
0.0106
0.0111
0.0116
0.0121
0.0128
0.0135
0.0142
0.0151
0.0160
0.0170
0.0181
0.0192
0.0205
0.0218
0.0232
0.0246
0.0261
0.0278
0.0294
0.0312
0.0330
0.0350
0.0369
0.0390
0.0411
0.0433
0.0456
0.0479
0.0503
0.0528
0.0553
0.0580
0.0606
0.0633
0.0661
0.0690
0.0719
0.0748
0.0779
0.0809
0.0841
0.0872
0.0905
0.0937
0.0970
0.1004
0.1038
0.1072
0.1107
0.1142
0.1177
0.1213
0.1249
0.1286
0.1322
0.1359
0.1396
0.1433
0.1471
0.1509
0.1547
0.1585
0.1623
0.1661
0.1699
0.1738
0.1777
0.1815
0.1854
0.1892
0.1931
0.1970
0.2009
0.2047
0.2086
0.2125
0.2163
0.2202
0.2240
0.2278
0.2317
0.2354
0.2392
0.2430
0.2468
0.2506
0.2543
0.2580
0.2617
0.2654
0.2691
0.2727
0.2763
0.2800
0.2835
0.2871
0.2907
0.2941
0.2976
0.3011
0.3045
0.3080
0.3114
0.3147
0.3181
0.3214
0.3247
0.3280
0.3312
0.3344
0.3376
0.3407
0.3439
0.3470
0.3500
0.3531
0.3561
0.3591
0.3621
0.3650
0.3679
0.3708
0.3736
0.3764
0.3792
0.3819
0.3847
0.3874
0.3901
0.3927
0.3953
0.3979
0.4005
0.4030
0.4055
0.4080
0.4105
0.4129
0.4153
0.4176
0.4200
0.4223
0.4246
0.4268
0.4290
0.4313
0.4334
0.4356
0.4377
0.4398
0.4419
0.4440
0.4460
0.4479
0.4499
0.4519
0.4538
0.4557
0.4576
0.4594
0.4612
0.4630
0.4648
0.4665
0.4683
0.4700
0.4717
0.4734
0.4750
0.4766
0.4782
0.4798
0.4813
0.4828
0.4843
0.4858
0.4873
0.4887
0.4902
0.4915
0.4929
0.4943
0.4956
0.4969
0.4982
0.4995
0.5008
0.5020
0.5033
0.5045
0.5056
0.5068
0.5080
0.5091
0.5102
0.5113
0.5124
0.5134
0.5145
0.5155
0.5165
0.5175
0.5185
0.5194
0.5204
0.5213
0.5222
0.5231
0.5240
0.5248
0.5257
0.5265
0.5273
0.5281
0.5289
0.5297
0.5304
0.5312
0.5319
0.5326
0.5333
0.5340
0.5346
0.5352
0.5359
0.5365
0.5372
0.5377
0.5383
0.5389
0.5394
0.5400
0.5405
0.5410
0.5415
0.5420
0.5425
0.5430
0.5435
0.5439
0.5443
0.5447
0.5451
0.5455
0.5459
0.5463
0.5467
0.5470
0.5473
0.5477
0.5480
0.5483
0.5486
0.5489
0.5491
0.5494
0.5496
0.5499
0.5501
0.5503
0.5505
0.5507
0.5509
0.5511
0.5513
0.5514
0.5516
0.5517
0.5518
0.5519
0.5521
0.5522
0.5523
0.5523
0.5524
0.5525
0.5525
0.5526
0.5526
0.5526
0.5527
0.5526
0.5526
0.5526
0.5526
0.5526
0.5526
0.5525
0.5524
0.5524
0.5523
0.5522
0.5522
0.5521
0.5519
0.5518
0.5517
0.5516
0.5514
0.5513
0.5512
0.5510
0.5508
0.5506
0.5505
0.5503
0.5501
0.5499
0.5497
0.5494
0.5492
0.5490
0.5487
0.5485
0.5482
0.5480
0.5477
0.5474
0.5471
0.5468
0.5465
0.5462
0.5459
0.5456
0.5452
0.5449
0.5445
0.5442
0.5439
0.5435
0.5431
0.5428
0.5423
0.5420
0.5416
0.5412
0.5408
0.5404
0.5400
0.5395
0.5390
0.5386
0.5382
0.5377
0.5373
0.5368
0.5363
0.5359
0.5353
0.5349
0.5344
0.5339
0.5334
0.5329
0.5324
0.5318
0.5313
0.5307
0.5302
0.5296
0.5291
0.5285
0.5280
0.5274
0.5268
0.5262
0.5256
0.5250
0.5244
0.5238
0.5232
0.5226
0.5220
0.5214
0.5208
0.5201
0.5194
0.5188
0.5181
0.5175
0.5168
0.5162
0.5155
0.5148
0.5141
0.5134
0.5127
0.5120
0.5113
0.5106
0.5099
0.5092
0.5085
0.5077
0.5069
0.5062
0.5055
0.5047
0.5040
0.5032
0.5025
0.5017
0.5009
0.5002
0.4993
0.4985
0.4977
0.4969
0.4962
0.4954
0.4945
0.4937
0.4929
0.4921
0.4913
0.4904
0.4895
0.4887
0.4879
0.4870
0.4862
0.4853
0.4845
0.4836
0.4827
0.4818
0.4809
0.4800
0.4791
0.4783
0.4774
0.4765
0.4756
0.4747
0.4737
0.4728
0.4719
0.4709
0.4700
0.4691
0.4681
0.4672
0.4663
0.4653
0.4644
0.4634
0.4625
0.4615
0.4605
0.4595
0.4585
0.4575
0.4566
0.4556
0.4546
0.4536
0.4526
0.4516
0.4506
0.4496
0.4486
0.4475
0.4465
0.4455
0.4445
0.4434
0.4424
0.4414
0.4403
0.4393
0.4383
0.4372
0.4362
0.4350
0.4340
0.4329
0.4319
0.4308
0.4297
0.4287
0.4276
0.4265
0.4254
0.4244
0.4233
0.4222
0.4211
0.4199
0.4188
0.4177
0.4166
0.4155
0.4144
0.4133
0.4122
0.4111
0.4100
0.4088
0.4077
0.4066
0.4054
0.4042
0.4031
0.4020
0.4008
0.3997
0.3986
0.3974
0.3963
0.3951
0.3939
0.3928
0.3916
0.3905
0.3893
0.3881
0.3869
0.3857
0.3846
0.3834
0.3822
0.3810
0.3799
0.3787
0.3775
0.3763
0.3751
0.3739
0.3727
0.3716
0.3703
0.3691
0.3679
0.3667
0.3655
0.3643
0.3631
0.3619
0.3607
0.3595
0.3583
0.3570
0.3558
0.3546
0.3534
0.3521
0.3509
0.3497
0.3484
0.3472
0.3460
0.3448
0.3435
0.3423
0.3411
0.3399
0.3386
0.3374
0.3362
0.3349
0.3337
0.3325
0.3311
0.3299
0.3287
0.3274
0.3262
0.3250
0.3237
0.3225
0.3212
0.3200
0.3188
0.3175
0.3163
0.3150
0.3138
0.3125
0.3113
0.3099
0.3087
0.3075
0.3062
0.3050
0.3037
0.3025
0.3012
0.3000
0.2987
0.2975
0.2962
0.2950
0.2937
0.2925
0.2912
0.2900
0.2887
0.2874
0.2862
0.2849
0.2837
0.2824
0.2812
0.2799
0.2787
0.2774
0.2762
0.2749
0.2737
0.2725
0.2712
0.2700
0.2687
0.2675
0.2662
0.2650
0.2637
0.2624
0.2612
0.2600
0.2587
0.2575
0.2563
0.2550
0.2538
0.2526
0.2513
0.2501
0.2489
0.2476
0.2464
0.2452
0.2440
0.2427
0.2415
0.2403
0.2390
0.2378
0.2366
0.2354
0.2341
0.2329
0.2317
0.2305
0.2293
0.2281
0.2269
0.2257
0.2245
0.2233
0.2221
0.2209
0.2197
0.2185
0.2173
0.2161
0.2149
0.2137
0.2125
0.2113
0.2101
0.2090
0.2078
0.2066
0.2054
0.2043
0.2031
0.2019
0.2008
0.1996
0.1984
0.1973
0.1961
0.1950
0.1938
0.1927
0.1915
0.1904
0.1892
0.1881
0.1869
0.1858
0.1846
0.1835
0.1824
0.1813
0.1801
0.1790
0.1779
0.1768
0.1757
0.1746
0.1735
0.1724
0.1713
0.1702
0.1691
0.1680
0.1669
0.1658
0.1647
0.1636
0.1626
0.1615
0.1603
0.1593
0.1582
0.1572
0.1561
0.1550
0.1540
0.1529
0.1519
0.1508
0.1498
0.1488
0.1477
0.1467
0.1457
0.1446
0.1436
0.1426
0.1416
0.1406
0.1396
0.1386
0.1376
0.1366
0.1356
0.1345
0.1335
0.1325
0.1316
0.1306
0.1296
0.1286
0.1277
0.1267
0.1257
0.1248
0.1238
0.1229
0.1219
0.1210
0.1200
0.1191
0.1182
0.1172
0.1163
0.1154
0.1145
0.1136
0.1127
0.1118
0.1108
0.1100
0.1090
0.1081
0.1072
0.1063
0.1055
0.1046
0.1037
0.1028
0.1020
0.1011
0.1002
0.0994
0.0985
0.0977
0.0969
0.0960
0.0952
0.0944
0.0935
0.0927
0.0919
0.0911
0.0903
0.0894
0.0886
0.0878
0.0870
0.0863
0.0855
0.0846
0.0839
0.0831
0.0823
0.0815
0.0808
0.0800
0.0793
0.0785
0.0777
0.0770
0.0763
0.0755
0.0748
0.0741
0.0733
0.0726
0.0719
0.0712
0.0705
0.0698
0.0691
0.0684
0.0677
0.0670
0.0663
0.0656
0.0650
0.0643
0.0636
0.0629
0.0622
0.0616
0.0609
0.0603
0.0596
0.0590
0.0584
0.0577
0.0571
0.0565
0.0558
0.0552
0.0546
0.0540
0.0534
0.0528
0.0522
0.0516
0.0510
0.0504
0.0499
0.0493
0.0487
0.0481
0.0476
0.0470
0.0464
0.0459
0.0453
0.0448
0.0443
0.0437
0.0432
0.0426
0.0421
0.0416
0.0410
0.0405
0.0400
0.0395
0.0390
0.0385
0.0380
0.0375
0.0370
0.0365
0.0361
0.0356
0.0351
0.0346
0.0342
0.0337
0.0333
0.0328
0.0324
0.0319
0.0315
0.0310
0.0306
0.0302
0.0297
0.0293
0.0289
0.0285
0.0280
0.0276
0.0272
0.0268
0.0264
0.0260
0.0256
0.0252
0.0248
0.0245
0.0241
0.0237
0.0233
0.0230
0.0226
0.0222
0.0219
0.0215
0.0212
0.0208
0.0205
0.0202
0.0198
0.0195
0.0192
0.0188
0.0185
0.0182
0.0179
0.0176
0.0173
0.0170
0.0167
0.0164
0.0161
0.0158
0.0155
0.0152
0.0149
0.0146
0.0143
0.0141
0.0138
0.0135
0.0133
0.0130
0.0128
0.0125
0.0123
0.0120
0.0118
0.0115
0.0113
0.0111
0.0108
0.0106
0.0104
0.0101
0.0099
0.0097
0.0095
0.0093
0.0091
0.0089
0.0087
0.0085
0.0083
0.0081
0.0079
0.0077
0.0075
0.0073
0.0072
0.0070
0.0068
0.0067
0.0065
0.0063
0.0062
0.0060
0.0058
0.0057
0.0055
0.0054
0.0052
0.0051
0.0050
0.0048
0.0047
0.0046
0.0044
0.0043
0.0042
0.0041
0.0040
0.0038
0.0037
0.0036
0.0035
0.0034
0.0033
0.0032
0.0031
0.0030
0.0029
0.0028
0.0027
0.0026
0.0026
0.0025
0.0024
0.0023
0.0023
0.0022
0.0021
0.0020
0.0020
0.0019
0.0019
0.0018
0.0018
0.0017
0.0016
0.0016
0.0016
0.0015
0.0015
0.0014
0.0014
0.0014
0.0013
0.0013
0.0013
0.0012
0.0012
0.0012
0.0012
0.0012
0.0011
0.0011
0.0011
0.0011
0.0011
0.0011
0.0011
0.0011
0.0011
0.0011
0.0011
0.0011
0.0011
0.0011
0.0011
0.0011
0.0011
0.0012
0.0012
0.0012
0.0012
0.0012
0.0013
0.0013
0.0013
0.0014
0.0014
0.0014
0.0015
0.0015
0.0015
0.0016
0.0016
0.0017
0.0017
0.0018
0.0018
0.0019
0.0019
0.0020
0.0020
0.0021
0.0021
0.0022
0.0023
0.0023
0.0024
0.0025
0.0025
0.0026
0.0027
0.0027
0.0028
0.0029
0.0030
0.0030
0.0031
0.0032
0.0033
0.0034
0.0035
0.0035
0.0036
0.0037
0.0038
0.0039
0.0040
0.0041
0.0042
0.0043
0.0044
0.0045
0.0046
0.0047
0.0048
0.0049
0.0050
0.0051
0.0052
0.0053
0.0054
0.0055
0.0057
0.0058
0.0059
0.0060
0.0061
0.0062
0.0064
0.0065
0.0066
0.0067
0.0069
0.0070
0.0071
0.0072
0.0074
0.0075
0.0076
0.0077
0.0079
0.0080
0.0081
0.0083
0.0084
0.0086
0.0087
0.0088
0.0090
0.0091
0.0093
0.0094
0.0095
0.0097
0.0098
0.0100
0.0101
0.0103
0.0104
0.0106
0.0107
0.0109
0.0110
0.0112
0.0113
0.0115
0.0116
0.0118
0.0119
0.0121
0.0123
0.0124
0.0126
0.0127
0.0129
0.0131
0.0132
0.0134
0.0135
0.0137
0.0139
0.0140
0.0142
0.0144
0.0145
0.0147
0.0149
0.0151
0.0152
0.0154
0.0156
0.0157
0.0159
0.0161
0.0163
0.0164
0.0166
0.0168
0.0170
0.0171
0.0173
0.0175
0.0177
0.0178
0.0180
0.0182
0.0184
0.0186
0.0187
0.0189
0.0191
0.0193
0.0195
0.0197
0.0198
0.0200
0.0202
0.0204
0.0206
0.0208
0.0209
0.0211
0.0213
0.0215
0.0217
0.0219
0.0221
0.0223
0.0225
0.0226
0.0228
0.0230
0.0232
0.0234
0.0236
0.0238
0.0240
0.0242
0.0244
0.0246
0.0248
0.0249
0.0251
0.0253
0.0255
0.0257
0.0259
0.0261
0.0263
0.0265
0.0267
0.0269
0.0271
0.0273
0.0275
0.0277
0.0279
0.0281
0.0283
0.0285
0.0287
0.0289
0.0291
0.0293
0.0295
0.0297
0.0299
0.0301
0.0303
0.0305
0.0307
0.0309
0.0311
0.0313
0.0315
0.0317
0.0319
0.0321
0.0323
0.0325
0.0327
0.0329
0.0331
0.0333
0.0335
0.0337
0.0339
0.0341
0.0343
0.0345
0.0347
0.0349
0.0351
0.0353
0.0355
0.0358
0.0360
0.0362
0.0364
0.0366
0.0368
0.0370
0.0372
0.0374
0.0376
0.0378
0.0380
0.0382
0.0384
0.0386
0.0388
0.0390
0.0392
0.0394
0.0396
0.0398
0.0400
0.0403
0.0405
0.0407
0.0409
0.0411
0.0413
0.0415
0.0417
0.0419
0.0421
0.0423
0.0425
0.0427
0.0429
0.0431
0.0433
0.0435
0.0437
0.0439
0.0441
0.0443
0.0445
0.0448
0.0450
0.0452
0.0454
0.0456
0.0458
0.0460
0.0462
0.0464
0.0466
0.0468
0.0470
0.0472
0.0474
0.0476
0.0478
0.0480
0.0482
0.0484
0.0486
0.0488
0.0490
0.0492
0.0494
0.0496
0.0498
0.0500
0.0502
0.0504
0.0506
0.0509
0.0511
0.0513
0.0515
0.0517
0.0519
0.0521
0.0523
0.0525
0.0527
0.0529
0.0531
0.0533
0.0535
0.0537
0.0539
0.0541
0.0543
0.0545
0.0547
0.0549
0.0551
0.0553
0.0555
0.0556
0.0558
0.0560
0.0562
0.0564
0.0566
0.0568
0.0570
0.0572
0.0574
0.0576
0.0578
0.0580
0.0582
0.0584
0.0586
0.0588
0.0590
0.0592
0.0594
0.0596
0.0598
0.0600
0.0602
0.0604
0.0606
0.0607
0.0609
0.0611
0.0613
0.0615
0.0617
0.0619
0.0621
0.0623
0.0625
0.0627
0.0629
0.0631
0.0632
0.0634
0.0636
0.0638
0.0640
0.0642
0.0644
0.0646
0.0648
0.0650
0.0651
0.0653
0.0655
0.0657
0.0659
0.0661
0.0663
0.0665
0.0666
0.0668
0.0670
0.0672
0.0674
0.0676
0.0678
0.0679
0.0681
0.0683
0.0685
0.0687
0.0689
0.0691
0.0692
0.0694
0.0696
0.0698
0.0700
0.0702
0.0703
0.0705
0.0707
0.0709
0.0711
0.0712
0.0714
0.0716
0.0718
0.0720
0.0721
0.0723
0.0725
0.0727
0.0729
0.0730
0.0732
0.0734
0.0736
0.0738
0.0739
0.0741
0.0743
0.0745
0.0746
0.0748
0.0750
0.0752
0.0753
0.0755
0.0757
0.0759
0.0760
0.0762
0.0764
0.0766
0.0767
0.0769
0.0771
0.0772
0.0774
0.0776
0.0778
0.0779
0.0781
0.0783
0.0784
0.0786
0.0788
0.0790
0.0791
0.0793
0.0795
0.0796
0.0798
0.0800
0.0801
0.0803
0.0805
0.0806
0.0808
0.0810
0.0811
0.0813
0.0815
0.0816
0.0818
0.0820
0.0821
0.0823
0.0824
0.0826
0.0828
0.0829
0.0831
0.0833
0.0834
0.0836
0.0837
0.0839
0.0841
0.0842
0.0844
0.0845
0.0847
0.0849
0.0850
0.0852
0.0853
0.0855
0.0857
0.0858
0.0860
0.0861
0.0863
0.0864
0.0866
0.0868
0.0869
0.0871
0.0872
0.0874
0.0875
0.0877
0.0878
0.0880
0.0882
0.0883
0.0885
0.0886
0.0888
0.0889
0.0891
0.0892
0.0894
0.0895
0.0897
0.0898
0.0900
0.0901
0.0903
0.0904
0.0906
0.0907
0.0909
0.0910
0.0912
0.0913
0.0915
0.0916
0.0918
0.0919
0.0920
0.0922
0.0923
0.0925
0.0926
0.0928
0.0929
0.0931
0.0932
0.0933
0.0935
0.0936
0.0938
0.0939
0.0941
0.0942
0.0943
0.0945
0.0946
0.0948
0.0949
0.0950
0.0952
0.0953
0.0955
0.0956
0.0957
0.0959
0.0960
0.0962
0.0963
0.0964
0.0966
0.0967
0.0968
0.0970
0.0971
0.0973
0.0974
0.0975
0.0977
0.0978
0.0979
0.0981
0.0982
0.0983
0.0985
0.0986
0.0987
0.0989
0.0990
0.0991
0.0993
0.0994
0.0995
0.0996
0.0998
0.0999
0.1000
0.1002
0.1003
0.1004
0.1006
0.1007
0.1008
0.1009
0.1011
0.1012
0.1013
0.1014
0.1016
0.1017
0.1018
0.1019
0.1021
0.1022
0.1023
0.1024
0.1026
0.1027
0.1028
0.1029
0.1031
0.1032
0.1033
0.1034
0.1036
0.1037
0.1038
0.1039
0.1040
0.1042
0.1043
0.1044
0.1045
0.1046
0.1048
0.1049
0.1050
0.1051
0.1052
0.1054
0.1055
0.1056
0.1057
0.1058
0.1059
0.1061
0.1062
0.1063
0.1064
0.1065
0.1066
0.1068
0.1069
0.1070
0.1071
0.1072
0.1073
0.1074
0.1075
0.1077
0.1078
0.1079
0.1080
0.1081
0.1082
0.1083
0.1084
0.1086
0.1087
0.1088
0.1089
0.1090
0.1091
0.1092
0.1093
0.1094
0.1095
0.1097
0.1098
0.1099
0.1100
0.1101
0.1102
0.1103
0.1104
0.1105
0.1106
0.1107
0.1108
0.1109
0.1110
0.1111
0.1112
0.1113
0.1114
0.1116
0.1117
0.1118
0.1119
0.1120
0.1121
0.1122
0.1123
0.1124
0.1125
0.1126
0.1127
0.1128
0.1129
0.1130
0.1131
0.1132
0.1133
0.1134
0.1135
0.1136
0.1137
0.1138
0.1139
0.1140
0.1141
0.1142
0.1143
0.1143
0.1144
0.1145
0.1146
0.1147
0.1148
0.1149
0.1150
0.1151
0.1152
0.1153
0.1154
0.1155
0.1156
0.1157
0.1158
0.1159
0.1160
0.1160
0.1161
0.1162
0.1163
0.1164
0.1165
0.1166
0.1167
0.1168
0.1169
0.1169
0.1170
0.1171
0.1172
0.1173
0.1174
0.1175
0.1176
0.1177
0.1178
0.1178
0.1179
0.1180
0.1181
0.1182
0.1183
0.1184
0.1184
0.1185
0.1186
0.1187
0.1188
0.1189
0.1190
0.1190
0.1191
0.1192
0.1193
0.1194
0.1195
0.1195
0.1196
0.1197
0.1198
0.1199
0.1200
0.1200
0.1201
0.1202
0.1203
0.1204
0.1204
0.1205
0.1206
0.1207
0.1208
0.1208
0.1209
0.1210
0.1211
0.1212
0.1212
0.1213
0.1214
0.1215
0.1215
0.1216
0.1217
0.1218
0.1218
0.1219
0.1220
0.1221
0.1222
0.1222
0.1223
0.1224
0.1225
0.1225
0.1226
0.1227
0.1228
0.1228
0.1229
0.1230
0.1230
0.1231
0.1232
0.1233
0.1233
0.1234
0.1235
0.1235
0.1236
0.1237
0.1238
0.1238
0.1239
0.1240
0.1240
0.1241
0.1242
0.1243
0.1243
0.1244
0.1245
0.1245
0.1246
0.1247
0.1247
0.1248
0.1249
0.1249
0.1250
0.1251
0.1251
0.1252
0.1253
0.1253
0.1254
0.1255
0.1255
0.1256
0.1257
0.1257
0.1258
0.1259
0.1259
0.1260
0.1261
0.1261
0.1262
0.1262
