0.0008
0.0015
0.0021
0.0048
0.0061
0.0102
0.0111
0.0163
0.0218
0.0231
0.0289
0.0471
0.0533
0.0618
0.0698
0.0807
0.0745
0.1057
0.1109
0.1322
0.1360
0.1704
0.1554
0.1528
0.2039
0.2125
0.2985
0.3202
0.2900
0.3575
0.4084
0.3565
0.3940
0.3947
0.3873
0.4386
0.3967
0.3600
0.4204
0.4502
0.4876
0.4571
0.4725
0.4941
0.3982
0.4323
0.4448
0.4539
0.4302
0.4151
0.4629
0.4755
0.4385
0.4326
0.4936
0.4897
0.4353
0.3524
0.3256
0.3491
0.4368
0.3733
0.3768
0.4176
0.4139
0.4191
0.4869
0.4719
0.4299
0.4406
0.4741
0.4304
0.4141
0.3761
0.3350
0.3517
0.3995
0.4185
0.4996
0.4316
0.4044
0.4388
0.3357
0.2594
0.2898
0.3822
0.3518
0.3687
0.3597
0.3879
0.4514
0.4828
0.4517
0.2732
0.2831
0.4628
0.4352
0.2462
0.4947
0.6237
0.6534
0.6845
0.7159
0.6939
0.7100
0.6975
0.6856
0.6785
0.7143
0.7693
0.6616
0.7472
0.8015
0.7761
0.7750
0.8097
0.8420
0.8293
0.8012
0.8422
0.7796
0.8944
0.8913
0.8717
0.8759
0.9119
0.8952
0.8736
0.8912
0.8336
0.6716
0.6157
1.0341
0.9715
0.9060
1.0029
1.1103
1.1436
1.0127
0.9829
1.1362
1.1298
1.2191
1.2460
1.2235
1.2792
1.1552
1.3223
1.3470
1.3522
1.4102
1.4711
1.4160
1.3146
1.4173
1.4138
1.4668
1.4853
1.4593
1.4533
1.4490
1.5048
1.5236
1.5333
1.4907
1.4756
1.5100
1.4455
1.5106
1.5191
1.4627
1.4892
1.5682
1.5086
1.5266
1.5777
1.5245
1.5341
1.5839
1.5535
1.5794
1.5789
1.5845
1.5648
1.5347
1.5291
1.2393
1.3872
1.5006
1.4127
1.5776
1.5155
1.4439
1.5432
1.5054
1.5973
1.5178
1.5426
1.4994
1.4981
1.4916
1.4449
1.4428
1.5080
1.4044
1.5044
1.5639
1.4954
1.4567
1.5259
1.4856
1.5126
1.5520
1.4576
1.4264
1.4672
1.4803
1.2061
1.3792
1.3364
1.4589
1.4694
1.5024
1.4163
1.5235
1.5119
1.4701
1.2861
1.4726
1.5416
1.4822
1.5641
1.5366
1.3729
1.4714
1.4947
1.5596
1.4440
1.5172
1.4811
1.4313
1.3769
1.4998
1.4764
1.5295
1.4962
1.4835
1.5041
1.4625
1.5096
1.4992
1.4988
1.5309
1.4886
1.5191
1.5288
1.5038
1.4681
1.5009
1.4210
1.4474
1.5325
1.4601
1.5164
1.4877
1.4981
1.4175
1.5117
1.4987
1.4627
1.4643
1.4170
1.4970
1.5038
1.4965
1.4630
1.4511
1.4879
1.4421
1.4630
1.4877
1.4944
1.5170
1.5324
1.5289
1.5161
1.4787
1.5104
1.4753
1.2729
1.3525
1.4453
1.4137
1.4328
1.4244
1.4049
1.4461
1.4485
1.4289
1.4268
1.4390
1.4198
1.3961
1.4232
1.4455
1.4403
1.4304
1.4360
1.4283
1.4143
1.4050
1.3945
1.4120
1.3885
1.3427
1.3884
1.3481
1.3272
1.3736
1.3759
1.3723
1.3738
1.3201
1.3062
1.2976
1.2847
1.2790
1.3113
1.2354
1.2744
1.2526
1.2691
1.2176
1.2902
1.2653
1.2756
1.2414
1.2785
1.2816
1.2710
1.2391
1.2345
1.2315
1.2388
1.2280
1.2314
1.1908
1.1800
1.1635
1.1222
1.1231
1.1880
1.1354
1.1658
1.1475
1.0892
0.9517
0.9903
1.1018
1.1005
1.1019
1.0919
1.0777
1.0743
1.0786
1.0921
1.0859
1.0728
1.0711
1.0842
1.0639
1.0566
1.0368
1.0405
1.0339
1.0203
1.0270
1.0125
1.0128
0.9993
0.9959
0.9871
0.9869
0.9714
0.9602
0.9561
0.9299
0.6668
0.7679
0.7691
0.8022
0.8328
0.8528
0.8433
0.8296
0.8422
0.8362
0.8794
0.8614
0.8396
0.8295
0.8151
0.8123
0.8132
0.8305
0.8353
0.8271
0.8199
0.8137
0.8129
0.8143
0.8094
0.8007
0.7879
0.7912
0.7611
0.7656
0.6637
0.6146
0.5488
0.5834
0.6403
0.7285
0.6692
0.6147
0.6021
0.6247
0.6243
0.5961
0.5976
0.6418
0.6064
0.6510
0.6726
0.6922
0.6797
0.6705
0.6670
0.6773
0.6549
0.6684
0.6635
0.6615
0.6729
0.6759
0.6733
0.6696
0.6678
0.6615
0.6570
0.6541
0.6491
0.6494
0.6440
0.6501
0.6462
0.6363
0.6339
0.6359
0.6160
0.1368
0.0789
0.3516
0.1935
0.2739
0.3479
0.4119
0.4913
0.5603
0.5659
0.5810
0.5834
0.5865
0.5847
0.5833
0.5819
0.5819
0.5770
0.5750
0.5763
0.5687
0.5660
0.5674
0.5639
0.5589
0.5602
0.5593
0.5513
0.5433
0.5399
0.5223
0.5283
0.5224
0.5177
0.5214
0.5185
0.5086
0.5159
0.5248
0.5137
0.5044
0.5092
0.5090
0.4989
0.5040
0.4922
0.5114
0.5053
0.5029
0.4896
0.4894
0.4875
0.4746
0.4657
0.4166
0.4123
0.3828
0.3914
0.3775
0.4150
0.3947
0.4564
0.4349
0.3071
0.4265
0.4417
0.4251
0.4479
0.3862
0.4220
0.4156
0.4189
0.4051
0.4330
0.4225
0.4535
0.4392
0.4556
0.4507
0.4514
0.4577
0.4549
0.4488
0.4523
0.4435
0.4569
0.4577
0.4454
0.4454
0.4424
0.4009
0.4372
0.4345
0.4324
0.3814
0.4090
0.4358
0.4440
0.4441
0.4439
0.4422
0.4416
0.4450
0.4476
0.4380
0.4309
0.3798
0.4096
0.4291
0.4248
0.4329
0.4268
0.4326
0.4284
0.4210
0.4150
0.4266
0.4282
0.4266
0.4197
0.4211
0.4073
0.4181
0.4168
0.4187
0.4238
0.4075
0.4090
0.4144
0.4201
0.4155
0.4166
0.4091
0.3933
0.3836
0.3668
0.3439
0.3004
0.3241
0.2479
0.3357
0.2711
0.3023
0.3120
0.3827
0.3705
0.3520
0.2900
0.2964
0.3203
0.2843
0.3043
0.3140
0.2866
0.2860
0.3099
0.2636
0.3342
0.2715
0.3387
0.3414
0.3584
0.3219
0.3427
0.3322
0.3278
0.3245
0.3637
0.2726
0.2551
0.2001
0.1897
0.1396
0.1154
0.0669
0.1168
0.0752
0.0762
0.0937
0.1865
0.2209
0.1743
0.1902
0.1308
0.1344
0.1734
0.0918
0.1752
0.1296
0.2337
0.0698
0.2295
0.1277
0.1634
0.2019
0.1627
0.1567
0.1294
0.2206
0.1792
0.2019
0.2216
0.2126
0.2434
0.2213
0.2434
0.2433
0.2434
0.3164
0.3335
0.3088
0.3479
0.3356
0.2964
0.2815
0.2891
0.2807
0.3139
0.3028
0.3146
0.2986
0.3528
0.3428
0.3317
0.3663
0.3424
0.3741
0.3690
0.3672
0.3751
0.3672
0.3785
0.3778
0.3715
0.3806
0.3800
0.3791
0.3751
0.3753
0.3757
0.3747
0.3800
0.3722
0.3761
0.3711
0.3503
0.3667
0.3751
0.3754
0.3723
0.3727
0.3752
0.3737
0.3738
0.3760
0.3701
0.3724
0.3689
0.3752
0.3625
0.3685
0.3706
0.3649
0.3684
0.3667
0.3710
0.3710
0.3699
0.3710
0.3676
0.3705
0.3695
0.3704
0.3648
0.3676
0.3695
0.3700
0.3668
0.3657
0.3689
0.3670
0.3677
0.3685
0.3655
0.3678
0.3664
0.3575
0.3636
0.3675
0.3661
0.3643
0.3653
0.3638
0.3633
0.3625
0.3643
0.3638
0.3636
0.3605
0.3502
0.3606
0.3529
0.3601
0.3549
0.3611
0.3601
0.3539
0.3564
0.3566
0.3381
0.3494
0.3570
0.3570
0.3508
0.3619
0.3457
0.3593
0.3539
0.3539
0.3555
0.3517
0.3427
0.3484
0.3543
0.3433
0.3528
0.3301
0.3384
0.3547
0.3470
0.3336
0.3539
0.3503
0.3083
0.3264
0.3156
0.3056
0.3519
0.3065
0.3101
0.2973
0.3047
0.2880
0.2870
0.2884
0.3129
0.2463
0.2996
0.2582
0.2570
0.2987
0.2072
0.2589
0.1684
0.1884
0.1573
0.1270
0.0503
0.1378
0.0718
0.0902
0.1184
0.0521
0.0819
0.0696
0.0926
0.0332
0.1013
0.0640
0.0685
0.0457
0.1919
0.1523
0.0999
0.0272
0.0101
0.0844
0.1890
0.1337
0.1967
0.1690
0.1279
0.1489
0.2070
0.0753
0.0973
0.1052
0.0396
0.1817
0.1467
0.0818
0.1371
0.1672
0.1610
0.0965
0.2126
0.1910
0.2143
0.2127
0.2304
0.1962
0.2385
0.2406
0.3227
0.2773
0.2686
0.2597
0.2844
0.2916
0.2946
0.3200
0.3133
0.3184
0.3201
0.2367
0.3184
0.3361
0.3336
0.2547
0.3428
0.3129
0.3237
0.2303
0.3132
0.3002
0.2918
0.3424
0.3276
0.2413
0.2998
0.3341
0.3233
0.3432
0.3300
0.3411
0.3257
0.3149
0.3489
0.3179
0.2677
0.3295
0.3218
0.3224
0.3207
0.2682
0.3239
0.3570
0.3197
0.3229
0.3091
0.3389
0.3162
0.3186
0.3527
0.3266
0.3224
0.3520
0.3442
0.3478
0.3388
0.3480
0.3541
0.3441
0.3390
0.3426
0.3541
0.3591
0.3327
0.3590
0.3601
0.3551
0.3649
0.3611
0.3521
0.3652
0.3618
0.3655
0.3616
0.3657
0.3622
0.3612
0.3627
0.3636
0.3603
0.3591
0.3606
0.3634
0.3624
0.3639
0.3652
0.3637
0.3607
0.3599
0.3578
0.3551
0.3613
0.3534
0.3499
0.3582
0.3444
0.3480
0.3327
0.3203
0.3245
0.3016
0.3217
0.3137
0.3165
0.3025
0.2016
0.3172
0.3347
0.3356
0.3340
0.3343
0.3399
0.3441
0.3472
0.3539
0.3519
0.3502
0.3435
0.3104
0.3394
0.3510
0.3542
0.3572
0.3535
0.3521
0.3437
0.3471
0.3517
0.3339
0.3482
0.3415
0.3428
0.3300
0.3149
0.3327
0.3473
0.3006
0.3088
0.3343
0.2958
0.2571
0.3287
0.3297
0.2626
0.2982
0.3305
0.2594
0.2878
0.2878
0.2710
0.2495
0.2476
0.2812
0.2711
0.2898
0.2337
0.2254
0.2605
0.2639
0.2035
0.2297
0.2823
0.2460
0.2338
0.2061
0.1563
0.2019
0.1277
0.1287
0.1794
0.1497
0.2047
0.1626
0.1460
0.1581
0.1572
0.1498
0.1518
0.1587
0.1135
0.0676
0.0975
0.0521
0.0539
0.0043
0.0145
0.0144
0.0042
0.0014
0.0001
0.0003
0.0000
0.0000
0.0001
0.0000
0.0000
0.0000
0.0000
0.0000
0.0000
0.0000
0.0000
0.0000
0.0000
0.0000
0.0000
0.0000
0.0000
0.0000
0.0000
0.0002
0.0003
0.0002
0.0001
0.0010
0.0000
0.0001
0.0000
0.0000
0.0000
0.0000
0.0000
0.0000
0.0002
0.0000
0.0005
0.0005
0.0003
0.0000
0.0001
0.0001
0.0000
0.0000
0.0000
0.0012
0.0008
0.0000
0.0000
0.0017
0.0022
0.0007
0.0000
0.0019
0.0002
0.0016
0.0006
0.0004
0.0020
0.0025
0.0221
0.0003
0.0002
0.0337
0.0111
0.0129
0.0020
0.0079
0.0087
0.0440
0.0088
0.0162
0.0246
0.0265
0.0472
0.0043
0.0363
0.0588
0.0479
0.0024
0.0343
0.0201
0.0205
0.0368
0.0287
0.0127
0.0490
0.0380
0.0306
0.0349
0.0434
0.0595
0.0479
0.0223
0.0349
0.1116
0.0985
0.0265
0.0109
0.0603
0.0793
0.1331
0.0640
0.0857
0.1133
0.1322
0.1581
0.0828
0.0876
0.1268
0.0420
0.1475
0.0908
0.0634
0.0351
0.0749
0.0923
0.0484
0.0174
0.0456
0.0685
0.0950
0.1802
0.0671
0.0681
0.0620
0.1173
0.0593
0.1128
0.0572
0.1454
0.1346
0.1225
0.1209
0.0594
0.0923
0.1861
0.1715
0.1941
0.1614
0.1783
0.2001
0.1794
0.1657
0.2247
0.1866
0.2141
0.2467
0.2614
0.2300
0.1822
0.1579
0.1814
0.2541
0.2516
0.2397
0.1844
0.2670
0.2614
0.2574
0.2394
0.2230
0.2626
0.2539
0.2465
0.2493
0.2417
0.2617
0.2722
0.2611
0.2773
0.2727
0.2564
0.2650
0.2598
0.2768
0.2701
0.2531
0.2675
0.2761
0.2750
0.2668
0.2649
0.2726
0.2714
0.2701
0.2711
0.2631
0.2673
0.2676
0.2704
0.2705
0.2754
0.2732
0.2716
0.2653
0.2720
0.2685
0.2692
0.2705
0.2700
0.2635
0.2664
0.2620
0.2695
0.2674
0.2670
0.2647
0.2690
0.2666
0.2657
0.2617
0.2664
0.2616
0.2623
0.2564
0.2538
0.2411
0.2344
0.2371
0.2335
0.2409
0.2392
0.2462
0.2155
0.2346
0.2362
0.2441
0.2482
0.2415
0.2471
0.2486
0.2583
0.2553
0.2526
0.2507
0.2320
0.2414
0.2416
0.2519
0.2580
0.2559
0.2579
0.2442
0.2466
0.2539
0.2417
0.2378
0.2230
0.2239
0.2237
0.2282
0.2366
0.2411
0.2327
0.2297
0.2270
0.2174
0.2266
0.2305
0.2369
0.2381
0.2408
0.2302
0.2344
0.2432
0.2407
0.2342
0.2340
0.2373
0.2422
0.2424
0.2375
0.2394
0.2405
0.2409
0.2410
0.2362
0.2377
0.2379
0.2323
0.2325
0.2333
0.2350
0.2266
0.2197
0.2199
0.2147
0.2192
0.2204
0.2149
0.2231
0.2178
0.2170
0.2272
0.2160
0.2181
0.2247
0.2080
0.2231
0.2222
0.2152
0.2217
0.2204
0.2216
0.2242
0.2205
0.2226
0.2231
0.2183
0.2216
0.2202
0.2110
0.1782
0.2099
0.2138
0.2143
0.2208
0.2179
0.2106
0.2153
0.2148
0.2126
0.2105
0.2113
0.2081
0.2120
0.2045
0.1935
0.2026
0.2079
0.1969
0.2120
0.2090
0.2036
0.2089
0.2059
0.2039
0.1918
0.2057
0.2099
0.2034
0.2082
0.2078
0.1798
0.2059
0.2040
0.1983
0.2003
0.2024
0.2003
0.1982
0.1962
0.1942
0.1922
0.1902
0.1882
0.1862
0.1866
0.1869
0.1872
0.1875
0.1878
0.1873
0.1867
0.1862
0.1856
0.1851
0.1833
0.1815
0.1797
0.1779
0.1761
0.1753
0.1745
0.1737
0.1728
0.1720
0.1695
0.1670
0.1645
0.1620
0.1595
0.1608
0.1621
0.1634
0.1646
0.1659
0.1633
0.1606
0.1579
0.1553
0.1526
0.1547
0.1568
0.1589
0.1611
0.1632
0.1606
0.1581
0.1556
0.1531
0.1506
0.1519
0.1533
0.1546
0.1560
0.1573
0.1519
0.1466
0.1412
0.1359
0.1305
0.1322
0.1339
0.1357
0.1374
0.1391
0.1338
0.1285
0.1232
0.1179
0.1126
0.1098
0.1069
0.1041
0.1013
0.0985
0.0938
0.0892
0.0846
0.0800
0.0753
0.0777
0.0800
0.0823
0.0846
0.0869
0.0787
0.0705
0.0623
0.0541
0.0458
0.0429
0.0399
0.0370
0.0340
0.0311
0.0277
0.0244
0.0211
0.0178
0.0144
0.0134
0.0124
0.0114
0.0104
0.0094
0.0082
0.0069
0.0057
0.0044
0.0032
0.0027
0.0023
0.0019
0.0014
0.0010
0.0010
0.0011
0.0011
0.0012
0.0012
0.0010
0.0007
0.0005
0.0003
0.0000
0.0000
0.0000
0.0000
0.0000
0.0000
0.0000
0.0000
0.0000
0.0000
0.0000
0.0000
0.0000
0.0000
0.0000
0.0000
0.0000
0.0000
0.0000
0.0000
0.0000
0.0000
0.0000
0.0000
0.0000
0.0000
0.0000
0.0000
0.0000
0.0000
0.0000
0.0000
0.0000
0.0000
0.0000
0.0000
0.0000
0.0000
0.0000
0.0000
0.0000
0.0000
0.0000
0.0000
0.0000
0.0000
0.0000
0.0000
0.0000
0.0001
0.0001
0.0001
0.0001
0.0001
0.0000
0.0000
0.0001
0.0001
0.0001
0.0002
0.0002
0.0002
0.0002
0.0002
0.0001
0.0001
0.0001
0.0001
0.0001
0.0000
0.0000
0.0000
0.0000
0.0000
0.0000
0.0000
0.0000
0.0000
0.0000
0.0000
0.0000
0.0000
0.0000
0.0000
0.0000
0.0000
0.0001
0.0002
0.0003
0.0003
0.0004
0.0005
0.0006
0.0007
0.0008
0.0009
0.0008
0.0007
0.0007
0.0006
0.0005
0.0011
0.0017
0.0023
0.0028
0.0034
0.0033
0.0033
0.0032
0.0032
0.0031
0.0045
0.0060
0.0074
0.0088
0.0103
0.0114
0.0125
0.0136
0.0147
0.0158
0.0145
0.0133
0.0120
0.0107
0.0095
0.0117
0.0140
0.0162
0.0184
0.0207
0.0219
0.0232
0.0244
0.0257
0.0269
0.0307
0.0346
0.0384
0.0422
0.0460
0.0496
0.0531
0.0567
0.0603
0.0638
0.0653
0.0667
0.0681
0.0695
0.0710
0.0724
0.0738
0.0752
0.0766
0.0780
0.0784
0.0789
0.0794
0.0798
0.0803
0.0794
0.0786
0.0777
0.0769
0.0761
0.0680
0.0599
0.0518
0.0438
0.0357
0.0314
0.0270
0.0227
0.0184
0.0140
0.0186
0.0233
0.0279
0.0325
0.0371
0.0347
0.0322
0.0298
0.0273
0.0249
0.0283
0.0317
0.0351
0.0385
0.0419
0.0473
0.0527
0.0581
0.0635
0.0689
0.0709
0.0729
0.0749
0.0769
0.0789
0.0811
0.0832
0.0853
0.0874
0.0896
0.0883
0.0871
0.0858
0.0846
0.0834
0.0836
0.0838
0.0840
0.0842
0.0845
0.0802
0.0759
0.0715
0.0672
0.0629
0.0605
0.0581
0.0557
0.0532
0.0508
0.0535
0.0561
0.0587
0.0614
0.0640
0.0626
0.0613
0.0599
0.0585
0.0572
0.0579
0.0586
0.0592
0.0599
0.0606
0.0628
0.0649
0.0671
0.0693
0.0714
0.0731
0.0748
0.0766
0.0783
0.0800
0.0797
0.0793
0.0790
0.0787
0.0783
0.0791
0.0798
0.0805
0.0812
0.0819
0.0820
0.0822
0.0823
0.0824
0.0825
0.0818
0.0811
0.0804
0.0798
0.0791
0.0803
0.0816
0.0829
0.0842
0.0854
0.0848
0.0841
0.0835
0.0828
0.0822
0.0825
0.0829
0.0832
0.0836
0.0839
0.0832
0.0824
0.0817
0.0809
0.0801
0.0803
0.0805
0.0807
0.0808
0.0810
0.0812
0.0814
0.0816
0.0818
0.0820
0.0820
0.0821
0.0821
0.0821
0.0822
0.0823
0.0824
0.0825
0.0826
0.0828
0.0825
0.0823
0.0820
0.0818
0.0815
0.0806
0.0797
0.0788
0.0779
0.0770
0.0771
0.0771
0.0771
0.0771
0.0772
0.0770
0.0769
0.0768
0.0766
0.0765
0.0750
0.0736
0.0722
0.0707
0.0693
0.0703
0.0713
0.0723
0.0734
0.0744
0.0741
0.0738
0.0735
0.0732
0.0729
0.0732
0.0734
0.0736
0.0739
0.0741
0.0728
0.0714
0.0701
0.0688
0.0675
0.0683
0.0691
0.0699
0.0707
0.0715
0.0715
0.0715
0.0714
0.0714
0.0714
0.0700
0.0685
0.0671
0.0657
0.0643
0.0648
0.0653
0.0658
0.0663
0.0668
0.0677
0.0687
0.0696
0.0706
0.0715
0.0710
0.0704
0.0698
0.0693
0.0687
0.0690
0.0692
0.0695
0.0697
0.0700
0.0696
0.0691
0.0687
0.0683
0.0679
0.0679
0.0680
0.0680
0.0681
0.0681
0.0678
0.0676
0.0673
0.0670
0.0668
0.0665
0.0663
0.0661
0.0659
0.0656
0.0652
0.0648
0.0644
0.0640
0.0636
0.0637
0.0639
0.0641
0.0643
0.0645
0.0637
0.0630
0.0622
0.0614
0.0606
0.0605
0.0604
0.0602
0.0601
0.0599
0.0601
0.0603
0.0605
0.0608
0.0610
0.0604
0.0598
0.0592
0.0586
0.0580
0.0578
0.0577
0.0575
0.0574
0.0572
0.0576
0.0580
0.0584
0.0588
0.0592
0.0586
0.0580
0.0575
0.0569
0.0563
0.0563
0.0563
0.0563
0.0564
0.0564
0.0560
0.0557
0.0553
0.0550
0.0546
0.0542
0.0537
0.0533
0.0528
0.0524
0.0525
0.0525
0.0526
0.0526
0.0527
0.0535
0.0543
0.0552
0.0560
0.0568
0.0558
0.0548
0.0537
0.0527
0.0517
0.0506
0.0495
0.0484
0.0473
0.0462
0.0470
0.0477
0.0485
0.0492
0.0499
0.0500
0.0501
0.0502
0.0503
0.0504
0.0506
0.0508
0.0510
0.0512
0.0514
0.0493
0.0471
0.0450
0.0428
0.0406
0.0416
0.0426
0.0436
0.0446
0.0455
0.0438
0.0420
0.0403
0.0385
0.0368
0.0378
0.0389
0.0399
0.0410
0.0420
0.0425
0.0430
0.0435
0.0440
0.0444
0.0443
0.0441
0.0440
0.0438
0.0437
0.0404
0.0371
0.0338
0.0305
0.0272
0.0296
0.0319
0.0343
0.0366
0.0390
0.0387
0.0384
0.0381
0.0379
0.0376
0.0355
0.0334
0.0313
0.0293
0.0272
0.0283
0.0294
0.0305
0.0316
0.0327
0.0333
0.0340
0.0346
0.0352
0.0358
0.0364
0.0370
0.0377
0.0383
0.0389
0.0370
0.0352
0.0333
0.0315
0.0296
0.0296
0.0297
0.0297
0.0297
0.0298
0.0286
0.0275
0.0263
0.0252
0.0240
0.0239
0.0238
0.0236
0.0235
0.0234
0.0245
0.0257
0.0268
0.0279
0.0291
0.0312
0.0333
0.0354
0.0375
0.0396
0.0343
0.0290
0.0237
0.0184
0.0131
0.0180
0.0230
0.0280
0.0330
0.0380
0.0340
0.0301
0.0261
0.0222
0.0183
0.0170
0.0157
0.0145
0.0132
0.0119
0.0139
0.0159
0.0179
0.0198
0.0218
0.0233
0.0248
0.0263
0.0278
0.0292
0.0276
0.0260
0.0244
0.0228
0.0212
0.0199
0.0186
0.0173
0.0159
0.0146
0.0146
0.0146
0.0145
0.0145
0.0144
0.0129
0.0115
0.0100
0.0085
0.0070
0.0066
0.0062
0.0058
0.0053
0.0049
0.0045
0.0042
0.0038
0.0034
0.0031
0.0030
0.0028
0.0027
0.0026
0.0025
0.0032
0.0040
0.0047
0.0054
0.0062
