0.8086
0.7558
0.7100
0.6719
0.6413
0.6171
0.5986
0.5851
0.5758
0.5701
0.5676
0.5680
0.5709
0.5761
0.5833
0.5926
0.6035
0.6162
0.6303
0.6459
0.6627
0.6809
0.6999
0.7199
0.7404
0.7617
0.7831
0.8045
0.8258
0.8465
0.8665
0.8856
0.9031
0.9191
0.9333
0.9456
0.9555
0.9631
0.9684
0.9712
0.9716
0.9698
0.9657
0.9595
0.9516
0.9420
0.9310
0.9187
0.9055
0.8915
0.8768
0.8619
0.8466
0.8313
0.8160
0.8009
0.7859
0.7715
0.7572
0.7436
0.7303
0.7176
0.7054
0.6938
0.6826
0.6721
0.6622
0.6528
0.6439
0.6357
0.6279
0.6207
0.6140
0.6078
0.6021
0.5968
0.5920
0.5876
0.5837
0.5802
0.5771
0.5744
0.5721
0.5702
0.5686
0.5675
0.5666
0.5660
0.5658
0.5659
0.5664
0.5671
0.5682
0.5695
0.5711
0.5730
0.5752
0.5776
0.5803
0.5833
0.5865
0.5899
0.5935
0.5975
0.6017
0.6060
0.6106
0.6154
0.6204
0.6255
0.6310
0.6366
0.6424
0.6483
0.6544
0.6606
0.6670
0.6736
0.6803
0.6871
0.6941
0.7011
0.7083
0.7155
0.7229
0.7303
0.7377
0.7451
0.7528
0.7603
0.7679
0.7755
0.7830
0.7906
0.7981
0.8054
0.8129
0.8202
0.8275
0.8347
0.8417
0.8486
0.8555
0.8621
0.8687
0.8750
0.8813
0.8873
0.8932
0.8988
0.9043
0.9096
0.9146
0.9195
0.9242
0.9286
0.9328
0.9369
0.9406
0.9442
0.9476
0.9508
0.9537
0.9565
0.9590
0.9613
0.9635
0.9654
0.9671
0.9687
0.9701
0.9714
0.9724
0.9734
0.9741
0.9748
0.9753
0.9757
0.9759
0.9761
0.9761
0.9760
0.9759
0.9757
0.9754
0.9750
0.9746
0.9741
0.9736
0.9730
0.9724
0.9718
0.9711
0.9704
0.9697
0.9690
0.9683
0.9675
0.9668
0.9661
0.9654
0.9647
0.9640
0.9634
0.9628
0.9622
0.9616
0.9611
0.9606
0.9601
0.9596
0.9593
0.9589
0.9586
0.9583
0.9580
0.9578
0.9577
0.9576
0.9575
0.9575
0.9575
0.9576
0.9577
0.9579
0.9580
0.9583
0.9586
0.9589
0.9592
0.9596
0.9601
0.9605
0.9610
0.9616
0.9621
0.9627
0.9634
0.9641
0.9647
0.9655
0.9662
0.9669
0.9677
0.9685
0.9693
0.9702
0.9710
0.9718
0.9727
0.9736
0.9744
0.9753
0.9762
0.9770
0.9779
0.9787
0.9795
0.9804
0.9811
0.9819
0.9827
0.9834
0.9842
0.9849
0.9855
0.9862
0.9867
0.9873
0.9878
0.9883
0.9888
0.9891
0.9895
0.9898
0.9900
0.9902
0.9904
0.9905
0.9905
0.9905
0.9904
0.9902
0.9900
0.9897
0.9894
0.9889
0.9884
0.9879
0.9872
0.9865
0.9858
0.9849
0.9840
0.9830
0.9819
0.9808
0.9795
0.9782
0.9768
0.9754
0.9739
0.9722
0.9706
0.9688
0.9670
0.9650
0.9631
0.9610
0.9589
0.9567
0.9544
0.9521
0.9497
0.9472
0.9447
0.9420
0.9394
0.9367
0.9339
0.9310
0.9281
0.9252
0.9221
0.9191
0.9159
0.9128
0.9095
0.9063
0.9030
0.8996
0.8962
0.8928
0.8893
0.8858
0.8823
0.8787
0.8751
0.8714
0.8678
0.8641
0.8604
0.8567
0.8529
0.8491
0.8453
0.8415
0.8377
0.8339
0.8301
0.8262
0.8223
0.8185
0.8146
0.8108
0.8069
0.8030
0.7991
0.7953
0.7914
0.7875
0.7837
0.7798
0.7760
0.7722
0.7683
0.7646
0.7608
0.7570
0.7532
0.7494
0.7457
0.7420
0.7383
0.7346
0.7309
0.7273
0.7237
0.7200
0.7165
0.7129
0.7093
0.7059
0.7024
0.6989
0.6955
0.6920
0.6886
0.6853
0.6819
0.6786
0.6753
0.6720
0.6688
0.6656
0.6624
0.6593
0.6561
0.6530
0.6500
0.6469
0.6439
0.6409
0.6379
0.6350
0.6321
0.6292
0.6264
0.6236
0.6208
0.6181
0.6153
0.6126
0.6099
0.6073
0.6047
0.6021
0.5995
0.5970
0.5945
0.5920
0.5895
0.5871
0.5847
0.5824
0.5800
0.5777
0.5754
0.5732
0.5710
0.5687
0.5666
0.5644
0.5623
0.5602
0.5581
0.5560
0.5540
0.5521
0.5501
0.5481
0.5462
0.5443
0.5424
0.5406
0.5388
0.5370
0.5352
0.5335
0.5317
0.5300
0.5283
0.5266
0.5250
0.5234
0.5218
0.5202
0.5187
0.5172
0.5157
0.5142
0.5127
0.5113
0.5098
0.5085
0.5071
0.5057
0.5044
0.5031
0.5018
0.5005
0.4992
0.4980
0.4967
0.4955
0.4944
0.4932
0.4920
0.4909
0.4898
0.4887
0.4876
0.4866
0.4855
0.4845
0.4835
0.4825
0.4815
0.4806
0.4796
0.4787
0.4778
0.4769
0.4760
0.4752
0.4743
0.4735
0.4727
0.4719
0.4711
0.4703
0.4696
0.4688
0.4681
0.4674
0.4667
0.4660
0.4654
0.4648
0.4641
0.4635
0.4628
0.4623
0.4617
0.4611
0.4606
0.4600
0.4595
0.4590
0.4585
0.4580
0.4575
0.4570
0.4565
0.4561
0.4557
0.4553
0.4549
0.4545
0.4541
0.4537
0.4533
0.4530
0.4527
0.4523
0.4520
0.4517
0.4514
0.4511
0.4509
0.4506
0.4504
0.4501
0.4499
0.4497
0.4495
0.4493
0.4491
0.4489
0.4487
0.4486
0.4484
0.4483
0.4482
0.4481
0.4479
0.4478
0.4477
0.4477
0.4476
0.4475
0.4475
0.4474
0.4474
0.4474
0.4473
0.4474
0.4474
0.4474
0.4474
0.4474
0.4474
0.4475
0.4476
0.4476
0.4477
0.4478
0.4478
0.4479
0.4481
0.4482
0.4483
0.4484
0.4486
0.4487
0.4488
0.4490
0.4492
0.4494
0.4495
0.4497
0.4499
0.4501
0.4503
0.4506
0.4508
0.4510
0.4513
0.4515
0.4518
0.4520
0.4523
0.4526
0.4529
0.4532
0.4535
0.4538
0.4541
0.4544
0.4548
0.4551
0.4555
0.4558
0.4561
0.4565
0.4569
0.4572
0.4577
0.4580
0.4584
0.4588
0.4592
0.4596
0.4600
0.4605
0.4610
0.4614
0.4618
0.4623
0.4627
0.4632
0.4637
0.4641
0.4647
0.4651
0.4656
0.4661
0.4666
0.4671
0.4676
0.4682
0.4687
0.4693
0.4698
0.4704
0.4709
0.4715
0.4720
0.4726
0.4732
0.4738
0.4744
0.4750
0.4756
0.4762
0.4768
0.4774
0.4780
0.4786
0.4792
0.4799
0.4806
0.4812
0.4819
0.4825
0.4832
0.4838
0.4845
0.4852
0.4859
0.4866
0.4873
0.4880
0.4887
0.4894
0.4901
0.4908
0.4915
0.4923
0.4931
0.4938
0.4945
0.4953
0.4960
0.4968
0.4975
0.4983
0.4991
0.4998
0.5007
0.5015
0.5023
0.5031
0.5038
0.5046
0.5055
0.5063
0.5071
0.5079
0.5087
0.5096
0.5105
0.5113
0.5121
0.5130
0.5138
0.5147
0.5155
0.5164
0.5173
0.5182
0.5191
0.5200
0.5209
0.5217
0.5226
0.5235
0.5244
0.5253
0.5263
0.5272
0.5281
0.5291
0.5300
0.5309
0.5319
0.5328
0.5337
0.5347
0.5356
0.5366
0.5375
0.5385
0.5395
0.5405
0.5415
0.5425
0.5434
0.5444
0.5454
0.5464
0.5474
0.5484
0.5494
0.5504
0.5514
0.5525
0.5535
0.5545
0.5555
0.5566
0.5576
0.5586
0.5597
0.5607
0.5617
0.5628
0.5638
0.5650
0.5660
0.5671
0.5681
0.5692
0.5703
0.5713
0.5724
0.5735
0.5746
0.5756
0.5767
0.5778
0.5789
0.5801
0.5812
0.5823
0.5834
0.5845
0.5856
0.5867
0.5878
0.5889
0.5900
0.5912
0.5923
0.5934
0.5946
0.5958
0.5969
0.5980
0.5992
0.6003
0.6014
0.6026
0.6037
0.6049
0.6061
0.6072
0.6084
0.6095
0.6107
0.6119
0.6131
0.6143
0.6154
0.6166
0.6178
0.6190
0.6201
0.6213
0.6225
0.6237
0.6249
0.6261
0.6273
0.6284
0.6297
0.6309
0.6321
0.6333
0.6345
0.6357
0.6369
0.6381
0.6393
0.6405
0.6417
0.6430
0.6442
0.6454
0.6466
0.6479
0.6491
0.6503
0.6516
0.6528
0.6540
0.6552
0.6565
0.6577
0.6589
0.6601
0.6614
0.6626
0.6638
0.6651
0.6663
0.6675
0.6689
0.6701
0.6713
0.6726
0.6738
0.6750
0.6763
0.6775
0.6788
0.6800
0.6812
0.6825
0.6837
0.6850
0.6862
0.6875
0.6887
0.6901
0.6913
0.6925
0.6938
0.6950
0.6963
0.6975
0.6988
0.7000
0.7013
0.7025
0.7038
0.7050
0.7063
0.7075
0.7088
0.7100
0.7113
0.7126
0.7138
0.7151
0.7163
0.7176
0.7188
0.7201
0.7213
0.7226
0.7238
0.7251
0.7263
0.7275
0.7288
0.7300
0.7313
0.7325
0.7338
0.7350
0.7363
0.7376
0.7388
0.7400
0.7413
0.7425
0.7437
0.7450
0.7462
0.7474
0.7487
0.7499
0.7511
0.7524
0.7536
0.7548
0.7560
0.7573
0.7585
0.7597
0.7610
0.7622
0.7634
0.7646
0.7659
0.7671
0.7683
0.7695
0.7707
0.7719
0.7731
0.7743
0.7755
0.7767
0.7779
0.7791
0.7803
0.7815
0.7827
0.7839
0.7851
0.7863
0.7875
0.7887
0.7899
0.7910
0.7922
0.7934
0.7946
0.7957
0.7969
0.7981
0.7992
0.8004
0.8016
0.8027
0.8039
0.8050
0.8062
0.8073
0.8085
0.8096
0.8108
0.8119
0.8131
0.8142
0.8154
0.8165
0.8176
0.8187
0.8199
0.8210
0.8221
0.8232
0.8243
0.8254
0.8265
0.8276
0.8287
0.8298
0.8309
0.8320
0.8331
0.8342
0.8353
0.8364
0.8374
0.8385
0.8397
0.8407
0.8418
0.8428
0.8439
0.8450
0.8460
0.8471
0.8481
0.8492
0.8502
0.8512
0.8523
0.8533
0.8543
0.8554
0.8564
0.8574
0.8584
0.8594
0.8604
0.8614
0.8624
0.8634
0.8644
0.8655
0.8665
0.8675
0.8684
0.8694
0.8704
0.8714
0.8723
0.8733
0.8743
0.8752
0.8762
0.8771
0.8781
0.8790
0.8800
0.8809
0.8818
0.8828
0.8837
0.8846
0.8855
0.8864
0.8873
0.8882
0.8892
0.8900
0.8910
0.8919
0.8928
0.8937
0.8945
0.8954
0.8963
0.8972
0.8980
0.8989
0.8998
0.9006
0.9015
0.9023
0.9031
0.9040
0.9048
0.9056
0.9065
0.9073
0.9081
0.9089
0.9097
0.9106
0.9114
0.9122
0.9130
0.9137
0.9145
0.9154
0.9161
0.9169
0.9177
0.9185
0.9192
0.9200
0.9207
0.9215
0.9223
0.9230
0.9237
0.9245
0.9252
0.9259
0.9267
0.9274
0.9281
0.9288
0.9295
0.9302
0.9309
0.9316
0.9323
0.9330
0.9337
0.9344
0.9350
0.9357
0.9364
0.9371
0.9378
0.9384
0.9391
0.9397
0.9404
0.9410
0.9416
0.9423
0.9429
0.9435
0.9442
0.9448
0.9454
0.9460
0.9466
0.9472
0.9478
0.9484
0.9490
0.9496
0.9501
0.9507
0.9513
0.9519
0.9524
0.9530
0.9536
0.9541
0.9547
0.9552
0.9557
0.9563
0.9568
0.9574
0.9579
0.9584
0.9590
0.9595
0.9600
0.9605
0.9610
0.9615
0.9620
0.9625
0.9630
0.9635
0.9639
0.9644
0.9649
0.9654
0.9658
0.9663
0.9667
0.9672
0.9676
0.9681
0.9685
0.9690
0.9694
0.9698
0.9703
0.9707
0.9711
0.9715
0.9720
0.9724
0.9728
0.9732
0.9736
0.9740
0.9744
0.9748
0.9752
0.9755
0.9759
0.9763
0.9767
0.9770
0.9774
0.9778
0.9781
0.9785
0.9788
0.9792
0.9795
0.9798
0.9802
0.9805
0.9808
0.9812
0.9815
0.9818
0.9821
0.9824
0.9827
0.9830
0.9833
0.9836
0.9839
0.9842
0.9845
0.9848
0.9851
0.9854
0.9857
0.9859
0.9862
0.9865
0.9867
0.9870
0.9872
0.9875
0.9877
0.9880
0.9882
0.9885
0.9887
0.9889
0.9892
0.9894
0.9896
0.9899
0.9901
0.9903
0.9905
0.9907
0.9909
0.9911
0.9913
0.9915
0.9917
0.9919
0.9921
0.9923
0.9925
0.9927
0.9928
0.9930
0.9932
0.9933
0.9935
0.9937
0.9938
0.9940
0.9942
0.9943
0.9945
0.9946
0.9948
0.9949
0.9950
0.9952
0.9953
0.9954
0.9956
0.9957
0.9958
0.9959
0.9960
0.9962
0.9963
0.9964
0.9965
0.9966
0.9967
0.9968
0.9969
0.9970
0.9971
0.9972
0.9973
0.9974
0.9974
0.9975
0.9976
0.9977
0.9977
0.9978
0.9979
0.9980
0.9980
0.9981
0.9981
0.9982
0.9982
0.9983
0.9984
0.9984
0.9984
0.9985
0.9985
0.9986
0.9986
0.9986
0.9987
0.9987
0.9987
0.9988
0.9988
0.9988
0.9988
0.9988
0.9989
0.9989
0.9989
0.9989
0.9989
0.9989
0.9989
0.9989
0.9989
0.9989
0.9989
0.9989
0.9989
0.9989
0.9989
0.9989
0.9989
0.9988
0.9988
0.9988
0.9988
0.9988
0.9987
0.9987
0.9987
0.9986
0.9986
0.9986
0.9985
0.9985
0.9985
0.9984
0.9984
0.9983
0.9983
0.9982
0.9982
0.9981
0.9981
0.9980
0.9980
0.9979
0.9979
0.9978
0.9977
0.9977
0.9976
0.9975
0.9975
0.9974
0.9973
0.9973
0.9972
0.9971
0.9970
0.9970
0.9969
0.9968
0.9967
0.9966
0.9965
0.9965
0.9964
0.9963
0.9962
0.9961
0.9960
0.9959
0.9958
0.9957
0.9956
0.9955
0.9954
0.9953
0.9952
0.9951
0.9950
0.9949
0.9948
0.9947
0.9946
0.9945
0.9943
0.9942
0.9941
0.9940
0.9939
0.9938
0.9936
0.9935
0.9934
0.9933
0.9931
0.9930
0.9929
0.9928
0.9926
0.9925
0.9924
0.9923
0.9921
0.9920
0.9919
0.9917
0.9916
0.9914
0.9913
0.9912
0.9910
0.9909
0.9907
0.9906
0.9905
0.9903
0.9902
0.9900
0.9899
0.9897
0.9896
0.9894
0.9893
0.9891
0.9890
0.9888
0.9887
0.9885
0.9884
0.9882
0.9881
0.9879
0.9877
0.9876
0.9874
0.9873
0.9871
0.9869
0.9868
0.9866
0.9865
0.9863
0.9861
0.9860
0.9858
0.9856
0.9855
0.9853
0.9851
0.9849
0.9848
0.9846
0.9844
0.9843
0.9841
0.9839
0.9837
0.9836
0.9834
0.9832
0.9830
0.9829
0.9827
0.9825
0.9823
0.9822
0.9820
0.9818
0.9816
0.9814
0.9813
0.9811
0.9809
0.9807
0.9805
0.9803
0.9802
0.9800
0.9798
0.9796
0.9794
0.9792
0.9791
0.9789
0.9787
0.9785
0.9783
0.9781
0.9779
0.9777
0.9775
0.9774
0.9772
0.9770
0.9768
0.9766
0.9764
0.9762
0.9760
0.9758
0.9756
0.9754
0.9752
0.9751
0.9749
0.9747
0.9745
0.9743
0.9741
0.9739
0.9737
0.9735
0.9733
0.9731
0.9729
0.9727
0.9725
0.9723
0.9721
0.9719
0.9717
0.9715
0.9713
0.9711
0.9709
0.9707
0.9705
0.9703
0.9701
0.9699
0.9697
0.9695
0.9693
0.9691
0.9689
0.9687
0.9685
0.9683
0.9681
0.9679
0.9677
0.9675
0.9673
0.9671
0.9669
0.9667
0.9665
0.9663
0.9661
0.9659
0.9657
0.9655
0.9653
0.9651
0.9649
0.9647
0.9645
0.9642
0.9640
0.9638
0.9636
0.9634
0.9632
0.9630
0.9628
0.9626
0.9624
0.9622
0.9620
0.9618
0.9616
0.9614
0.9612
0.9610
0.9608
0.9606
0.9604
0.9602
0.9600
0.9597
0.9595
0.9593
0.9591
0.9589
0.9587
0.9585
0.9583
0.9581
0.9579
0.9577
0.9575
0.9573
0.9571
0.9569
0.9567
0.9565
0.9563
0.9561
0.9559
0.9557
0.9555
0.9552
0.9550
0.9548
0.9546
0.9544
0.9542
0.9540
0.9538
0.9536
0.9534
0.9532
0.9530
0.9528
0.9526
0.9524
0.9522
0.9520
0.9518
0.9516
0.9514
0.9512
0.9510
0.9508
0.9506
0.9504
0.9502
0.9500
0.9498
0.9496
0.9494
0.9491
0.9489
0.9487
0.9485
0.9483
0.9481
0.9479
0.9477
0.9475
0.9473
0.9471
0.9469
0.9467
0.9465
0.9463
0.9461
0.9459
0.9457
0.9455
0.9453
0.9451
0.9449
0.9447
0.9445
0.9444
0.9442
0.9440
0.9438
0.9436
0.9434
0.9432
0.9430
0.9428
0.9426
0.9424
0.9422
0.9420
0.9418
0.9416
0.9414
0.9412
0.9410
0.9408
0.9406
0.9404
0.9402
0.9400
0.9398
0.9396
0.9394
0.9393
0.9391
0.9389
0.9387
0.9385
0.9383
0.9381
0.9379
0.9377
0.9375
0.9373
0.9371
0.9369
0.9368
0.9366
0.9364
0.9362
0.9360
0.9358
0.9356
0.9354
0.9352
0.9350
0.9349
0.9347
0.9345
0.9343
0.9341
0.9339
0.9337
0.9335
0.9334
0.9332
0.9330
0.9328
0.9326
0.9324
0.9322
0.9321
0.9319
0.9317
0.9315
0.9313
0.9311
0.9309
0.9308
0.9306
0.9304
0.9302
0.9300
0.9298
0.9297
0.9295
0.9293
0.9291
0.9289
0.9288
0.9286
0.9284
0.9282
0.9280
0.9279
0.9277
0.9275
0.9273
0.9271
0.9270
0.9268
0.9266
0.9264
0.9262
0.9261
0.9259
0.9257
0.9255
0.9254
0.9252
0.9250
0.9248
0.9247
0.9245
0.9243
0.9241
0.9240
0.9238
0.9236
0.9234
0.9233
0.9231
0.9229
0.9228
0.9226
0.9224
0.9222
0.9221
0.9219
0.9217
0.9216
0.9214
0.9212
0.9210
0.9209
0.9207
0.9205
0.9204
0.9202
0.9200
0.9199
0.9197
0.9195
0.9194
0.9192
0.9190
0.9189
0.9187
0.9185
0.9184
0.9182
0.9180
0.9179
0.9177
0.9176
0.9174
0.9172
0.9171
0.9169
0.9167
0.9166
0.9164
0.9163
0.9161
0.9159
0.9158
0.9156
0.9155
0.9153
0.9151
0.9150
0.9148
0.9147
0.9145
0.9143
0.9142
0.9140
0.9139
0.9137
0.9136
0.9134
0.9132
0.9131
0.9129
0.9128
0.9126
0.9125
0.9123
0.9122
0.9120
0.9118
0.9117
0.9115
0.9114
0.9112
0.9111
0.9109
0.9108
0.9106
0.9105
0.9103
0.9102
0.9100
0.9099
0.9097
0.9096
0.9094
0.9093
0.9091
0.9090
0.9088
0.9087
0.9085
0.9084
0.9082
0.9081
0.9080
0.9078
0.9077
0.9075
0.9074
0.9072
0.9071
0.9069
0.9068
0.9067
0.9065
0.9064
0.9062
0.9061
0.9059
0.9058
0.9057
0.9055
0.9054
0.9052
0.9051
0.9050
0.9048
0.9047
0.9045
0.9044
0.9043
0.9041
0.9040
0.9038
0.9037
0.9036
0.9034
0.9033
0.9032
0.9030
0.9029
0.9027
0.9026
0.9025
0.9023
0.9022
0.9021
0.9019
0.9018
0.9017
0.9015
0.9014
0.9013
0.9011
0.9010
0.9009
0.9007
0.9006
0.9005
0.9004
0.9002
0.9001
0.9000
0.8998
0.8997
0.8996
0.8994
0.8993
0.8992
0.8991
0.8989
0.8988
0.8987
0.8986
0.8984
0.8983
0.8982
0.8981
0.8979
0.8978
0.8977
0.8976
0.8974
0.8973
0.8972
0.8971
0.8969
0.8968
0.8967
0.8966
0.8964
0.8963
0.8962
0.8961
0.8960
0.8958
0.8957
0.8956
0.8955
0.8954
0.8952
0.8951
0.8950
0.8949
0.8948
0.8946
0.8945
0.8944
0.8943
0.8942
0.8941
0.8939
0.8938
0.8937
0.8936
0.8935
0.8934
0.8932
0.8931
0.8930
0.8929
0.8928
0.8927
0.8926
0.8925
0.8923
0.8922
0.8921
0.8920
0.8919
0.8918
0.8917
0.8916
0.8914
0.8913
0.8912
0.8911
0.8910
0.8909
0.8908
0.8907
0.8906
0.8905
0.8903
0.8902
0.8901
0.8900
0.8899
0.8898
0.8897
0.8896
0.8895
0.8894
0.8893
0.8892
0.8891
0.8890
0.8889
0.8888
0.8887
0.8886
0.8884
0.8883
0.8882
0.8881
0.8880
0.8879
0.8878
0.8877
0.8876
0.8875
0.8874
0.8873
0.8872
0.8871
0.8870
0.8869
0.8868
0.8867
0.8866
0.8865
0.8864
0.8863
0.8862
0.8861
0.8860
0.8859
0.8858
0.8857
0.8857
0.8856
0.8855
0.8854
0.8853
0.8852
0.8851
0.8850
0.8849
0.8848
0.8847
0.8846
0.8845
0.8844
0.8843
0.8842
0.8841
0.8840
0.8840
0.8839
0.8838
0.8837
0.8836
0.8835
0.8834
0.8833
0.8832
0.8831
0.8831
0.8830
0.8829
0.8828
0.8827
0.8826
0.8825
0.8824
0.8823
0.8822
0.8822
0.8821
0.8820
0.8819
0.8818
0.8817
0.8816
0.8816
0.8815
0.8814
0.8813
0.8812
0.8811
0.8810
0.8810
0.8809
0.8808
0.8807
0.8806
0.8805
0.8805
0.8804
0.8803
0.8802
0.8801
0.8800
0.8800
0.8799
0.8798
0.8797
0.8796
0.8796
0.8795
0.8794
0.8793
0.8792
0.8792
0.8791
0.8790
0.8789
0.8788
0.8788
0.8787
0.8786
0.8785
0.8785
0.8784
0.8783
0.8782
0.8782
0.8781
0.8780
0.8779
0.8778
0.8778
0.8777
0.8776
0.8775
0.8775
0.8774
0.8773
0.8772
0.8772
0.8771
0.8770
0.8770
0.8769
0.8768
0.8767
0.8767
0.8766
0.8765
0.8765
0.8764
0.8763
0.8762
0.8762
0.8761
0.8760
0.8760
0.8759
0.8758
0.8757
0.8757
0.8756
0.8755
0.8755
0.8754
0.8753
0.8753
0.8752
0.8751
0.8751
0.8750
0.8749
0.8749
0.8748
0.8747
0.8747
0.8746
0.8745
0.8745
0.8744
0.8743
0.8743
0.8742
0.8741
0.8741
0.8740
0.8739
0.8739
0.8738
0.8738
