0.19642472 -0.35594229 1.01617296 -0.15239964 -0.21711283 -0.32647214 0.05547394 -0.49584351
-0.98815042 -0.69335034 0.28010838 -0.63310247 0.95280253 -0.15351499 0.91785691 -1.09828934
-0.41149526 1.09542119 0.60074745 -0.41095396 -0.72123931 0.14554355 0.01240026 -0.61918316
0.36439940 -0.13844202 0.58726857 0.12829291 0.26189989 -0.98358171 -0.18090789 0.53216104
-0.08553234 -0.04865201 0.43354816 0.10423542 0.02199250 0.72967663 0.76236154 0.06178664
-0.34324208 0.22260261 0.34920760 -0.53439084 0.14324561 0.37796633 0.85410556 -1.04102176
0.00877466 -0.11853453 0.05305412 -0.14864812 -0.02499476 0.61096745 0.50780040 -0.09623985
0.86425714 -0.08609770 -0.45006672 0.05878873 0.12878263 -0.62454951 -0.24444696 -0.56032763
-0.42825303 -0.33851017 -0.21711159 -1.18508601 0.21565065 -0.44303828 -0.08246886 -0.62951796
0.21048122 0.57750812 0.28458265 0.37602271 0.27167507 0.64629840 -0.16921292 0.60729291
-0.23535247 -0.62901711 -0.05535705 -0.41885696 0.15367050 -0.44845170 -0.23888107 0.25507719
-0.52814686 -1.17313749 -0.50440311 -0.16664490 -0.38461700 0.10440822 -0.08693025 0.17306536
0.15653393 -0.57601393 -0.15939371 0.11498767 -0.01177830 0.96739447 -0.08297323 -0.47043247
-0.66504267 0.70684872 -0.63833410 0.99571929 -0.20862053 -0.05405785 -0.56079820 0.49543085
-0.92682995 -0.00167051 -0.15424984 0.74638380 0.21100361 0.26876565 -0.80342523 0.88508788
-0.10751184 0.58518119 0.01532687 0.39160493 -0.88894804 0.31444023 -0.39562079 -0.47196308
0.80849950 0.63861153 -0.66640581 0.08133135 -0.36825884 0.63935414 0.65264762 -0.32625753
-0.65264652 -0.03652153 0.59000573 0.30895747 0.47167604 -0.25931849 -0.26102434 0.51058341
-0.60490139 0.03575723 0.04501930 -0.65166340 0.35270016 0.42263558 -0.18733962 0.31873425
-0.17012301 -0.09297858 -0.93430131 -0.75600694 -0.53413640 0.24178572 -0.34274976 0.69883232
0.11322527 0.05925931 0.12158449 1.04954074 -0.47499899 -0.22375384 0.37349430 0.11257240
-0.49457030 -0.04032229 0.26538140 -0.27880513 0.15871413 0.40609867 0.33994268 -0.24259043
0.76096086 -0.86292914 -0.96349358 0.21160118 0.15248401 -0.27301150 0.02357223 0.15350125
0.31982910 -0.14280311 0.93607077 1.15966582 0.22241643 -0.16027539 -0.08800254 0.80358776
-0.81054369 -0.05874087 -0.03470065 0.01806567 0.20323994 0.47037611 -0.39288008 0.35559976
0.03080445 -0.66390511 0.16339391 0.20877895 0.47495984 0.74441891 -0.66933530 -0.77743447
-0.34440597 0.71864974 -0.89378433 0.52131149 0.02392549 -0.60177660 -0.20184203 -0.16620517
-0.45934199 0.19056826 0.56616441 -0.77713068 -0.25565994 -0.33541368 0.78061004 0.01642990
0.15665870 -0.41640468 0.47330653 0.09054007 0.07374396 -0.41799705 0.06215605 -0.68102895
0.37375436 0.09455342 0.02283243 -0.98096036 0.39444594 0.03842892 0.32176347 -0.41570120
0.64714647 -0.05013812 0.44158984 -0.04272062 -0.14818534 -0.49358361 -0.16129888 0.40486870
0.02142330 -0.49616951 -0.80407755 0.04549101 0.30048317 0.12660552 -0.14771727 -0.42568308
-0.19019056 0.21566325 -0.48472263 -0.61327398 -0.38368432 0.46312063 0.08418686 -0.38930216
-0.03055731 -0.44849635 -0.02205677 0.06084963 0.05885938 0.23992276 -0.18874337 0.60849941
-0.42651031 -0.29070412 -0.20306143 0.23718967 -0.87087196 0.59986588 -0.16809163 0.03711439
-0.09258683 -0.44671767 0.40654397 0.79775669 -0.46297815 -0.05376715 -0.77037993 -0.35245568
-0.44667409 0.01515801 -0.41482554 -0.48539959 -0.24941961 -0.54778445 0.08277761 -0.24296174
0.46654442 -0.18353670 0.70236151 0.19848136 -0.06163102 0.12835624 0.19575968 -0.32043762
0.36026558 -0.07982546 -0.60427963 0.34598108 0.34316468 0.15167600 0.04620328 0.62215803
0.81372440 0.01838239 -0.52727069 0.30399962 -0.81388883 -0.33635815 -0.66869769 -0.50484840
0.53105510 -0.00544729 -0.71307533 -0.29731244 -0.66821402 0.43156138 -0.17908667 0.67200895
-0.54317344 -0.31123557 0.29129482 -0.12042201 -0.63374920 0.89273261 0.60592100 0.37428121
-1.11709122 -0.23454104 -0.26777365 1.28518192 -0.78231995 -0.63869342 -0.24926868 -0.13363542
-0.51053171 0.14802106 -0.16992637 0.79641863 -0.30430768 0.58518249 -0.14062980 0.11916102
0.09931754 0.16052490 0.03073504 -0.20184856 -1.03281714 0.24793371 0.21604082 0.27037302
-1.19720575 -0.28904932 0.20830090 -0.02112623 0.24818603 0.08208854 -0.39168091 0.08737724
0.50884155 -0.49120892 -0.13922354 0.51860453 -0.24903507 0.70843207 0.21841479 -0.48456458
0.44402798 -0.30870704 0.14095502 0.03995105 0.56343635 -0.61423651 0.70151059 -0.76001780
0.69098025 -0.09567091 -0.13924875 -0.58348049 -0.08900511 0.63200221 -0.20553349 -0.02257049
-0.18839733 0.16348787 -0.33265610 0.76671186 0.56369391 0.43640398 0.23970732 -0.65062035
-0.59323797 0.37366027 -0.15890684 -0.20322089 0.01355254 0.44718044 -0.03342627 -0.00524960
-0.99724945 -0.76466433 0.84137316 -0.22886543 0.17408002 0.35239796 -0.30038276 0.06699030
-0.87520867 1.06451637 -0.21356333 -0.66156218 -0.63125372 1.15945587 -0.06825110 0.81958877
0.40722074 -0.16834866 -0.51209422 0.30260346 -0.38245583 -0.48062499 -0.34153229 0.03430772
0.41113139 0.35374943 -0.12754530 0.48644210 -0.09767140 0.74639852 -0.04891293 -0.15869812
-0.20281746 0.27970836 0.00407852 -0.29185995 0.29218642 0.61307997 0.44897939 -0.92480047
0.41079632 -0.00204085 -0.16124064 0.45972159 0.09443233 -0.27749014 0.19948745 0.17513206
-0.02155245 0.07016030 -0.21250088 0.65624512 0.76756780 0.23164725 -0.44784174 0.09637509
1.04728503 0.28948401 -0.35677618 0.59338173 0.64912459 -0.03746968 -0.27239942 -0.06827729
0.06763176 -0.02482357 1.21098634 0.08415685 -0.42924868 -0.41225066 0.46246034 0.01650121
-0.13610220 -0.58834089 0.91998603 -0.14171954 -0.62347487 -0.14904620 -0.31822667 -0.00511274
0.52331522 -0.55299077 -0.61042640 -0.90892278 0.63637051 1.78550054 -0.48810709 0.75005864
0.30060175 0.80827164 -0.56359200 0.04614557 0.18194095 0.18510402 0.54417620 -0.57733813
-0.64220175 -0.12903273 0.45890353 -0.02833451 -0.05423822 -0.16612425 -0.18244273 0.86936968
-0.00004063 0.09188501 0.15186330 0.40207004 -0.22228968 -0.15829445 0.25487605 -0.46551833
-0.49623225 -0.27621824 0.15840751 -0.37861795 0.05951753 0.52604664 0.14018482 0.10351402
0.83500046 0.04601009 0.82470117 -0.40016306 0.16244495 -0.33503271 -0.63530766 -0.03086043
0.24933536 -0.44078670 -0.51398297 0.80049425 -0.12307567 0.15181629 0.31332348 -0.75866143
-0.28636896 -0.28600358 0.58465651 -0.46609703 -0.50180056 0.71843581 0.30454482 0.35724341
-0.68995178 0.04939021 -0.19459555 0.29906383 -0.55959449 0.31153956 0.24146443 -0.36017393
0.29460570 -0.28473651 0.45462937 0.03400513 -0.15056931 -0.31479227 0.27388440 -0.47128819
0.30820333 0.72225178 -0.37256575 -0.56610269 -1.22024975 0.39713130 0.35757887 0.13023174
-0.96111081 -0.09681067 0.19425174 1.22665587 -0.45376226 -0.08719412 0.71537154 -0.01200142
0.49194830 -0.04718174 -0.68579878 1.21591855 0.44101374 -0.05757565 0.01976892 -0.40314659
0.90025016 0.34506586 0.13931394 -0.71132319 -0.39742635 -0.00411782 0.25783563 0.95032100
-0.18292271 -0.75631734 -0.32606501 0.10671931 0.51803185 0.19501157 -0.44913228 0.12220920
0.49203132 0.47258087 0.35211465 0.74322609 -0.07966414 -0.50502424 0.30711336 -0.83044412
0.51447238 -0.01174267 -0.22558607 -0.18261542 0.36616726 -0.68761571 0.01565274 -0.10312679
0.30618209 0.25955680 -0.16299549 -0.12294075 -0.04321003 -0.05263125 -0.65542021 0.18504247
0.14030428 -0.00612666 -0.53349225 -0.28286871 -0.30449212 0.02516884 -0.55870125 -0.63317189
0.18118611 -0.91202825 0.05939917 -0.08458349 -0.42312865 -0.45670566 -0.82157574 -0.69550473
0.08695897 -0.85731952 0.30809738 0.39084896 -0.16179628 -0.36449057 -0.92750767 0.54558450
0.29634335 0.51232114 0.14744235 0.41556088 -0.17944702 0.81323837 -0.11574040 0.55796378
-0.13254396 -0.08055992 -0.14264047 -0.11549518 -1.12656901 0.14814007 0.29466961 0.13794716
-0.88962759 0.25184692 -0.58389378 0.07300799 1.02177187 0.13682277 1.20743990 -0.16151088
-0.00452225 0.19474335 0.23834711 -0.25685204 -0.24952295 0.41126665 -0.38923706 -0.62918666
1.23199485 0.26217268 -0.40549818 0.07818826 -0.03378825 -0.12564442 -0.10170077 -0.29123515
0.35279887 -0.21684389 -0.32954570 0.18093186 0.78771417 0.21064308 0.59750378 0.21655389
0.64553780 1.32561258 -1.19735691 -0.16259084 -0.33070240 -0.51436230 -0.58720834 -0.91956916
0.49636894 0.16933291 1.27384070 -0.28331341 1.30090724 -0.82073690 0.58114049 0.44167849
-0.32609607 1.23508375 0.51089035 0.02175119 -0.26649314 0.49391409 -0.30548882 -0.06518091
-0.50136513 0.08930794 0.88709130 -0.42559227 -0.39702826 -0.63572731 -0.08262438 -0.44952677
0.08979790 0.47612047 -0.94305581 -0.29083399 -0.42048063 -0.41118126 0.19339998 -0.29231213
-0.37820785 -0.31198538 -0.61216871 0.90363680 0.46500316 -0.20483721 0.01675367 0.08977590
0.16822975 0.21129830 -0.01385037 -0.55995492 -0.34503995 0.04255578 -0.38162198 0.46041288
-0.62036270 0.30047521 0.14962779 0.13831988 -0.21606352 -0.70558199 0.90825589 -0.25667614
-0.67434508 -0.01652978 0.60415597 -0.22806097 0.39338981 -0.88315019 -1.15037187 -0.46093209
0.34217297 -0.70759971 0.19791068 -0.72135843 -0.60757861 0.09030276 0.20117676 0.03773925
0.46708782 0.00680645 -0.63605544 -0.40036937 0.54892609 -0.25039699 -0.40491429 -0.11103464
0.05098739 0.04472440 -0.05023576 -0.35456113 0.30530611 -0.81719673 0.36592000 -0.54998707
