-0.51830147 -0.59461673 0.01172154 0.52306163 -0.54774832 -0.24040317 1.02856336 0.18440508
-0.78607387 -0.22059905 0.41627315 -0.00275464 0.31485906 -0.50748265 0.42819660 -0.42349872
0.29068385 -0.57711531 -0.33386578 0.91407154 -0.75175714 -0.20904922 -0.61835825 -0.05741552
0.39524308 0.42666973 -0.43480612 -0.21911393 0.66601412 -0.80692739 -0.30834219 -0.38080834
0.16414297 -0.43134294 0.25242074 -0.56702505 -0.08318098 0.63457553 -0.07785312 0.15638239
-0.50749093 0.52352515 -0.48935474 0.28657738 -0.00872723 -0.58167140 -0.71579724 0.35543256
-0.56092330 0.92588754 0.21761001 -0.25484738 0.13224677 0.83938443 0.13731674 -0.01634366
-0.24651260 -0.10822557 0.29588431 -0.18483289 0.23923661 0.16201800 -0.54354366 -0.21332772
0.05462552 0.48685681 0.27117197 -0.37826840 0.53355625 -0.53654509 -0.91994526 0.29903393
0.34502773 -0.28006768 -0.09830713 -0.23425026 -0.81267433 -0.87393100 -0.63512326 0.31799766
-0.19205276 -0.19156022 -0.92971847 -0.70805711 -0.60626922 -0.12368073 0.53920555 0.05358195
0.66996363 -0.98475546 -0.87928167 -0.12662998 -0.13405588 0.47492061 0.58871415 -0.28544601
-0.14466283 0.38679574 0.92685654 0.24061554 0.79315193 0.52039759 0.34838220 -0.41596105
0.66165135 0.79239955 0.05261437 -0.56330605 -0.04121685 0.19316116 0.30566995 0.14357416
-0.27677338 -0.51282941 0.07795098 0.70147800 -0.66104065 -0.05223397 0.33820949 -0.22097791
-0.29638110 -0.23345657 -0.16715493 0.71227724 0.19056969 -0.11912022 0.39197658 0.32278703
-0.73026494 0.31352005 0.29312811 -0.07794594 -0.11749887 0.17005683 -0.82964955 0.89800799
-0.48014350 1.09988604 0.03162247 0.29828214 -0.49057089 -0.11546907 0.38689256 -0.06251414
0.69158432 -0.39626934 0.61883967 0.53378914 1.41110767 -0.22202325 0.60293969 -0.87982412
-0.72270637 0.17746680 -0.55206263 0.40351992 0.05694417 -0.40030110 -0.27872644 0.71746905
0.64947576 -0.46893695 -0.29395431 0.14522579 0.00855549 -0.43232977 -0.64533240 0.81866240
-0.29816557 -0.14380944 0.42822092 -0.30832082 -0.29004040 -0.49741831 -0.36353564 0.42904305
0.13132038 0.52187287 -0.13193942 0.49171770 0.10300891 0.19024550 0.05772448 -0.45959544
-0.54362143 0.37366545 0.07778451 0.16112869 0.39738957 0.54089388 -0.65525199 0.20119797
-0.41515730 -0.25594434 0.41695249 -0.94999939 -0.72942023 -0.45339353 -0.31910614 -0.24626186
-0.69088089 -0.55195596 1.45061800 0.88893941 -0.03294241 0.02183041 -0.90199851 0.03785978
0.11519406 0.96672954 0.17942580 0.14297038 0.11561415 0.72720269 0.58564451 -0.82964718
-0.22210323 0.82851600 0.50835939 -0.52476093 -0.48491289 0.37462686 0.12266368 0.01858757
0.61903387 -0.80017934 -0.07856338 -0.80928509 -0.84059933 0.56574959 -0.34038212 0.58759487
-0.93869277 0.06874555 -0.03579177 -0.12453436 0.97767670 -0.19533043 -0.97571158 0.06426555
0.30914375 -0.78358635 0.11509320 -0.43699818 0.64412502 1.06157069 -0.34978285 -0.30433229
0.46576281 0.09942791 -0.23847765 -0.46917699 -0.30896042 0.35366018 -0.12460032 0.05351403
-0.33292651 -0.57128452 -0.48671976 0.53207024 0.18219688 -0.58992860 -1.02073036 0.41744559
-0.57842275 -0.20197142 -0.00828717 0.93083679 0.22192642 -0.03986063 -0.56232768 -0.11422950
0.33380874 0.59797005 -0.29300048 -0.29399727 -0.45138421 0.14607225 0.69918723 0.28416917
0.68200105 -0.39776268 -0.30488462 -0.62016721 0.14593401 -0.24103575 0.01046505 1.05644655
0.04715934 -0.26739470 0.31854327 -0.05148811 0.13596709 -0.63091174 -0.04109045 0.78428644
0.08533664 0.16141695 0.63548753 -0.22434304 0.02146985 0.90875434 0.38522294 0.33121798
-0.00436410 0.10505762 0.16298859 0.12701115 0.20076137 -0.63241495 0.69511780 0.27340244
-0.50519947 -0.56056430 0.20542666 -0.55219830 0.42163320 0.19360259 0.59722796 -0.51177180
-0.64361252 0.56443361 0.94246050 0.27423986 0.44024852 0.03329294 0.36362800 1.46407301
0.00269478 0.00304925 -0.16256001 0.56848052 0.54072060 0.29479386 -0.64494067 0.10650434
0.09474585 -0.18738616 0.44495783 -0.08402129 -0.29193033 -0.60538212 -0.62872565 0.61474995
0.22858007 -0.64060793 -0.50510646 0.35386486 -0.94515945 0.25791844 -0.11235861 0.20375627
-0.07195798 0.27042493 0.40885898 0.18494978 -0.61051317 -0.33732459 -0.62347235 -0.11339597
-0.68072381 -0.08429328 -0.07560991 0.27462631 -0.48445710 -0.36817180 -0.21175057 -0.04027948
0.08972582 0.19285102 0.21292132 -1.89532779 0.71797651 -0.39552803 0.52600637 -0.00910950
0.77270293 0.15352796 0.39884438 -0.37845022 0.15982845 -0.82776675 -0.48017088 0.32006314
0.52252324 0.01179666 0.74101262 0.32820457 0.62455687 0.48707774 -0.51023822 0.25261247
0.45846937 -0.70145209 -0.30340317 0.14891357 0.07756337 -0.35496773 -0.53956020 0.60289684
1.00988764 -0.11241440 0.15368043 0.54503708 0.33881024 -0.60606778 0.25397993 0.48912394
0.30797564 0.27813106 -0.21239258 0.29619251 0.11210119 0.10226706 0.21526732 -0.40167535
-0.09266179 -0.47438486 0.73782691 0.20031074 -0.88445846 0.72934485 0.28123144 0.34716110
0.97909034 -0.29522026 -0.05756052 0.53974239 -0.89299368 -0.34862371 0.02019949 -0.46786167
-0.08866526 0.07234820 -0.69632347 0.34753735 0.86173207 -1.09135006 -0.17074720 0.71791772
-0.38262396 -0.25113117 -0.14565467 0.42644031 -0.08087362 0.43935027 -0.11730617 0.16562252
-0.09369848 0.93125151 -0.15055612 0.07455833 -0.03972880 -0.17620909 -0.16103763 -0.68044180
-0.05129014 -0.63703628 -0.31606882 0.16520782 -0.33458645 1.46118745 -0.28242588 -0.12505549
-0.20647319 0.45602014 0.61413658 -0.05789044 0.37207670 0.90079777 0.35574230 0.21687880
0.04270217 -0.20958320 0.01345376 0.68161583 -0.43175981 -0.19784517 0.45783607 -0.80162802
-0.36303240 -0.57423914 -0.20655670 0.44408551 -0.86407392 0.28455964 0.15135348 -0.32048539
-0.42410086 -0.65384506 -1.10992706 0.53216260 -0.78542705 1.00671784 -1.00429889 0.37639730
-0.07331860 -0.07508214 0.65694191 -0.01121538 -0.68114624 -0.26645219 0.19534360 -0.73527278
-0.80653219 0.33235057 0.42112813 0.20688872 -0.91744711 0.60271549 0.98549158 0.08501317
0.12681435 -0.96686457 -0.19619088 0.52678440 0.40644961 1.13199349 0.20926553 0.98701391
0.02596725 -0.05164269 0.12311346 0.18148549 -0.49330864 -0.01487009 -0.78329310 1.09508493
-0.26328924 0.32543864 -0.49514569 -0.08416394 0.30647839 0.67864441 -0.71151099 0.11235840
0.21683734 0.36472284 0.51584789 0.20020959 0.51925699 -0.10428069 0.73671729 0.07397869
0.60657108 0.92782880 -0.20682175 -0.35088973 0.36821633 -0.29937204 -1.87596646 0.11209423
-0.19588373 0.02554804 -0.72868072 1.01454598 -0.18120732 0.29537809 -0.17675150 1.02937293
-0.34439285 0.18907598 -1.30588095 0.57915469 -0.58862792 -0.66378823 -0.25837585 0.11611944
-0.05241501 0.00446739 0.29254491 0.59312227 0.00383386 0.14466422 -0.11817055 0.22134417
-0.66409579 -0.48032673 0.10186659 -0.45960208 0.34439654 0.07341503 0.53608940 0.24530481
-0.24948191 0.73918509 0.44219515 -0.32263041 0.00070389 0.02378968 1.16847114 -0.27281069
-0.34323100 0.57050620 -0.20121598 -0.00669944 -0.55556451 -0.13367965 -0.83434917 -0.84463806
0.13144073 0.17846066 0.17640059 -0.15230061 -0.26099441 -0.92638676 0.60838126 0.45680564
0.88923575 0.02097241 -0.40364402 0.53397857 0.34439348 -0.44805250 0.61506827 -0.24313240
-1.36880484 0.26348905 0.48367358 -0.04317704 -0.32894465 0.40241445 0.76396496 0.13695016
0.48005501 0.00752258 0.11019889 -0.63757024 -0.21981441 0.85005215 -0.00656048 1.38405401
-1.01936307 -0.14841628 -0.02253445 -0.27982862 -0.55796094 0.56639466 0.76897164 -0.23782020
-0.32999720 -0.28514576 -0.21434976 -1.06258136 0.06029030 -0.37227488 -0.44661861 0.19757406
-0.68283580 -0.26525374 0.41218561 0.20560463 0.44877446 -0.57766527 0.36573977 -0.57244229
0.71854295 0.63132951 -0.59295165 -0.48441409 0.17997431 0.00361341 0.22955253 -0.68365160
0.53610386 0.82395803 -0.00635002 -0.08365860 -0.64245485 0.00463802 -0.29574919 -0.31729792
0.37981238 -0.11051039 0.56070290 -0.18624729 -0.14233533 0.50186467 -0.87771831 0.62382492
-0.48986325 -0.50817379 -0.09919803 -0.17190036 0.03102082 -0.54674302 0.02609599 0.40478263
0.89879522 -0.83366009 0.59935860 0.14410471 -0.09091816 -0.42661931 -0.01660734 -0.63469564
-0.23311466 -0.64086274 -1.11408515 -0.61915699 0.35905645 0.17335741 -0.29685069 -0.24694861
-0.30440778 0.30627498 0.80716662 0.05798004 -0.63410602 0.14924970 -0.25318607 -0.09262750
0.55949401 0.71505025 0.60372120 0.23411527 0.08206497 0.77026669 -0.15133268 0.18606531
0.96747216 -0.25976423 -0.64923588 1.02607527 0.37883584 0.28498539 0.00845009 -0.48395928
1.03031615 -0.30412418 0.41064916 -0.05868374 0.09983493 0.42701240 0.40061528 -0.38813663
-0.06472220 -0.05822347 -0.65314085 -0.37170057 -0.84308981 0.76983752 0.20604009 -0.61345864
-0.38801179 -0.42112492 -0.24150376 -0.57951313 0.14687354 0.25588899 -0.03731908 -0.37839530
-0.18030953 0.20528455 0.74444059 0.04396467 -0.75879716 -0.22831601 0.57310567 -0.49187528
0.02806373 0.64919757 0.32843756 0.63851478 0.74706209 0.76639167 0.25595615 -0.36738120
-0.34612043 0.54484787 0.23099107 0.35819560 0.18659854 -0.54190647 -0.41345351 0.80672601
-0.05776816 0.07197031 -0.12678368 0.73656421 -0.30772992 -0.24330709 0.65727931 -0.63348115
0.16178879 0.07893405 0.52608879 0.21794230 -0.18561091 0.37297283 0.38956706 0.14971012
-0.09995121 0.11722527 0.58008628 0.04287795 0.66614501 0.04470599 0.26887331 -0.20490598
