1.15715090 0.18799986 -0.66168840 -0.20903353 -1.09147816 -0.20056980 0.84518310 0.05801283
-0.29435183 0.33992151 -0.22947045 -0.36897379 -0.73221504 0.52172078 -0.05353913 0.45285994
0.36961674 -0.99906147 -0.83957115 0.01556058 0.15786063 0.25766468 0.07777429 0.84239113
-0.57939742 -0.20058433 -0.84721111 -0.47263681 -0.32821156 -0.31806732 -0.05823096 -0.01836670
0.18178680 0.07647580 -0.85850835 -0.08282008 0.12398258 0.19366602 -0.13275577 -0.56720753
0.06862271 0.07535131 -0.37908888 -0.28267025 -0.28878136 0.74765223 -0.13793989 -0.06576647
0.15266887 0.16553400 -0.59404819 0.70242188 0.21284953 0.10712025 0.57573698 0.27497241
1.31660828 -0.36101776 -0.03423207 0.05094066 0.38378117 -0.36803684 -0.75392394 0.60834353
0.53497738 0.01215965 0.44511637 0.15370838 -0.56735181 -0.07799559 0.87581461 1.36754205
0.77176218 0.01932415 -0.10857717 -0.31419965 0.07924634 -0.06621232 -0.40763993 -0.32783147
0.87533197 0.08203811 -0.14768886 0.08933499 0.44119941 0.23728654 0.46744824 0.33226345
-0.18691245 -0.53426208 -0.18953246 -0.94491166 0.57013705 0.09411192 0.28525615 -0.37259431
0.05813658 -0.93661033 -0.37387932 0.75730987 0.11308047 -0.07813072 1.23921021 -0.00017366
0.22454320 -0.19574347 -0.44312909 -0.62117643 1.07903590 -0.77592566 0.22373409 -0.07170146
-0.49621578 -0.70879060 -0.05176072 0.80683583 -0.95331747 0.68995487 -0.29190373 0.67265787
-0.51143810 -0.54886936 -1.00543150 0.40374823 -0.44836939 -0.33976209 0.33991397 0.69697148
-0.11988487 0.59582150 -0.24101331 -0.38038988 -0.21497651 0.20121754 -0.67793322 0.27535202
0.31408695 -0.21945803 -0.50328493 0.87179211 0.57574343 -0.24598808 -0.34831362 0.27863012
0.50319846 -0.32673365 0.25663318 -1.17177546 -0.17559735 0.00019354 -0.99486059 -0.35634747
-0.18534585 -0.28423757 0.00778005 -0.02354897 -0.25159237 0.04691272 -0.99976802 0.08539634
-0.56336859 -0.43766905 0.76741061 -0.56827244 -0.34759055 -0.61881314 -0.32508435 0.69279371
0.23166752 0.06360303 -0.28631905 -0.02928114 0.71400039 -0.02289991 0.62063878 -0.44660842
0.74519517 0.33763074 -0.01034269 -1.05880875 -0.26830421 -0.95684808 -0.13117790 0.04648512
-0.67648371 -0.15303516 -1.39240118 0.68684765 0.74905996 0.54752291 0.76656261 -0.19131253
-0.72981081 -0.10454049 -0.49146959 -0.47561001 -0.55264261 -0.16342172 -0.33837462 0.54780350
0.12425668 -0.33767829 -0.64847972 -0.05736831 -0.30619650 0.21521347 -0.25442528 -0.21972555
0.32837357 0.38953063 0.31886623 0.07896864 0.57883935 -0.08802781 -0.17265904 0.60255696
0.46648509 0.29339867 -0.16306079 -0.11149109 1.01727097 0.62167444 0.38388094 0.25672264
-0.40583988 -0.14275713 -0.37677151 0.21015979 0.11699013 1.00995852 0.00488592 0.05828354
0.42014096 0.69722598 0.49047809 -0.11771188 0.46404987 0.37881091 0.14866555 -1.44591787
-0.06763693 -0.16761133 -0.56503879 0.18356397 -0.13240909 -0.38951256 0.03112895 -0.72876960
-0.02163055 0.49859142 0.16232610 0.04114832 -0.42595710 -0.01487003 1.13516738 0.31529445
-0.10308945 -0.47277130 0.41865012 0.22932272 -0.08166392 -0.04736262 -1.62224873 0.68645397
0.26029383 0.40324409 0.33582018 0.58269011 -0.03751474 0.21848165 0.48986012 0.11338316
0.52971620 -0.98123329 0.67456456 0.98116864 -0.69097896 1.00138099 -0.07750511 -0.13051267
-0.33548993 -0.02222879 -0.55107780 1.12335353 0.22919972 0.12187007 0.06904203 -0.73795564
0.31232708 -0.25166340 0.04444244 0.11583194 1.28263295 -0.25753818 -0.22203031 -0.65896737
-0.17715303 0.30910090 -0.77004859 0.50004112 0.63481415 -0.09434428 -0.23484611 0.30960873
-0.32886502 -0.43096264 0.39996076 0.53188827 -0.09838689 0.05496078 0.40401594 -0.81944660
0.59727610 -0.40618363 -0.04796711 0.38453910 -0.40129493 0.25110911 -0.34090004 -0.70146408
0.31296183 -0.63440497 0.09652284 0.12654931 -0.62277086 0.35125900 0.37143041 -0.71638972
0.06581389 -0.49703626 -0.24587984 0.78374334 -1.08956565 0.68425997 -0.07073406 -0.01814833
0.54822307 0.04659925 -0.07595233 -0.55606045 -0.78388891 -0.05051048 -0.25217023 -0.13330470
-0.74640414 0.35069323 0.86251645 -0.51945483 -0.83796533 0.34997344 -0.50741852 0.23594607
0.01415339 -0.87400831 0.12597651 -0.04426323 0.35640461 0.16842372 -0.20613420 0.45328686
0.78523754 0.19074635 1.09941034 -0.18252795 0.12617342 0.61651254 0.44031228 0.01782423
0.26485126 -0.65001194 0.57239292 -0.25164664 -0.57099222 0.23232265 -0.17001141 -0.73275955
-1.56062067 -0.25345932 0.06642590 -0.06995222 -0.23396959 0.72839665 0.23178435 -0.12622249
-0.05966222 0.34259796 -0.79269496 0.02746779 -0.66748012 -0.40164521 -0.08669079 -0.07878685
-0.24418287 0.16535878 -0.10286018 -0.60391044 0.20077527 -0.42764571 0.82619589 -0.55650279
-0.20250225 -0.32961575 -0.25195918 -0.16919777 -0.08512614 -0.63114863 0.85358740 0.56527318
0.28773434 0.03727608 0.80266182 -1.14375557 -0.14158546 -0.24646417 -0.60743591 0.73332665
0.70304338 0.08308641 -0.75466937 0.41752237 0.60039627 -0.97000650 -0.14785902 -0.44110118
-0.99147760 0.17858838 -0.01860237 -0.31544120 -1.10456648 -0.27277681 0.39008336 -0.56681291
0.10158525 -0.06836201 -0.15058075 0.48765167 -0.79771363 -0.31714102 0.52138992 0.29406087
-0.49809940 -0.16398239 -0.32279953 0.26786891 -0.42178937 -0.55166931 0.01449078 0.09752960
0.63605185 -0.12506442 -0.18515175 0.75592451 -0.69111635 -0.96989112 0.86870119 0.40747224
0.50921177 0.23402210 1.13475476 -0.24395661 -0.54083562 -0.95213179 -0.72159284 0.45802787
0.34172619 0.60680792 0.32952059 0.46517417 0.28479771 0.51685623 0.55836180 0.83734527
0.24978945 -0.58257707 0.89845495 0.25784576 -0.10108826 -0.04289890 0.11049962 -0.38772830
-0.32838247 -0.83114128 0.32922313 0.65028897 0.05540025 -0.02975718 0.49932631 -0.29738638
0.45219817 0.46496270 -0.06334787 1.05690502 0.35203494 0.34212391 -0.07770035 -0.28524851
-0.13154570 -0.45942326 -0.23177791 -0.05532481 0.14871710 0.24704914 0.03748941 -0.61044310
0.01348172 0.15109683 -0.09546593 0.23530784 0.16726644 0.27496580 0.42628891 -0.11579410
-0.20394719 0.60118144 0.01357650 -0.12724104 -0.63802288 0.31096435 0.43498255 0.09101186
-1.26572139 0.50346820 0.56075656 0.32234688 0.26658413 0.53977979 -0.19135270 0.20207392
0.98922282 -0.17747096 -0.19851424 -0.25915024 -1.10049507 0.53196476 0.51711022 0.07432953
0.78387089 -0.73316642 -0.17471406 0.54596375 0.27745490 0.70512302 0.38496175 0.37491792
-0.43338211 0.25397335 0.34970534 -0.16974351 -0.72232202 0.13143328 0.64949858 0.04315036
-0.52795036 -0.72918977 -0.24148885 -0.02753567 0.34606594 -0.33582472 -0.22948310 0.34847794
-0.34341224 -0.03692709 0.29806655 0.27032265 0.31841514 -0.34768440 0.29171410 -0.06371851
0.01008030 -0.44156466 -0.12652943 -0.07507139 0.41282421 -0.02182569 0.82352972 -0.56913800
-0.03192358 0.04970701 0.15547743 -0.48778808 -0.61772178 0.43266940 0.90257033 0.26514175
-0.83793243 -0.04229068 0.17100631 0.06575777 -0.03335542 -0.58102475 0.14763201 0.55055434
-0.07585267 0.11289514 0.15632055 0.90542053 0.49360986 -0.52273158 0.52144533 0.95885451
0.63737772 -1.11200039 0.14813071 0.00989063 -0.82462372 -0.38723817 -0.28359420 0.21023570
0.35967261 0.23346795 0.32568012 -0.51697516 0.26035275 0.57732342 0.18156607 -0.63770901
0.07782859 0.10075527 0.68996092 0.81067487 0.46639955 -0.24341936 0.01156834 -0.29462319
-0.93638525 -0.05540249 0.09969514 0.27167984 0.61444198 0.28406701 -0.26692215 0.63162257
0.10516312 -0.55907818 0.10292904 0.17884961 -0.04479599 -0.36807419 0.47200856 -0.19346934
-0.22741403 -0.15888381 -0.35798766 -0.11337351 -0.64991009 0.15889166 0.76680994 -0.32669632
0.03115074 0.03739568 -0.53095717 0.19488701 -0.39428160 0.80016857 0.24063215 0.03285961
0.50866631 0.29960558 0.42704535 -0.79449790 -0.52385276 0.45667235 -0.22192298 0.64081244
-0.24520236 -0.70961657 -0.44514986 0.16455995 -0.31140544 -0.33756490 -0.97530801 0.01025328
-0.29200852 -0.06566314 -0.34427666 0.01707986 0.41556151 -0.20506110 0.01891244 0.23428215
-0.67938066 0.44865016 0.30997186 -1.07335308 0.93295695 -0.26155264 0.64238434 0.29058078
0.40207562 0.44536997 0.60086223 -0.94551809 0.26666954 -0.72305049 -0.02219868 -0.22105478
-0.06245224 -0.00644273 -0.01662311 -0.68222387 -0.53326178 -0.30764693 -0.00963492 0.32072088
0.12801771 0.29930280 1.06693875 0.30496954 -0.22719369 -0.06502487 -0.41409110 1.10185118
-0.23490867 0.05763261 0.17849980 0.40486172 -0.53350912 -0.67734699 -0.82829594 -0.36482784
-0.81848972 -0.40352544 0.18764487 -0.82317130 -0.78658122 0.32234893 0.66201837 -0.06652048
-0.11968997 0.07047833 0.02374530 0.64000456 -0.00279576 -0.10858566 0.68695924 -0.15570408
0.65261347 0.01570048 -0.83937238 -0.22275377 0.53053867 0.63124117 0.30692870 -0.32594186
-0.26699577 0.13715870 -0.37446866 0.36640403 -0.51897719 0.11327167 -0.27411000 0.83162439
0.20331905 0.25669489 1.03667471 0.40420220 0.09189362 0.98324083 0.19544699 -0.09576840
0.63827873 0.03917932 0.23703825 0.39378441 -0.56100294 0.52086561 -0.29496046 -0.10408909
-1.03199918 -0.43685575 0.08567857 0.34043054 0.01302129 0.02587112 -0.69903103 1.08290569
1.03193545 -0.49294217 0.91615375 -0.56098703 0.10889802 0.35836399 -0.06601693 0.44739876
0.95419708 1.11710180 -0.09911287 -0.50639024 0.14238394 0.62668871 0.35871258 0.14310137
-0.13336340 -0.78005119 -0.22417490 0.04741058 0.44074523 -0.93590041 0.89369049 -0.36793756
