-0.04510172 0.88564791 0.14405010 0.18713075 0.54257882 0.07779626 -0.88608292 -0.28404198
0.04114877 -0.37738104 -0.69251053 -0.15370037 0.17011882 0.64449828 0.11536582 0.62658075
-0.53125998 -0.53972077 -0.22304465 -0.28434601 0.09003780 -0.75827476 0.38622265 -0.11510322
-1.17344801 0.54390097 -0.26286066 -0.08077270 -0.06470136 0.12249755 -0.99562829 -0.29282447
-0.18720261 0.03674540 0.02108201 0.19453291 -0.61917235 0.21041062 -0.10196495 0.13621504
-1.22331453 -0.90683840 -0.45182427 -0.47484351 0.30434990 0.34903373 -0.32406935 -1.14394697
-0.65164154 -0.26650950 0.54779138 -0.00562962 0.40208177 -0.14794825 0.31482421 0.27333782
-0.20471534 -0.97090249 0.12785054 1.38603460 0.30843873 0.41799952 0.09569164 0.31534690
-0.29996135 -0.79188602 -0.07578293 -0.10386456 -0.72658815 0.27683479 0.29854995 1.27642358
-0.93168235 0.42214871 0.53965466 0.22554515 -0.10274335 0.51051677 0.21294665 0.38682305
-0.35615012 -0.06556844 -0.24715527 0.21235284 -0.62862552 -1.34321963 0.07395053 0.19522718
0.12943023 0.39075106 0.09703134 -0.31980092 -0.11735237 0.00457543 -0.04899694 0.23055196
0.42679452 0.15068549 -1.10589574 -0.08171488 -0.16709647 -0.06159720 1.23269069 -0.14996239
0.35346777 0.12485307 0.53621185 0.17335785 0.45032925 0.43508841 -0.55446199 0.18617721
-0.10962905 0.48677083 -0.51499085 0.76797162 0.73420559 -0.09338053 0.29712534 -0.34285262
0.35767416 0.27468622 -0.42143392 0.31496477 -0.55707222 -0.28195617 -0.48902301 -0.07912665
-0.18591477 0.16627645 -0.02068334 0.23092989 -0.48996510 -0.63933209 -0.77115747 0.46851109
-0.34891094 0.24860111 0.86317263 0.57728458 0.23151928 -1.10255782 0.82634835 -0.08878324
0.11783437 -0.30302684 -0.22894426 0.07344394 0.63886542 1.26219126 -0.63416919 0.08980050
0.20900006 -0.33594323 -0.37281487 0.09122719 -0.65065078 0.01639914 -0.48657613 0.61108644
0.61790909 0.32238142 -0.50039197 -0.22572346 -0.00920149 0.07892531 0.32756759 0.06485281
0.54694535 0.66669129 -0.94464785 -0.95359954 0.39146297 -0.47002629 -1.17117004 -0.13592281
-0.38228503 0.31238141 0.52944023 -0.39996283 -0.11594155 0.23063637 0.27603576 -0.57162319
0.36153513 -0.42171246 -0.55325750 -0.08450904 0.10421140 0.74475687 -0.04641174 0.16317916
0.48712363 0.36240616 -0.71186194 -0.02127400 0.16994254 -0.24853545 -0.16237164 0.42419702
-0.61010058 0.30047782 0.71267738 0.26845403 -0.14551523 0.86066001 0.38230435 -0.24840087
-0.18921376 -0.80928827 -0.02887813 0.55244403 -0.25941497 0.14187465 -0.15174354 1.07109743
-0.02231744 0.56705318 0.52700677 -0.00128681 0.29100023 0.10675155 -0.22166028 -0.10242640
0.36586513 0.79241322 0.67690205 -0.05168513 -0.33811721 0.86382257 0.65380715 0.50099170
0.34775238 0.12198687 -0.67912577 0.29418147 -0.10331116 0.83202056 -0.73581890 0.29390171
-0.00700272 -0.32569358 -0.54286863 -0.39405955 0.82959708 0.27191893 0.05236750 0.11300410
-0.19815383 -0.20421037 -0.38336061 0.23299989 0.25040140 0.29136935 0.17866586 -0.33070514
0.88841377 -0.10665405 -0.21562472 0.69393569 0.48902648 0.80574846 -0.06437704 -0.07350412
-0.64412084 1.65266280 -0.22187010 -0.43843868 0.76985069 0.87783308 0.33586121 0.05834941
-0.10593087 -0.54452897 -0.19439486 -0.29912084 -0.07682877 -0.32580408 -0.52591423 -0.15676975
-0.05538166 -0.31119022 0.01929570 0.24393938 0.06316110 0.67429495 0.39167106 -0.46043209
-0.13766945 0.61798839 -0.20773036 -0.07213739 -0.59631928 0.42637194 0.39100113 -0.40266673
0.30894688 0.50230236 0.67280434 -0.10035595 0.55459114 1.07443170 0.73325118 -0.35206415
0.51802438 0.03849345 -0.10210239 0.31106570 0.22489760 0.44865374 -0.18600190 -0.23833952
-0.65966340 0.20710505 0.64517149 -0.93695810 0.15806731 -0.32156545 -0.22241805 -0.25383806
0.07215840 0.82072922 0.04973837 1.21464582 -0.38267248 -0.70552382 -0.15286839 -0.50876258
0.27788116 -0.44197126 0.90808595 0.76360620 -0.01657406 -1.08291118 -1.31200966 -0.17217597
-0.15863130 -0.03269026 -0.14364223 0.52065651 -0.26444105 0.18567685 0.16424180 -0.08613221
-0.61789500 0.33912027 0.86013595 -0.12026440 0.88445673 -0.49912934 -0.18586429 0.32660172
0.07100719 0.05872246 0.63353611 0.66339136 0.26063424 0.73456573 0.43842900 0.23681347
-0.23479599 -0.46176919 -0.09307122 -0.24616955 -0.71534040 -0.30039554 -0.00263417 0.27449903
-0.37512264 -1.05555058 0.10186057 -0.38107571 -0.11365536 -0.21685322 -0.02515016 0.80858394
-0.24487627 0.40388101 0.58991642 -0.03846676 -0.84166478 -0.44153899 0.33806588 0.13799469
0.38618872 -0.69059926 0.55231891 0.14983376 0.09564712 -0.52987227 0.49701682 0.59634261
-0.52932381 -0.13037844 0.47190963 0.61239230 -1.04177586 0.69079046 -0.36933585 -1.03993900
-0.12979461 -0.79413106 -0.52441918 -0.03258982 -0.12746828 -0.22657651 -0.40400142 0.03876177
-0.55600377 0.22528827 -0.76356797 1.09551334 0.48005924 0.21501668 -0.25983404 -0.37957760
0.40118333 -0.07709488 -0.36808015 0.24931394 0.61782079 0.06208065 -0.76278109 -0.03235822
0.64726448 0.31313085 -0.37777598 0.83545945 0.83062998 0.49506604 0.19353582 0.52553130
-0.47187255 -0.61208860 -0.11591433 0.61146154 0.42872875 0.26493824 -0.40412802 -0.31993849
-0.53502712 -0.30952669 0.36456794 -0.01251620 0.28285363 -0.06942772 0.40366364 -0.43001648
0.51508534 0.17411447 0.95091164 -0.49533018 0.45776678 -0.76640842 0.20341090 -0.25813348
-0.45448865 -0.15235968 -0.48989562 0.33260701 0.55708477 0.29636594 0.33676402 0.26781929
-0.57131639 0.54454509 -0.08009774 -0.40800130 0.17055582 0.55020014 0.37714480 0.25420335
0.13204615 0.66868723 -0.32127475 -0.11477156 0.09362635 0.14618470 0.11683439 -0.54957435
-0.78115029 0.08469468 0.04851615 0.21959589 -0.32524128 0.35810282 -0.76185671 0.29811122
0.13172453 -0.59673339 -0.28392564 0.26102691 0.41661516 -0.01765147 -0.34578621 0.10029088
0.67024991 -0.24898389 -0.46775582 -0.14921877 -0.40423508 -0.66419025 -0.33978507 0.87297858
-0.56494849 0.53680558 -0.32438107 -0.11412657 -0.59635906 0.54319953 0.75282856 0.74845651
-0.70520249 -0.27266238 0.12024994 -0.33346910 0.05421937 -0.62415488 -0.67516057 0.19008056
0.01594848 -0.98375137 -0.47063353 -0.04756142 -0.31761737 -0.22307584 0.72414235 1.04924774
-0.76671408 -0.11098830 0.17353632 0.00491419 -0.07991184 0.23701430 -1.15802247 -0.08732878
0.39001416 -0.76521891 0.74213046 -0.39508644 0.07862912 0.00037277 -0.60113403 -0.09092838
0.04655290 0.06437521 1.38250595 0.68517058 0.19091185 0.65568742 -0.32053719 -0.02975530
0.30033027 -1.08221223 -1.33524483 0.09493990 1.01764187 -0.31050929 0.72187230 0.37422898
0.20815073 0.27391548 -0.30986664 0.60612798 0.67414170 -0.74994007 -0.25984227 0.32614469
-0.98743074 -1.34234709 0.97906692 -0.11104557 -1.13185107 -1.00605907 -0.57842808 -0.53677576
-0.36331021 -0.12526933 -0.11873359 0.18221360 1.50567504 0.12567157 -0.39979505 -0.00810800
-0.81233040 0.50940175 -0.02316104 -1.05350172 0.31647756 -0.39680747 0.41720683 -0.34911493
-0.99790994 -1.05947172 1.11289138 -0.11455858 -0.44519428 -0.56009822 0.13527181 -0.01360402
-0.45583195 -0.63941663 0.55157002 0.71348700 0.46505073 0.36573514 0.26665460 -0.69045145
0.08362810 -0.12581394 -0.33899410 -1.87926020 0.68993861 0.06365241 0.44960913 0.20633681
0.81353349 0.03581789 -0.23769557 0.13520720 0.59821359 0.32237991 -0.20992880 0.18664539
0.09124503 0.25591458 0.29121607 0.62318078 -0.37226519 0.36968066 -0.61270882 0.16687172
0.08478802 0.62710088 -1.00915374 0.63603656 -0.46904051 -0.38359634 0.94445710 0.13707764
-0.18791920 -0.47031500 0.31805217 0.27633658 -0.51430079 -0.40897604 1.06658073 0.75753348
-0.63042077 1.14120142 -0.39924066 -0.32680444 -0.22753032 -0.14863219 0.27891832 -0.63297265
-0.47251452 -0.21266799 -0.71779962 -0.44021046 0.16790813 -0.75556376 -1.14536810 -0.53548201
-0.29009776 -0.31449261 -0.64257342 -0.47402425 -0.17982387 0.11687516 0.03149644 0.17347343
0.10895013 -0.38915812 0.17898021 0.47474762 -0.49423791 -0.34356094 -0.19377114 0.96418841
0.24097771 0.89374795 0.41282573 0.11833319 -0.66714672 -0.10641776 0.13092913 -0.01891059
1.18283372 -0.48292049 -0.00383440 0.37923371 -1.31798422 -0.11350163 -0.70351442 -0.00622090
0.46009428 0.96255276 0.35586416 0.05391503 -0.02079110 -0.80278111 -0.24619089 0.59521020
-0.08187911 -0.03048745 -0.27846766 0.31531606 -0.39562048 -1.20927269 0.57124946 -0.53155095
0.16237338 -0.29786216 0.70687921 0.33890108 0.42172434 0.19905324 0.49578386 -0.52854274
-0.19864136 -0.29370451 0.41534784 -0.31896773 0.14762236 0.29549750 -1.24415888 0.65379882
-0.26471591 -0.10558116 0.34067031 -0.89444438 0.30104655 -0.60730369 -0.46582491 -0.64859119
-0.81624836 -0.02221343 -0.41597769 -0.30329901 0.34651476 -0.93243820 -0.69815647 0.37458604
0.29928346 -0.13309995 -0.15891443 -0.32613574 0.07709477 -0.08419852 0.14417697 0.70156747
0.61813444 0.68515692 0.26722891 -0.66685719 -0.03966215 0.49912145 -0.11355720 0.55669153
-0.24143404 -0.61656188 -0.64541401 0.29271598 -0.76254279 -0.09984258 -0.57542966 -0.16617329
0.58272772 0.03877520 -0.64212539 -0.35136799 -0.33438464 -0.70121859 -1.13274380 -0.07488702
-0.66742949 0.30032270 0.38986373 0.71471359 0.69068237 -0.33539351 -0.04667349 0.48333781
0.53690480 0.02344896 1.19848564 -0.32351234 -0.16644950 1.55594036 0.12809950 0.52624157
0.78156574 -0.12569160 0.61813289 -0.41627270 0.45122105 -0.49367899 0.62203849 -0.09126779
