-0.18424611 1.01048465 0.48722884 -0.40150288 -1.03089222 0.02440025 -0.47788772 0.32826275
-0.27670259 -0.48998814 0.05269829 0.71733001 0.58395001 0.15619484 0.39483174 0.74067132
0.58317167 -0.12229008 -0.82261911 -0.26746775 -0.52810800 -0.60618885 -0.14179257 -0.10897212
0.01648312 -0.34239914 -0.49631201 0.01353126 0.81082578 0.35399578 0.63697171 -1.14649940
-0.16673944 0.06892283 0.28718536 -1.17851976 -0.16630478 0.35341939 -0.16356605 0.31917772
0.64447663 -0.70041723 -0.12003835 0.02083229 -0.08032747 -0.49346956 -0.59790743 -1.37299651
0.51146961 -0.27892955 0.26171165 0.81354825 0.12321210 0.44561777 -0.27726835 0.22760148
-1.25255698 0.23152325 0.33776447 -0.67972362 -0.56440793 -0.60835526 -0.46816862 0.24505075
0.15364525 -0.19806033 -0.15130026 -0.36416210 -0.09662381 0.70549658 -0.52308508 0.14430896
-0.10959571 0.69077699 0.89256388 0.10420011 -0.24170642 0.17023938 0.51720626 0.30028667
0.48216219 -0.00838860 0.00242950 0.57278546 -0.14999234 0.46302151 0.21552927 0.36836877
0.26456268 -0.08045813 1.63906156 -0.85323127 0.46210430 -0.39210514 0.09221914 -0.47010258
-0.36625586 -0.46141024 0.97348719 0.27800325 0.07087977 0.40526413 0.07530625 0.09375916
0.44068868 -0.86491218 -0.29745154 0.82442624 -0.15617634 -0.46626048 -0.50782101 0.23515251
0.76573661 0.17402951 0.11175464 -0.34471145 0.83035898 -0.61959255 0.14167582 -0.34746532
0.59115528 -0.24733143 -0.06423447 0.75461856 -0.49160854 0.45651511 0.75965735 -0.59826433
0.18255003 0.32426159 0.34529925 -0.06650508 -0.14200851 -0.40495019 -0.43546234 0.62643667
-0.44148200 -0.28470684 -0.89507301 -0.83399649 -0.17506613 -0.37044427 0.89101074 0.07892103
-0.02669610 0.63754409 0.18661255 0.77370159 0.34407049 -0.15043107 0.03534683 -0.50869141
-0.12739228 0.31572303 1.16422042 0.02177585 -0.17968832 0.40558885 0.21899309 -0.69303103
0.00859143 0.54097815 -0.51432176 -0.17304449 -0.17149242 0.08312421 0.71615715 0.48147207
0.46996852 0.78324306 0.41904651 -0.01298593 -0.62330363 -0.55835514 -0.28462347 -0.09766158
-0.42290743 0.25987426 -0.14989302 -0.59860182 0.62078556 -0.07415751 0.75027595 -0.45983832
0.56063271 -0.03306705 0.71311872 0.16520217 -0.06950026 -0.06065140 -0.38781566 0.63549299
-0.33796702 0.65040661 -1.07390779 0.15728076 0.13457022 0.65536722 0.04281491 0.49175309
0.35609630 -0.51703926 0.58626886 -0.50884981 0.93178369 0.04948488 0.63195510 -0.55801291
-0.04792517 -0.10369347 -0.04474901 -0.01846955 0.35706359 -0.02924031 0.55449139 0.24534804
-0.31053432 -0.52978154 -0.22562910 -0.13131858 -0.23231277 -0.11903296 -0.53841025 -0.26121741
1.27758491 0.56073283 0.03946572 0.46391550 0.85284557 -0.01110733 0.20334269 -0.05143595
0.28229962 -0.24988339 0.19215935 0.44908202 -1.37447611 -0.67785052 -0.12401865 -1.07577241
-0.62825478 -0.19256723 -0.46782300 0.12839561 0.18862941 -0.36179863 0.34854243 0.82718249
0.40352353 -0.49831931 -0.38012333 0.84678012 -0.72712974 -0.31204048 0.46547115 -0.07058590
-0.07561253 -0.76396575 0.11899424 0.16514206 -0.32382132 -0.36826184 0.02161977 -0.07765164
0.06315835 0.49736694 -0.92726761 -0.10748166 0.30271800 -0.73318811 -0.06631633 0.22029054
-0.06157583 0.16327650 0.46975366 -0.25755717 0.67423668 -0.52921912 0.12496999 -1.15852891
-1.06023422 -0.69117384 -0.05799748 0.24514856 -0.50609384 0.47727897 -0.33688832 -0.16191117
1.04514796 -0.79883388 -0.50604025 0.36730405 0.51029366 0.11516581 0.37322948 0.44771991
-0.41673138 -0.90597732 -0.69898272 -0.41971979 0.42036242 0.34131249 -0.14484311 1.11169556
0.29098630 -0.03044800 -0.55835192 -0.93785677 -0.54151529 -0.68047787 0.60902432 -0.11038861
-0.60849879 -0.97827888 0.24593043 0.08052209 0.50590322 0.03850844 -0.58322402 -0.52146363
0.07062840 0.56353969 0.17140974 0.45318414 -0.35899624 -0.02682202 0.16221867 -0.43154982
0.12144443 0.45678103 -0.58472456 -0.45304934 -0.32460981 -0.01988740 -0.21227965 0.67092427
0.68674631 0.32678689 -0.88452878 -0.02528067 0.16820069 -0.29370651 -0.24882893 -0.46950907
0.14904953 -0.87479247 0.09151513 1.21645494 -0.60714930 0.34320739 -0.02449585 -0.51155901
-0.12536123 0.20167959 -0.53987138 0.09444247 0.84884754 -0.24390296 0.63972741 0.71752856
-0.43344911 -0.70734298 -0.59237696 0.52872115 -1.03625991 -0.30334365 0.21524533 0.55732908
0.61188639 0.75929858 0.97056058 0.98216488 0.64402680 0.29018819 -0.45220526 -0.00586767
-0.53977917 0.56410079 0.20624920 -0.63355733 0.31062382 -0.17535119 -0.13913403 -0.26145890
0.00983868 0.08207868 0.15537960 -0.91175854 0.06115258 -0.12045286 -0.50554125 0.59471459
-0.51909032 0.40491026 -0.27162305 0.15969136 -0.49758116 0.01003235 -0.34043461 0.57305303
1.39299727 -0.68257936 0.25600234 0.69815201 0.46530461 -1.26239018 -0.56775667 -0.10185625
-0.63869437 -1.05884830 -0.16650762 -0.27132698 -0.11373499 0.14770641 0.17550832 -0.36321759
0.13774651 0.00256221 0.47261083 1.18238178 -1.00240455 -0.27486537 0.07667132 0.20839251
0.74112239 0.00640235 1.37937785 -0.02072867 0.22009458 1.03994990 -0.50999363 -0.16472260
0.39945991 -0.22974013 0.11646454 -0.40209424 0.50073990 0.64496508 0.15300221 -0.42973733
-0.21670490 0.51944917 -0.07854883 0.00446000 0.35803208 0.34070683 -0.14040095 0.34665797
0.12380582 0.21602228 0.33960057 0.26867851 0.73402655 -0.18505665 -0.74052667 -0.26038194
-0.20150390 0.70561653 0.70423252 -0.87754199 -0.15068486 0.23894167 -0.49965433 -0.57260015
-0.42421158 -0.22660514 -0.19164652 0.09534473 -0.26563875 0.62935206 -0.24663521 -0.61311650
-0.11261936 -0.34650088 -0.10793613 0.10644785 -0.02140391 0.60260713 -0.10973681 0.94558383
-0.20658535 -0.30150870 0.43208686 0.05800893 -0.83053916 -0.82701099 0.02606836 0.12506000
-0.41424636 1.09222929 -0.86447646 -0.50486789 1.11559953 -0.75028306 0.17111826 0.22408460
-0.00734517 0.89109281 0.20047412 1.20600184 -0.70634584 -0.56726522 -1.33413091 0.31565620
-0.40590744 0.40817458 0.14021971 0.33107683 -0.23832659 0.19018164 -0.06475444 -0.44725982
0.89014256 0.71817196 -0.20186692 -0.52047276 0.01514713 0.08202744 0.01315345 0.12614987
-0.13086413 0.22881384 -0.30080803 0.44891613 0.35336177 0.40188404 1.05018924 -0.34648626
0.09291907 -0.02893153 0.14092371 -0.43572658 0.54562815 0.38938604 -0.19934385 0.50859345
0.08357995 0.05604272 -0.82542307 -0.25485890 -0.16052862 0.36735222 0.21940422 0.39793607
0.05499700 -0.16240208 -0.56377041 0.01166445 -0.45641743 -0.53164170 0.33662570 -0.61634109
-0.03146706 -0.19236039 0.61390621 -1.11893168 0.89541483 0.33144151 0.50714550 0.83447517
0.54360981 0.26763330 -0.26212374 -0.09888070 -0.31908471 -0.13750346 0.12923169 -0.18390137
-0.31288686 0.60744044 -0.34707058 -0.73027383 -0.55177878 -0.14624940 -0.32441258 -0.27525248
-0.21360942 0.34296719 0.78323713 0.00796680 0.32567068 0.17699848 -0.25701542 0.41638385
-0.87327030 -0.31836161 -0.13907478 0.06857244 0.06976044 -0.34943340 -0.78943580 -0.02985064
0.58079393 0.58892056 -0.24533830 0.31432485 0.16263912 0.60478618 -0.53553248 -0.71394757
-0.13058761 -0.26820066 0.48948267 -0.48448309 -0.35263904 -0.06579593 -0.15784545 -0.52693649
-0.05398230 -0.20056029 0.16472904 -0.82509582 -0.11949016 0.60365184 0.95097277 1.41708385
-0.29859362 0.71721022 -0.21300513 0.00532064 0.52007001 0.58006868 0.00291152 1.26749178
-0.59233576 -0.26438373 -0.01624691 0.23121715 -0.23640365 0.11033305 0.23038981 0.01867147
0.92809576 -0.18756881 -0.35273752 0.34530830 0.76810489 0.00696826 -0.33938135 0.01885832
0.27038835 0.26294644 -0.62473071 -0.04199056 0.19709035 -0.06912287 -1.39540085 0.79879561
0.06198570 1.24828593 0.60298794 0.09408964 0.69362347 -0.28943140 0.19879489 -1.04483013
-0.14995428 0.27761415 -0.67193175 0.00582327 0.81075591 -0.28883570 0.26620569 0.05393193
-0.10610185 0.61434503 0.15996770 -0.11765846 -0.09964320 0.37386471 -0.31102155 -0.09563215
-0.59601934 -2.00982100 -0.21366137 -0.34142769 0.03488886 0.11937030 -0.29800768 -0.08786282
-0.09485655 -0.10859803 0.22490903 0.79451556 -0.04318462 0.24245717 -0.02983427 -0.30891166
-0.04495678 0.27870184 0.31681620 0.32963913 -1.07555601 -0.08915510 0.95420548 0.95057852
0.48851170 0.18996862 0.79768317 -0.06770920 -0.53724107 0.06947131 0.02200795 -0.18923271
0.30406190 -0.64191942 0.20884385 -0.92279105 0.40469413 -0.30895348 -0.28468011 -0.03221347
-1.32252374 0.26372493 -0.26513814 0.16671272 0.05191456 0.03879276 0.65643966 0.40666079
-0.58231106 0.29360240 0.30752204 -0.72313020 0.57323183 0.02329573 0.32863740 0.21632611
0.40168367 0.28362437 0.95638228 -0.00229574 -0.56314752 -0.37218600 -0.11096074 -0.19625537
-0.01539284 -0.67319583 -0.54446037 0.84100930 0.19401845 -0.54433145 -0.03916065 0.00205675
0.70647556 1.17504450 -0.34007553 0.01565168 -0.40955861 0.46834016 0.79390690 0.12936476
-0.03629635 -0.42349572 -1.39015709 0.21051221 0.49513246 0.29567218 -0.17251183 0.18724088
0.48077352 -0.28160236 -0.88939680 0.30997192 -0.09114284 0.02429019 -0.72883726 -0.54913195
0.51612973 0.20486250 -0.26985648 -0.19954199 -0.25560166 0.20212789 1.34598897 0.36507723
-0.41959059 0.30497251 0.43438729 -0.48981560 0.18666488 -0.36814648 0.62408559 0.05095311
-0.09043028 0.20806028 -0.40662119 0.47680376 0.46671082 0.76722172 -0.32896809 -0.29525370
-0.22494170 0.12658753 0.47966687 0.69528386 0.98131954 0.20730194 -0.01421818 0.64183628
