-0.02912157 -0.31644363 -0.18693651 -0.22801677 -0.01158362 -0.08213086 0.57553175 -0.96385573
-0.07062607 -0.47585626 -0.65454698 -1.02524087 -0.00331149 -0.12652808 0.03643295 0.41151751
0.04481496 0.15375664 -0.00463930 0.57270223 0.24178561 0.57843780 0.63349946 0.10536059
1.40705090 0.25873021 0.08581973 -1.25155661 0.48830965 0.01028213 0.65745989 0.32704919
-0.81999030 -0.10612759 0.10639651 0.53488314 0.08884549 -0.73038165 -0.70455538 -0.42649391
-0.56325885 0.62406769 0.46960079 -0.88784923 -0.07379057 -0.69490704 -0.34395189 0.38835393
0.45842873 -0.17202946 0.01358837 -0.47695299 -0.13285601 -0.14638176 0.32943154 0.18741911
-0.12092863 -0.09707856 -0.11266683 0.40421848 -0.36287317 0.15417469 0.14730006 0.20264293
0.86432218 0.43915513 -0.76781353 0.18402267 -0.25878835 0.85242525 0.62246403 0.22060280
-0.10041511 0.20121345 0.32199624 0.21452342 0.28310538 -0.00172980 -0.24032082 -0.23366485
0.13520523 -0.09190939 -0.02915347 0.62986753 -0.37599008 -0.51099815 -0.49873903 -0.97313760
-0.15440123 0.15698852 0.41048498 -0.01481083 -0.41851712 0.17405039 -0.11088496 0.66318275
