-0.10446298 0.25749793 -0.46566455 -0.72053063 -0.13276974 0.54098715 0.64528336 -0.76683019
0.16931205 -0.59744123 0.59546758 -0.78132893 -0.50922573 0.57301257 0.76385164 -1.03374315
-0.67960385 -0.35606917 0.03835808 -0.04018680 -0.35806458 1.08938502 -0.11103153 1.10252629
0.54137138 0.26769604 0.43558162 -0.64053199 -0.46506188 0.10975172 0.33003140 -0.32985820
0.91624517 1.04459626 -0.24492175 -0.20541228 0.87580369 -0.77460110 0.17071856 0.17588568
0.01411266 -0.31825363 0.32217744 0.05346198 0.17964169 0.53162125 0.44681728 -0.54089992
0.24161560 0.45890830 0.25828536 0.02970473 -0.55023420 0.25598852 0.59577146 0.84507678
-0.23329878 -0.22161649 -0.11756680 -0.47467805 0.28510551 -0.57006596 0.34627932 0.59954035
-0.75818858 -0.73214716 -0.03761880 -0.66777341 -0.21204445 0.05283901 -0.40730117 -0.28004759
-0.10121300 -0.19726445 -0.50114848 -0.15704103 0.28968876 -0.09509123 -0.27204535 -0.99642912
-0.73250793 -0.56305439 0.00627083 -0.38964484 -0.09338119 -0.60282073 -0.46065785 0.42461544
0.19458892 0.09808768 0.30554964 0.12929088 -0.58131030 -0.28749816 0.31316989 -0.65154739
