0.14825682 0.12858986 0.69872953 0.53962936 -0.03305023 -0.58309707 -0.11545311 0.46713055
-0.27790438 0.04338685 0.43781210 0.74262931 -0.16401001 -0.72397226 -0.89129147 -0.48752305
0.09770593 0.32896589 1.00220598 0.62091478 -0.90756969 0.06991777 0.33447770 -0.40601471
-0.30108566 0.85853379 0.26246391 -0.62567303 -0.84889438 -0.81073125 0.01370328 0.34309724
-0.14456522 -0.20162064 -0.10189152 -0.94947794 -0.26541623 0.82214339 0.57024020 1.20003246
-0.01975197 0.67257751 -0.69346504 -0.57456917 0.72855353 0.09063850 0.29007048 -0.27511939
0.18246122 0.08686361 0.43148598 0.30748161 -0.06996663 0.39125968 0.24763203 0.20235266
0.06924422 -0.45179722 -0.29901909 -0.34444727 -0.43878390 0.08808470 -0.13633842 -0.23139010
-0.28278180 -0.10040544 -0.57153801 0.85065567 -0.18605035 0.08313217 0.37142132 0.48272365
0.24047187 -0.37526766 0.55650567 -0.02200689 0.56554206 -0.13865696 -0.50498687 0.09766194
0.50120940 0.30083539 -0.72209374 -0.08522577 -0.26982322 0.22343865 0.85434089 0.66940376
0.31852185 0.34261062 -0.26179483 -0.24492765 -0.45372249 -0.12049971 0.26786907 0.05569191
