-0.65855254 0.18564479 -0.71698211 0.09382508 -0.09318850 1.36970694 0.74470869 0.37673065
-0.16426066 -0.64013319 -0.44089280 -0.24592249 0.19731497 -0.33322870 -0.19831559 0.88325898
-0.07153001 -0.37181666 -0.01839584 0.68034634 0.88371485 0.31782849 0.65272934 -0.31981259
-0.00754718 0.11079422 -0.00229170 0.14853333 0.07867287 -0.04668447 -0.44167778 0.94733231
-0.09973890 0.17586320 -0.30736333 -0.86848801 0.27634080 0.26496901 -1.00595394 -0.03107525
0.41806121 0.89929866 -0.25185421 0.45492684 -0.48144312 0.39062572 -0.68612807 0.84484922
0.01012821 -0.81968110 -0.81925399 0.14402564 0.13752135 -0.30568639 0.20084064 0.20658350
-0.16939889 -0.61468811 1.29172484 0.57311589 -0.28787570 0.54293343 -0.39907712 0.40055117
0.25748388 -0.64755077 0.20625003 0.07747343 -0.48890085 0.05178313 -0.08644184 0.09562029
-0.41814871 0.24488513 -0.61713627 0.64557149 0.45270225 0.29010780 0.28763610 -0.42927541
-1.00767430 -0.38833304 0.59225752 0.23547080 0.19986810 0.00870133 0.80162007 0.06787312
0.19189613 1.05428244 -0.00886875 -0.53374394 0.20497849 -0.49305230 -0.46935529 -0.16380112
