-0.016159 0.067401 0.212338 0.746427 -0.041338 -0.225233 1.793653 -0.003716
-0.031690 -0.149491 0.223683 0.417262 -1.041656 -0.149596 0.224119 -0.284556
0.221044 -0.898795 -0.010789 0.140576 -0.012276 0.030674 -0.567025 -0.065980
0.320893 0.375224 -0.265925 0.389516 0.167005 -0.710533 -0.295483 -0.478047
0.162462 0.189694 -0.475576 -1.069962 0.070616 -0.194905 -0.022200 -0.468414
1.537129 0.257248 0.138736 -0.591443 0.627749 0.000719 0.631668 0.843742
0.228043 -0.520743 0.708341 -0.649340 1.336164 -0.407118 -0.311821 0.252621
-0.729090 0.368178 -0.542321 0.868347 -0.429549 -0.415443 0.216118 0.183553
0.509511 -0.577603 -0.891206 -0.918654 -0.813988 0.222206 0.105125 -0.445462
-1.291744 0.012445 0.570124 0.654701 -0.104132 -0.319824 -0.089602 0.031656
-0.712180 -0.217049 -0.766659 1.061486 -0.784321 0.450530 0.196226 -0.521926
-0.258668 0.707174 0.265065 0.098353 -1.002774 0.512938 -0.069909 -0.619985
