1.33947341 0.49142816 -0.82316774 0.52944813 -0.71262849 0.89795354 -0.25182935 0.22502993 0.18392418 0.51849143 1.15401142 -0.07370143
0.00000000 -0.52115145 -0.56725383 -0.69890638 0.72980146 1.03320217 -0.32801985 -1.24964173 -0.15831575 -0.27415845 1.24191728 1.83940831
0.00000000 0.00000000 0.15602282 -0.14645131 1.25434679 2.38865908 1.30262136 0.31274950 1.17753237 -0.29126820 -0.96084233 -0.93375041
0.00000000 0.00000000 0.00000000 -0.15484609 -1.58729255 1.16483119 0.63010447 0.74985509 0.34077327 0.41358542 0.52581368 0.56623808
0.00000000 0.00000000 0.00000000 0.00000000 -1.53186609 2.49737267 0.61406863 1.45839440 0.32019508 0.05527615 0.99471551 2.33623300
0.00000000 0.00000000 0.00000000 0.00000000 0.00000000 0.88272580 -1.57996899 -0.84375871 -1.73301451 -0.06796974 0.13319942 -0.43379392
0.00000000 0.00000000 0.00000000 0.00000000 0.00000000 0.00000000 -1.36257955 0.25668369 -0.09509627 -0.98520213 -1.00753276 -0.57877375
0.00000000 0.00000000 0.00000000 0.00000000 0.00000000 0.00000000 0.00000000 -0.58568991 -0.58061446 0.60367894 -1.20051728 -0.30784535
0.00000000 0.00000000 0.00000000 0.00000000 0.00000000 0.00000000 0.00000000 0.00000000 -0.54448241 0.69033842 2.03143461 -0.52632682
0.00000000 0.00000000 0.00000000 0.00000000 0.00000000 0.00000000 0.00000000 0.00000000 0.00000000 0.16742356 0.19341691 0.18069084
0.00000000 0.00000000 0.00000000 0.00000000 0.00000000 0.00000000 0.00000000 0.00000000 0.00000000 0.00000000 -0.37775813 -0.94850058
0.00000000 0.00000000 0.00000000 0.00000000 0.00000000 0.00000000 0.00000000 0.00000000 0.00000000 0.00000000 0.00000000 0.83032625
