0.626186 -1.062161 2.136886 -0.468505 -0.394324 0.544541 -0.447884 -0.956119 -0.693814 1.238808 -1.853225 -1.208603
0.000000 0.577127 -0.307517 0.409432 1.007963 -0.215724 0.717470 0.802983 1.420415 -0.545775 -1.941051 -0.095944
0.000000 0.000000 0.194390 -0.422240 0.123186 0.462255 0.594632 0.254032 -0.878674 0.158145 -1.831367 -2.016856
0.000000 0.000000 0.000000 0.676660 1.271101 -1.025122 -0.570541 -0.062785 0.435070 -0.115466 1.894270 -0.559588
0.000000 0.000000 0.000000 0.000000 0.637263 -1.060621 -0.129401 0.479880 0.657187 -0.167079 -0.413060 -0.470743
0.000000 0.000000 0.000000 0.000000 0.000000 0.544662 0.449565 -0.597646 0.154901 0.973216 -1.692565 0.717834
0.000000 0.000000 0.000000 0.000000 0.000000 0.000000 0.626113 0.456451 0.340599 -0.356458 -0.906242 0.244382
0.000000 0.000000 0.000000 0.000000 0.000000 0.000000 0.000000 0.528047 -0.033076 -0.693419 -0.398454 0.271090
0.000000 0.000000 0.000000 0.000000 0.000000 0.000000 0.000000 0.000000 0.473712 -0.096510 -1.166756 0.358660
0.000000 0.000000 0.000000 0.000000 0.000000 0.000000 0.000000 0.000000 0.000000 0.786644 -1.720820 0.156256
0.000000 0.000000 0.000000 0.000000 0.000000 0.000000 0.000000 0.000000 0.000000 0.000000 0.508987 -0.158002
0.000000 0.000000 0.000000 0.000000 0.000000 0.000000 0.000000 0.000000 0.000000 0.000000 0.000000 0.440423
