-0.98199141 -1.06143610 -0.19047710 1.11871656 0.32310356 1.26308692 -0.30458985 -0.25974727 0.42693707 -0.82180021 2.96175070 0.62067782
0.00000000 -0.63385353 0.11780949 1.35103234 -0.90097190 -0.44417881 1.10772809 -1.03917282 -0.95300748 -0.39187615 -0.12137660 1.55852512
0.00000000 0.00000000 0.15524646 -1.09815253 0.61739413 0.39485337 -0.70010391 0.26422527 -1.18569257 -0.56823304 0.90702936 -0.67519566
0.00000000 0.00000000 0.00000000 -0.37257725 0.51404207 1.21089388 -0.78814623 -0.79448682 -1.24750294 1.34137646 0.12185178 1.76368640
0.00000000 0.00000000 0.00000000 0.00000000 1.35358226 0.00279811 -0.45178258 0.15402669 -0.42606380 0.48611092 -0.41048619 -0.70720354
0.00000000 0.00000000 0.00000000 0.00000000 0.00000000 -0.30964934 -0.50666951 1.05226927 -0.38428190 -0.69863017 -0.86502416 -1.32067020
0.00000000 0.00000000 0.00000000 0.00000000 0.00000000 0.00000000 -0.03904412 -1.41909153 -0.74909476 0.56337550 0.27623004 -0.60340606
0.00000000 0.00000000 0.00000000 0.00000000 0.00000000 0.00000000 0.00000000 0.02744211 -1.28112624 1.98398598 -0.03216592 0.16834332
0.00000000 0.00000000 0.00000000 0.00000000 0.00000000 0.00000000 0.00000000 0.00000000 0.52988121 -0.63634455 0.77102336 1.63711797
0.00000000 0.00000000 0.00000000 0.00000000 0.00000000 0.00000000 0.00000000 0.00000000 0.00000000 -0.50903962 0.90846562 0.63305095
0.00000000 0.00000000 0.00000000 0.00000000 0.00000000 0.00000000 0.00000000 0.00000000 0.00000000 0.00000000 0.57039254 -0.23763559
0.00000000 0.00000000 0.00000000 0.00000000 0.00000000 0.00000000 0.00000000 0.00000000 0.00000000 0.00000000 0.00000000 -0.27307526
