0.19144524 0.26871653 0.04635558 -0.71028829 -0.53131779 2.50714105 2.35431271 -0.21760835 1.17098981 0.74270329 -0.39655941 2.96151856
0.00000000 -0.45417164 -0.97007287 0.82922059 -0.98263038 -1.22452394 0.59738733 1.24055062 -0.15613111 0.38722014 -0.79913827 0.59052374
0.00000000 0.00000000 -2.31022719 2.40542628 -0.24734206 -0.58995486 -1.17178238 -0.66828630 -1.31678966 -0.78289454 -0.74464659 0.45817990
0.00000000 0.00000000 0.00000000 -0.94221656 -0.25483052 1.58907529 -1.24935185 -0.63785744 0.16509753 -1.04047417 -0.71622702 1.24214100
0.00000000 0.00000000 0.00000000 0.00000000 -2.01060647 -0.59604570 0.02947679 -0.10694012 -0.31199791 0.89191692 -1.05823218 1.07579172
0.00000000 0.00000000 0.00000000 0.00000000 0.00000000 -0.38308683 -0.90691530 0.52830796 -0.54871107 1.79388728 0.92535273 0.30861272
0.00000000 0.00000000 0.00000000 0.00000000 0.00000000 0.00000000 -0.95153318 0.60510372 -0.28018152 -1.63484928 0.66194424 -0.79258448
0.00000000 0.00000000 0.00000000 0.00000000 0.00000000 0.00000000 0.00000000 -0.07215959 1.16836239 1.94048170 -1.52584269 -0.57065096
0.00000000 0.00000000 0.00000000 0.00000000 0.00000000 0.00000000 0.00000000 0.00000000 0.11287470 -0.60958567 -1.70073846 -0.86490737
0.00000000 0.00000000 0.00000000 0.00000000 0.00000000 0.00000000 0.00000000 0.00000000 0.00000000 -0.41109916 0.11909493 0.72940173
0.00000000 0.00000000 0.00000000 0.00000000 0.00000000 0.00000000 0.00000000 0.00000000 0.00000000 0.00000000 -1.36568071 0.69408096
0.00000000 0.00000000 0.00000000 0.00000000 0.00000000 0.00000000 0.00000000 0.00000000 0.00000000 0.00000000 0.00000000 -1.37803453
