-1.11371570 0.48548098 0.98236650 1.51745449 -0.45937844 0.73724584 0.41608467 1.45603797 2.90969285 -1.47435800 0.24853135 1.94790670
0.00000000 -0.75713413 1.27670801 0.07269295 -1.43292752 -1.10873012 0.61265568 0.22292872 1.27220842 0.79217582 -1.49517695 0.43674138
0.00000000 0.00000000 -1.02731690 -1.17228568 -0.02175741 -0.66375804 -0.35105436 1.03878921 -1.02997998 -1.48864354 -0.31685256 0.76054325
0.00000000 0.00000000 0.00000000 0.25278920 0.01378082 0.62373080 0.71702870 0.42963641 -1.40377059 -1.11401390 -0.15244689 1.05088562
0.00000000 0.00000000 0.00000000 0.00000000 1.44573503 0.19190254 -0.01028497 -0.32765266 0.19272980 0.49690918 1.40393727 0.59709637
0.00000000 0.00000000 0.00000000 0.00000000 0.00000000 -0.49046157 -0.22877590 0.21596606 -1.25245294 0.60317601 0.45850705 0.22513032
0.00000000 0.00000000 0.00000000 0.00000000 0.00000000 0.00000000 -1.73093230 -1.01960171 -1.10223760 1.84962340 0.14466670 -0.39914987
0.00000000 0.00000000 0.00000000 0.00000000 0.00000000 0.00000000 0.00000000 -0.06738100 1.18475325 1.01390622 -0.73396764 0.61262365
0.00000000 0.00000000 0.00000000 0.00000000 0.00000000 0.00000000 0.00000000 0.00000000 -0.31201329 -1.97430381 -0.43087917 -1.17236856
0.00000000 0.00000000 0.00000000 0.00000000 0.00000000 0.00000000 0.00000000 0.00000000 0.00000000 0.68090320 -0.04497862 -1.19735792
0.00000000 0.00000000 0.00000000 0.00000000 0.00000000 0.00000000 0.00000000 0.00000000 0.00000000 0.00000000 1.30561622 1.99493387
0.00000000 0.00000000 0.00000000 0.00000000 0.00000000 0.00000000 0.00000000 0.00000000 0.00000000 0.00000000 0.00000000 1.27443071
