-0.21825165 0.50750408 0.31874077 -0.33646416 0.39868859 -0.16035355 -0.59361603 -0.68948310
-0.41217041 -0.35027701 0.57662618 0.76153510 -0.87822296 0.08582035 0.31538984 -0.06610420
-0.14665807 0.47275441 -0.06753433 -0.19603106 0.54872511 0.06128491 -0.73114159 -0.00821775
-0.36930220 0.48185660 0.36672087 0.10085451 -0.02725772 0.16348556 0.00470554 0.11140202
0.12359098 0.62120368 -0.47049804 -1.06246419 -0.44423430 0.29582174 0.81973425 -0.34899063
-0.22353707 -0.19769758 -0.11088189 -0.08116766 0.12553372 0.11310860 -0.25274217 -0.68572733
0.32321050 0.62552510 -0.38643366 -0.38405955 -0.01298489 0.52996096 -0.27447497 0.52366362
0.25395782 -0.50216597 0.81032111 0.59173609 -0.56460158 -0.24034862 0.38122447 0.43534907
-0.40670892 -0.48241875 0.18952113 -0.15924720 1.14392098 0.74243785 -0.09596453 0.29286806
0.04940247 -0.45658530 0.33567738 -1.30913210 -0.20122824 -0.16666841 0.65803779 0.60571912
-0.31830127 0.21058396 0.36724488 -0.28457136 0.32654073 -0.22171976 -0.68969619 -0.01813908
0.37269213 0.23952218 0.39179986 0.17628823 -0.21649375 -0.16683791 -0.34991921 -0.27477700
-0.76797711 0.34986369 -0.26789221 -0.82451817 -0.47907228 -0.12704332 -0.75824561 -0.52238496
-0.52028520 1.05481053 0.79857164 0.59441150 -0.31348639 -0.32584592 -0.72730282 0.08737090
-0.54227498 -0.28578681 0.27158514 -0.16326625 -0.20222690 0.42635359 0.53117278 -0.49249568
-0.14906324 -0.20628242 0.46205493 -0.02988646 -0.07592205 0.05314192 0.62477094 0.33794276
0.29378208 0.06493962 0.00681392 0.00606002 -0.09161080 -0.38146193 0.15073517 0.55530738
-0.14377537 -0.03229879 -0.83441073 0.37267535 0.52352306 -0.53212343 -0.37551966 0.37607231
-0.07052891 0.92994751 -0.05873540 0.39536185 -0.47347140 0.08106728 0.56014375 0.19447198
-0.92024778 -0.15955501 0.56431956 0.12490130 0.63183421 -0.00090716 0.51440712 0.83364814
0.37571263 -0.30550889 0.13470816 -0.45753804 -0.14172213 0.94939443 -0.49903088 0.00955672
0.38017988 0.28231104 0.95801011 0.34235487 0.87456403 0.08595837 -0.34088587 -0.02513039
0.59084755 0.78889197 -0.05019532 -0.19205064 -0.68183981 -0.05065523 0.55594002 -0.28851429
-0.06082875 0.20871931 -0.24483146 -0.89134522 -1.34755194 0.15114569 -0.43422987 0.50613173
-0.61362969 -0.48804084 -0.53944346 -0.23637891 0.47928674 -0.39443242 -0.49459623 0.32928041
-0.41161597 0.10309075 -0.28819089 0.32735692 -0.25417309 0.00544255 -0.18781453 -0.05120213
0.73747192 0.34507188 0.27533309 -0.31645215 -0.77726117 -0.70165986 -0.99189578 0.11088010
-0.04915385 0.35555425 0.33099990 -0.14781257 0.04116903 -0.00787326 0.48068728 -0.25025721
0.22668543 -0.81878243 -0.40738960 0.13439362 -0.45365028 -0.04457890 0.05126192 0.55159895
-0.31400019 0.37306254 0.07594303 -0.14875053 0.10402514 -1.05750058 -0.42038388 0.14270163
-0.07624352 -0.27829796 -0.43023083 -0.09896361 0.11008524 0.59162633 0.45987408 0.95429966
0.12110145 -0.44175236 -0.73240130 -0.54086879 0.01126503 -0.41769762 0.50941874 0.03964394
-0.44910610 -0.30248766 -1.02583491 0.27335184 -0.50052120 0.08537267 -0.17324466 0.49247089
-0.49534319 -0.04292418 0.33819634 -0.10478318 0.07902416 -0.26185597 -0.20265937 0.82234225
-0.01293114 1.39814116 -0.89150908 -0.35735612 -0.51327777 0.50356758 -0.39715197 0.29399254
-0.34331501 0.67226022 -0.38906777 0.51859735 0.01068350 -0.68726611 -0.91201821 0.10918288
0.75800025 0.18248753 -0.30140379 0.77766333 -0.31929958 -0.81868012 -0.87947418 -0.17706877
-0.74447724 -0.07474929 0.00027454 -0.13649135 0.86418843 0.01530406 0.14257528 -0.50232466
0.12775357 0.61062613 -0.23942010 -0.56593177 -0.13996260 0.40332792 -0.54819405 0.09401847
-0.81485838 0.06898395 0.19248200 0.05404882 -0.96998393 0.70400424 0.17808478 -0.50985879
-0.07358222 0.59560410 -0.19744297 -0.45482874 -0.00395456 0.19443461 -0.04284947 -0.74214915
-0.04063193 -0.12577940 0.38501633 -0.41083799 -0.23929640 -0.66197066 0.48650184 1.14248498
-0.12540721 0.58141074 -0.16277464 -0.29595161 0.19107320 0.46987726 -0.21936998 0.38480185
0.01559644 0.55925820 0.94234389 0.82627881 -1.02726248 0.26921710 -0.26300525 -0.07854630
-0.46081483 0.10313368 -0.40540485 0.70936478 0.59282255 0.19840826 -0.66618292 -0.53797927
0.90350846 0.33980146 -0.37975556 0.11803767 0.03143780 -0.04354956 0.19538005 -0.56798859
0.16925981 0.10144918 -0.05450392 -0.30359642 -0.13101754 -0.87918268 0.81303999 0.64032034
-0.16511969 -0.75994408 0.76486750 -0.70763851 -0.28813073 -0.78667282 -0.11468111 -0.45128539
0.74686868 0.09674912 0.26785279 0.53101623 0.08694280 0.22990461 -0.51593081 -0.04260206
0.43843740 -0.53532336 -0.30244039 0.15164578 -0.38454200 0.52208997 0.18879524 0.05285519
0.74714806 -0.02990567 -0.33422276 0.46433562 -0.47469438 -0.82807285 -0.38595712 1.21146218
0.31834347 -0.15827449 -0.13547021 -0.00967128 0.51144873 0.57037928 0.32603549 0.57566102
0.63547604 0.20824967 -0.54699895 -1.23067154 0.08809383 -0.84940016 -0.66571754 -0.66811020
-0.01052297 -0.47178912 0.94655694 -0.08639943 0.08095611 0.96690939 -0.53870346 -0.74561805
1.04735295 0.32233093 0.40965431 0.65651834 0.05175985 -0.40145381 0.14732997 -0.28562246
-0.41334014 0.56431514 -0.26132166 -1.01302927 -0.36667216 0.22904205 0.24640070 0.18229312
0.28660405 -0.92343874 0.86510692 0.29639318 -0.28339536 -0.37890226 0.21876170 -0.12167863
-0.15800625 0.21626504 -0.45703719 -0.62936681 -0.34665839 0.23656246 -0.77534091 -0.51513990
0.26972389 -0.36011790 0.17854741 -0.10963083 -0.62429424 0.79346084 0.14494780 0.28872509
0.10571391 -0.06590738 0.06787963 -0.31842649 0.04932703 0.62227086 -0.45672837 -0.01999367
-0.08171737 -0.45699540 -0.61807455 0.08560512 -0.91724269 0.77706491 0.29567463 -0.54402705
0.73985276 0.68330061 0.57049978 0.32284313 0.38649071 -0.41443079 -0.48256499 0.34496780
0.23366641 -0.14325380 0.07975882 -0.68933612 -0.81234783 0.20299865 0.17701122 -0.04148683
0.06174638 -0.78801534 0.14606714 -0.46509176 -0.27435105 -0.63807083 -0.13336399 0.43282309
-0.32710017 0.21366142 -0.36736069 0.40365523 -0.63936543 -0.46056981 0.17009239 -0.07548787
0.38562516 0.02570193 0.86067772 0.60804130 0.15964176 0.30093147 0.52715129 0.00347582
-0.47146923 -0.02270472 -0.32373973 0.09186613 -0.39820448 -0.38477787 -0.83672697 -0.09908315
0.15402173 -0.09896320 0.40031134 0.04441331 0.24814005 -0.18921635 -0.04988311 0.31336400
-0.21074655 0.82691814 -0.11594407 -0.28606271 -0.57900909 -0.34723916 -0.59100914 -1.10221620
0.58881058 0.75854149 -0.90521919 0.50237717 -0.28643371 -1.12004750 0.16294859 -0.33712833
-0.46401781 0.40563490 0.90298486 0.87014386 -0.56813244 -0.51702529 0.30581913 0.62675925
0.09313413 -0.69736596 -0.39195969 0.30061667 -0.11886428 0.18304260 1.01549089 -0.31306320
-0.00212917 -0.40067528 -0.08124754 0.06960123 -0.09333679 -0.19822576 -0.05168070 -0.63050929
-0.03087232 -0.14598516 0.04952929 -0.95502320 0.23132560 0.14910436 0.08651640 -0.01622701
0.17148760 0.16461356 -0.23930443 0.16554232 0.51955861 0.46220783 -0.35004525 0.19640910
1.08003456 0.86920063 -0.94811182 -0.68400581 1.00838673 0.37143988 -0.56073225 -0.57066057
0.24309758 -0.87095313 0.57098001 0.15613273 0.56247644 0.26069469 -0.16943701 0.46183771
0.17840450 -1.31608370 -0.67680904 -0.35395484 -0.71585175 0.21702530 -0.72835704 -0.37847229
-0.64424627 -0.52450127 -0.54831770 -0.17625579 0.13266697 -0.22248668 -0.42676699 -0.21012992
-0.17248786 -0.37850159 -0.28347325 0.24886327 -0.49624065 -0.34601515 0.29710019 -0.02192691
-0.31335401 0.01485604 -0.25853283 0.65182354 0.02581909 -0.38146867 -0.27737796 0.54753834
-0.26032708 0.46350313 0.29925077 -0.11816250 -0.82175888 0.60341379 0.47402150 -0.20754166
-0.19400732 -0.56228181 -1.42099583 0.81840512 -0.08741369 -0.00157128 -0.28365229 -0.29913653
-0.05564872 0.17489311 0.65789536 -0.69028846 0.20802808 -0.05971550 -0.41582607 -0.01951330
0.33308131 0.65778023 -0.08234555 0.58264242 0.52073194 -0.72987466 -1.12755652 0.29881474
0.55135354 -0.09628863 0.30346143 0.04592442 -0.78794047 0.41994287 0.61149107 0.10755257
-0.11213258 -0.88915638 -0.34374228 -0.32828423 -0.70390239 0.40522457 0.01191225 -0.84229043
-0.22249576 0.47126076 1.35701717 -1.22223646 -0.00418127 0.26469707 0.36347736 -0.07640305
0.41795215 -0.13367853 0.10068296 1.00053335 -0.06312534 0.47629314 0.10568670 -0.33394182
-0.63340149 -0.99344813 -0.29674059 0.51830716 -0.86084853 -0.19373519 -0.55095261 0.46729200
0.01153829 0.25934029 0.06219218 -0.22089249 -0.46465511 -0.18012776 -0.71198342 -0.47442370
-0.59945298 -0.19830123 0.33009709 -0.39551245 -0.25793708 0.43129705 0.08016467 -0.51339762
-0.13135457 -0.23976780 -0.17460564 -0.65323096 -0.11864085 -0.89796886 0.05142887 -0.55771480
-0.32578911 0.34868194 -0.63638311 -0.63140164 0.21043406 -0.24057393 0.31599912 -0.62645072
0.06369184 0.17420185 -0.04301224 -0.03324256 0.75246851 0.32204383 0.78616421 0.20807972
0.46895751 -0.18001468 -0.41216096 0.22932989 -0.22409884 0.40325689 0.50712352 0.73333923
0.22286298 0.36523567 -0.11591602 -0.77497747 -0.45117635 -0.52160955 -0.29080563 0.89410374
-0.12190021 -0.45958307 0.16390669 -0.18499807 -0.80493034 0.82682958 -0.51935411 0.56185235
0.03558618 -0.17665389 -0.78901145 -0.53977804 0.16575547 0.88706584 -0.59521111 -0.33245952
-0.83003669 0.33265018 -0.07687091 -0.06508260 0.70080655 0.41812208 0.55036610 -0.31948094
-0.18741924 -0.34012367 -1.24281586 0.69164578 0.88035415 -0.74794022 0.91720054 0.25656706
-0.19306961 0.27133632 -0.05582523 0.30004071 -0.09455924 0.36902730 0.15154268 -0.40574799
0.33921266 -0.03164095 -0.68837432 -0.29106909 -0.73512448 0.10951222 -0.24248876 -0.29069397
-0.98996959 -0.84035392 -0.43747362 -0.91493482 0.05780997 -0.57326759 -0.60786457 -0.70980357
0.16096657 -0.34794766 0.41509369 0.04786105 -0.17557011 0.68288373 0.75696979 -0.41565558
0.22144199 0.30117261 0.58434712 -0.25314609 -0.64973950 -0.13876570 -0.04100626 -0.16317317
-0.39949924 -0.47460241 0.07762890 -0.16232510 0.53786068 0.02679813 0.69538310 -0.14240347
-0.03859750 -0.50725514 -0.20814016 0.42341547 -0.66015549 0.03897268 -0.38726284 1.01915796
0.16274266 -0.38480131 0.64588633 -0.56426606 -0.59056500 -0.94460530 0.38424316 -0.03932429
-0.27585765 -0.51549968 -0.56040452 -0.02851198 -0.80357981 0.31103531 0.80146729 0.19611368
-0.63388245 -0.73830016 -0.20519258 0.09572845 -0.99144986 -1.10986959 -0.10899257 0.25885771
0.49680086 -0.02260544 0.36606224 0.97592967 -0.25531425 -0.17774985 -0.59293443 0.56567258
0.45880981 -0.43782740 0.26842315 0.46276216 -0.47354125 0.73952567 0.45832887 -0.45526670
0.42430747 0.72905207 -0.23997602 0.81601414 -0.25479212 -0.18771289 -0.18610919 0.40284511
0.25685046 0.35086600 -0.10884921 -0.77914555 0.60419805 -0.47560055 0.08768160 0.15701380
0.88395681 -0.77363721 0.45066480 -1.17803380 -0.07123794 -0.34577894 0.08306190 -0.64938497
0.09371218 0.53261283 0.85033744 -0.54986253 -0.48423953 0.13284711 -0.07910026 0.86980012
-0.27513255 -0.53005682 0.05085983 0.07067931 -0.91711196 -0.04129535 -0.17396246 0.28151638
-0.76980757 0.27283744 -0.08060991 0.09190828 -0.95645552 -0.00040245 0.24544316 0.13402875
0.02424177 -0.08632628 -1.29231037 0.27793548 -0.04999673 -0.20248997 -0.17182176 -0.24926378
-0.16708873 1.37626399 0.61011804 0.30709941 0.40564866 0.97155857 -0.69284494 -0.34268070
0.31058084 0.16518531 -0.16438193 0.63915887 -0.36938041 0.13165850 -0.01921498 -0.48189765
-0.10205839 -0.90196396 0.90446591 -0.00964286 0.51041965 0.00629987 -0.17652035 0.46643257
-0.41635591 -0.14723068 0.13179429 -0.30602699 0.77739705 0.44848988 0.02236426 0.33039791
-0.62249755 0.07356546 -0.11722118 0.64779518 1.37876437 0.68070993 -0.36567243 -0.53251647
0.49318323 -0.10502669 0.02837173 -0.29005327 -0.38008814 0.17567061 -0.19511654 0.14540241
0.06245944 0.21332517 0.23361747 0.04803012 -0.31157936 -0.78309339 -0.23431150 0.49931738
0.36242117 -0.20764588 -0.28304371 -0.80452966 -0.13974125 -0.66908686 0.17154605 0.48075102
0.82832372 0.65403142 -0.56008959 0.47544601 -0.13894267 -0.06897796 0.18117174 0.17967865
-0.30212521 -0.77187896 -0.48799805 0.88990060 -0.01108021 0.33909348 -0.00750961 0.03803445
0.23703880 -0.24573137 -0.05866373 0.48416176 0.29020304 -0.04058057 -0.79693161 -0.33005385
0.34664836 -0.54652101 -0.28118092 0.47914998 -0.62086937 0.02812098 -0.45802208 0.23204957
0.20185753 -0.15067702 0.22941628 0.46997836 0.30781346 -0.10596422 1.10401710 0.69392594
-0.01900452 -0.61549880 -0.80160763 0.39598907 0.03662954 0.63605916 0.13014459 -0.07895030
0.27681335 0.87851377 -0.20977574 -0.03466776 0.62136616 0.21402479 -0.08138905 -0.18176775
0.24987067 -0.55455527 0.39936878 -0.25727546 -0.13227208 -0.05500107 -0.21456012 -0.23118614
0.28078796 -0.34337102 0.18411029 0.76933471 0.44328324 0.42609622 -0.17953351 -0.11447406
-0.71305588 0.08620620 0.94721989 0.45153419 -0.17672637 0.12976222 0.30822980 -0.15815641
-0.96477227 -0.45701430 -0.12971395 -0.12294562 0.29381442 0.99966814 -0.27107603 -0.42468021
0.40629422 0.07957025 0.05587466 -0.91107222 0.07862827 -1.18931699 -0.87934941 -0.61302716
-0.14328092 0.09160477 -0.83694285 -0.21069338 0.73944183 0.16070661 0.01406747 -0.07676571
0.57034127 0.55458415 0.10222079 -0.15156075 0.35564517 0.03828454 -0.18020328 1.13521913
-0.20257955 0.67053964 -0.10125593 0.34288262 0.24025757 -0.17543433 -0.42837929 -0.11126636
0.92888141 -0.67051309 -0.33703858 0.12922084 -0.15233096 -0.13685188 -0.38754179 -0.21347995
0.17693603 1.62578053 -0.27893989 -0.12178860 -0.11728681 -0.24917202 0.19801002 -0.06521089
-0.36917818 0.03787178 -0.75967167 -0.75402402 0.50248874 0.12326718 0.41108443 0.43455132
0.75919957 -0.30499718 -0.02820032 0.35161506 -0.02531991 0.20825245 0.49063470 -0.17779311
0.58869362 -0.64214275 -0.77510462 -0.32184826 -0.02386427 0.15746407 -0.41604153 -0.65747623
-0.29305709 0.02118094 -0.52559450 0.09365135 -0.15624887 0.25854032 -0.49572041 -0.16216542
-0.31245996 -0.03985270 0.12025809 0.61689415 -0.27900136 -0.40038090 0.33785300 -0.18236014
-0.45462446 1.18232806 -0.48522601 0.49560829 -0.18363919 -0.91456027 -0.23946875 0.49611197
-0.03287744 0.14168594 -0.43725081 0.45045364 -0.93210159 -0.63684528 0.80587242 0.68705729
0.05275329 0.44102075 -0.31814983 0.20003840 0.28070726 -0.24808297 0.42560523 -0.45082515
-0.10398379 0.31695253 -0.14291196 0.42614871 0.34450113 0.16270295 -0.30952191 -1.07157793
-0.11981836 -0.11034650 -0.59947912 -0.38777548 -0.06123734 -0.08102009 0.07479584 -0.60393866
0.01571353 0.66129526 -0.05022181 0.40979408 -0.01126751 0.32792931 -0.07983638 1.33387559
-0.49743258 -0.54758723 0.34086549 0.22859774 0.44952867 -0.40841396 -0.20031190 -0.63107400
0.33373009 -0.35695778 -0.12250502 -0.18447748 -0.53391323 -0.42934850 0.38251841 0.82169363
-0.63674773 -0.62295161 -0.41521101 -0.56550749 -0.02278090 -0.01533530 0.33349784 -0.66602681
-0.39092485 0.18531049 -0.37043013 -0.37786864 -0.01508793 0.18411824 -0.24548090 -0.14388835
-0.15219217 0.50659669 1.11450692 -0.01436341 0.57501868 0.40028908 0.00890956 -0.48268929
-0.08724104 -0.93323512 0.25287629 0.07785962 0.78912332 -0.40071463 -0.38979971 0.02952525
-0.22344905 -0.11988662 -0.24509251 0.06561745 0.42979110 0.87554299 0.43680848 -0.50484291
0.66940115 -0.41833870 0.18697458 -0.24712596 0.17992637 1.27853028 0.15846249 0.73933966
-0.40927743 -1.02072762 -0.18414746 -0.38560969 -0.04185813 -0.29584636 0.31093695 -0.06433935
-0.34096498 0.08657813 -0.12672179 0.00164882 0.56346768 -0.35327981 -0.53311821 -0.43666706
-0.33911014 -0.65093044 0.09071822 -0.60806595 -0.80931999 -0.08345407 -0.05135328 0.60670155
0.15626840 1.46795831 -0.42861114 0.21945160 -0.86723770 -0.57523013 -0.20507305 -0.25515999
-0.37288106 0.14246854 0.01161647 -0.31152529 -0.22756951 -0.22926776 0.04056029 0.13868237
0.06360662 0.12755552 1.27497400 0.91322102 0.44529415 0.01076907 0.99918889 -0.63573748
0.13750721 0.21393715 0.25788793 0.61905203 0.72316420 -0.71847287 0.49460311 0.02718946
0.15579412 -0.10060692 -0.50224337 0.14734070 0.68184019 -0.38769879 1.14576582 -0.78741644
-0.16729478 0.27607722 0.37186281 -0.21317823 -0.38676241 0.31516587 0.05515490 0.01112870
0.19398760 -0.22154922 0.21950496 0.25032259 -0.03273862 0.45023716 0.34302139 0.15530813
-0.31434056 0.42009685 -0.29534980 -0.64975331 -0.15834187 -0.01105732 -0.10267342 -1.15853401
0.01414146 -0.15947188 0.15290131 -0.30949350 0.34608941 0.08937100 0.88270790 0.38005550
-0.44463458 -0.39140436 -0.24750294 0.10169607 -0.12144130 -0.17845013 0.73232104 -0.25932977
-0.16658286 0.04488201 -0.01512616 0.17231721 -0.06447098 -0.11018180 0.30319704 -0.47498126
-0.33518892 -0.24851332 -0.37100727 0.52099698 0.05485824 -0.64765041 0.78857717 0.81910791
-0.13681308 -0.06795639 0.18739412 -0.20068348 0.37336782 0.30241989 1.12329155 0.16679159
-0.37165472 -0.13830261 -0.28656167 -0.37014486 0.09066224 0.40450218 -0.28441879 0.69264709
-0.54027151 -0.35860969 0.20685941 0.82670356 0.20603621 0.66527252 -0.47101280 0.97532741
0.19678387 -0.97384339 -1.82048358 0.32918009 -0.29317723 -0.33698125 0.36477086 0.68551205
0.61590907 -0.83054143 -0.80110164 0.12526208 0.55532828 0.65751695 -1.27977055 0.08038355
0.27455030 0.85624918 1.14169289 -0.23220224 -0.74335738 -0.54785885 -0.01068985 -0.23694298
-0.85217430 0.66849632 -0.32386543 0.64853417 -0.05091456 0.25393020 -0.10312803 -0.29864459
-0.14238760 0.34081256 0.10888112 0.10981294 -0.46285496 -0.78254042 -0.67647284 -1.13823063
-0.10162171 1.11855854 0.13590543 -0.62798098 0.39059247 0.03918984 -0.30790917 -0.43448660
-0.17199432 -0.45179646 -0.13038941 0.31174377 -0.24214336 0.02351424 0.24300746 -0.67995668
0.06875213 -0.06419126 -0.58967299 -1.04817303 -0.56192213 0.17751965 0.47957430 0.22946843
-0.81091508 0.38579758 0.07661421 -0.62507539 -0.17866801 0.33454874 -0.01347047 -0.06882987
0.10544101 -0.05617128 -0.19364217 -0.63998226 0.26428746 0.28088541 -0.52608553 -0.23905249
0.10640481 -0.34689419 -0.46819800 0.24533059 0.51674073 0.48614173 0.23221466 0.61026618
-0.44794689 -1.16808227 -0.75925269 -0.02951925 -0.14940858 -0.38087953 -0.61123268 -0.83580472
0.11801016 0.48175259 -0.52769416 -0.00488257 0.08730578 0.21556786 0.41836599 0.61045571
0.00386711 -0.49089092 -0.43024047 0.83300713 2.30296148 0.07966049 0.39242288 0.94139705
-0.44747484 0.07470967 0.41789805 0.18876958 1.08054952 -0.56477845 -0.89821408 -0.09078688
0.29768554 0.07769939 -0.85106433 0.57287269 0.43531044 0.07323420 -0.76120655 0.02809711
0.22678475 0.11860606 0.02912885 -0.26253956 -0.63259024 -0.27599926 0.02563896 -0.11427447
0.02242729 0.46332119 0.66323109 0.31427728 -0.12050429 -0.84095441 -1.04222271 0.31499580
