0.50276252 0.04184111 -1.04864598 -0.00669860 0.03368918 -0.24032220 0.16486469 -0.20164023
0.48897044 0.31179187 0.34496280 -0.24475177 -0.39364177 -0.03933802 -0.16683105 -0.27666316
0.76307579 0.63064381 0.32592943 -0.15795101 -0.26751211 -0.88036623 0.57805955 -0.18263493
0.23411384 -0.32586183 0.34598309 0.37422574 0.28900163 0.60185128 -0.75120550 0.02472754
0.22129679 0.78209439 0.34179574 0.69594546 -0.29639418 -0.15958645 -0.09256528 -0.60624829
-0.84098324 -0.08218864 -0.80943405 0.01488784 0.64177929 -0.05009191 0.21743918 -1.32475056
-0.34110237 -0.10174607 0.30077165 -0.55114900 0.47448675 0.67281710 0.10233916 -0.14145085
0.14461098 0.47227205 0.23581359 -0.07642093 -0.22022216 -0.07476275 -0.09562477 -0.26280044
-0.17312801 0.44498426 0.03718944 0.09503050 -1.17326438 0.06588783 0.36357891 -0.94566180
-0.03388409 -0.05913991 0.01507228 0.46735321 0.90093800 -0.37010619 0.15035717 0.77874242
0.52298443 0.10113103 0.11168369 -1.16456900 -0.63057573 0.21224412 1.02840324 0.85182035
-0.73523961 0.68203124 -0.46379249 0.90990670 -0.16657869 0.39108425 -0.63608992 0.07405725
1.36424890 0.57374284 0.74098628 -0.89387176 0.04940195 0.23471013 -0.05623928 -0.16568874
0.14319931 -0.85566097 -0.31342135 0.93756255 -0.12918463 0.89755377 0.93899074 1.25087320
-0.37325140 -0.34687227 0.53214172 -0.88521015 0.40971148 0.21220338 -0.53071858 -0.19076175
-0.37920003 -0.01932715 0.25870170 0.08299195 0.14236524 0.07276388 0.31384516 0.69433306
-0.12375209 0.30571478 -0.41121099 -0.04362645 0.10889068 0.22652544 0.11404005 0.18604307
-0.73351797 -0.42852151 -0.67089766 0.44631765 0.01797612 0.08949457 0.04119647 0.77809457
0.26577983 0.22794615 -0.34926998 0.01463624 -1.36431331 0.02215421 -0.14711578 -0.08035344
-1.04474575 -0.51303275 -0.05845761 -0.21020093 0.90121814 0.45435488 0.33970945 0.51527420
-0.29676305 -1.07351638 0.04815729 0.40466861 -0.05242760 -0.07323762 0.33609572 -0.58221976
-0.10524569 0.09746618 0.28671560 -0.10004858 -0.44183764 0.40239450 -0.58276983 -0.22308304
-0.40690383 -0.04462221 0.98891559 -0.17970055 -0.59399991 0.84166534 -0.36613717 -0.54836540
-0.07470614 0.21652035 0.14426589 0.31600113 -0.20915637 0.75745956 0.45182260 -0.30684548
-0.11780755 -0.02663049 0.81134811 0.17329473 0.01599171 0.67258114 0.88697523 0.04538730
-0.06214055 0.61464420 -0.53421334 -0.36324383 -0.07379029 -0.27569951 -0.33732144 0.02670670
0.05743219 0.48226242 -0.33195282 0.05540624 0.39679825 -0.57839640 -0.79202257 0.82730742
-0.59441009 -0.14835771 0.23735868 -0.13552928 -0.39967953 0.87027005 -1.15683708 0.37619765
-0.38117655 -1.04548922 0.16561470 -0.78587998 -0.28265911 0.53242707 0.69818691 0.21166862
-0.70458130 -0.55761156 -0.71641332 0.76880409 -0.45009853 1.01886481 1.07665734 -0.10990682
0.38840458 0.00460859 -0.26937770 0.79280021 0.65020463 -0.15816617 0.08418908 0.15474789
0.04948889 0.04622565 1.11279758 0.14212190 0.09800808 0.12570147 -0.47975292 -0.48647418
-1.19186641 0.39738724 0.53359680 -0.15878108 0.31399395 -0.25756795 0.20257077 0.45213457
-0.12635304 -0.44761836 -0.11622101 -0.38732682 0.13587204 -0.22458789 -0.29940865 -0.66828966
0.08971493 0.61086132 0.11529356 0.83251699 0.32458380 -0.57096920 0.57445443 1.64065146
-0.20101841 0.38973976 0.69800222 0.71230570 -0.81878295 -0.09807544 0.37797152 0.34689156
-0.72743765 0.19000473 0.29994808 0.55574391 -0.36155062 -0.20068099 -0.06147623 -0.60278937
-0.35009541 0.01923897 0.07503718 -0.60301056 0.79498231 -0.35609007 0.75635626 0.09852525
0.01524715 -1.77097942 0.96227171 -0.88437852 -0.11749047 -0.64767692 0.34599117 0.00813212
0.05493854 0.76492992 0.01281885 0.29315625 0.80272701 0.00170411 0.59014455 0.22315779
0.07955326 -0.22849428 -0.16249048 0.59810320 -0.16283068 0.20022381 0.38527704 0.03271905
-0.31406710 0.15757412 1.47604817 0.03638110 -0.85492136 0.04810631 0.57492696 0.39167388
0.04068376 -0.49459155 0.23565723 0.25039807 -0.42949717 0.16277455 0.53135495 0.41112993
-0.22899991 1.04358396 0.24804426 -0.17105758 -1.09690822 -0.33157145 -1.24745194 0.01603877
-0.40660268 0.05217297 0.60481639 0.01214938 -0.38695891 0.48347698 0.51401930 0.61809088
0.14114572 -0.37874739 -0.28308403 0.34791321 -0.28391968 -0.63983354 -0.24179622 0.18887062
0.69862003 -0.29235954 -0.82384806 0.53081808 -0.52915818 -0.09752635 0.57290646 -0.00170103
-0.13768095 -0.10529767 -0.12107091 -1.20286729 0.93075806 0.95146272 0.07203661 0.42586044
-0.65913876 -0.50417058 -0.10726028 0.06449340 0.46956155 0.37107407 0.30782668 0.35869612
-0.68547691 -0.17997569 -1.03533090 -0.62735234 0.05573684 -0.34173504 -0.50859005 -0.32758425
-0.80706376 -0.82981978 -0.50512027 -0.17610234 -0.44433633 0.95865871 -0.86943668 -0.65716270
-0.65028093 0.76664593 -0.06817401 0.53449919 0.13698860 0.45220543 -0.74945189 0.22953794
-0.37529445 -0.48190153 0.63849779 -0.69740720 -0.11059091 -0.08518124 0.98690200 -0.67947704
-0.17422456 -0.12971330 -0.66011776 0.52752902 -0.31915377 -0.81899213 0.13285136 -0.29136384
0.91111914 0.43280883 -0.01369152 0.37489243 -0.10976967 -0.92680050 0.65936240 -0.06248400
-0.18341196 -0.77395220 0.60105342 -0.00402711 -0.68362429 0.07446470 0.30222223 0.05195459
0.10901944 0.01924826 -0.29777540 -0.09352724 -0.09974813 0.45027517 0.39409660 -0.09816635
0.20873072 -0.23970030 0.57164023 0.13175322 0.58568047 0.56097688 0.34277938 -0.48765236
1.13398407 -0.14498016 0.33387263 0.55862626 0.80688756 -0.10273949 -0.06902114 0.78362048
0.79154555 0.11244447 0.54147447 0.71239488 -0.46547309 0.95046261 0.77698435 0.44508379
-0.56265774 -0.50447128 0.00996454 -0.16505868 -0.03207582 0.56869968 -0.27946668 0.05853835
-0.14574174 -0.68312207 -0.55748679 0.33806068 -0.70437580 -0.02113433 0.17453887 -0.06096971
0.02861727 0.16608047 0.51030286 0.47292185 -0.19398116 -0.89338283 0.68065894 -0.71358995
0.40615165 -0.13848831 0.10111537 -0.12593136 -0.06214258 -0.79789713 0.04397872 -0.15339199
-0.23669698 -0.01084901 0.49164012 0.15618322 0.09748826 0.10076891 -0.44422049 -0.54365383
0.70521916 -0.33697658 -0.64891702 -0.92281794 0.01242588 0.19960061 0.40801366 -0.83214167
0.34497778 0.52874102 0.54681805 0.09910805 0.35061753 0.03788640 0.02720292 -0.47866214
-0.47574644 -0.29429570 0.70026067 0.63281934 -0.19012451 -0.05182177 0.55451541 -0.29818501
-0.11866029 0.40632335 -0.60095184 0.30091693 0.58234874 0.09520268 0.05402584 -0.29542125
1.45681009 0.36835048 0.98890405 -0.24285722 0.02132787 -0.71745499 -0.36969890 0.42796586
-0.21574606 -0.20695683 0.34114055 0.02697754 0.77844494 0.37736353 -0.70076807 -0.45240348
-0.14019865 0.06292092 -0.15513297 0.31990061 0.32824872 0.32609562 0.08098295 0.53222096
-0.54267503 0.42543445 -0.72864583 -0.43664733 0.16129971 -0.71682501 0.53819358 0.78184575
-0.00669043 -0.87139149 -0.15734250 -0.34186614 0.98883681 0.58888385 0.06118524 -0.49600883
-0.18726276 0.30037975 -0.09009438 -0.10138618 -0.30988344 -0.52118287 -0.26201593 -0.96755171
0.39611660 -0.55794556 -0.41363841 0.72398292 0.29082679 0.03390983 0.61281425 -0.22225207
0.14841139 0.05532301 1.66078225 0.57266108 0.06484204 0.28874052 0.88578730 0.03763819
0.15462529 -0.10969303 0.36929904 0.27443308 0.06411977 0.35750082 -0.47170712 0.51022779
-0.15572789 -0.49392346 0.40995968 -0.51587044 -0.58901332 0.29250048 -0.23784235 -0.44494618
0.55560920 -0.80431855 -0.13096979 -0.04230582 -0.23297233 0.21446404 -1.24783251 -0.04579058
0.36766988 -0.69219273 -0.93949449 -0.47037202 0.33052802 -0.59817758 0.66502406 0.25080489
-0.10416406 0.07304560 0.93793911 -0.35868733 0.20186207 0.58285896 -0.29341124 -0.20088363
0.01908150 -0.38476270 0.42939897 0.06049618 0.00848647 0.08290991 -0.06799337 -0.30225853
0.25897730 -0.75519359 -0.34408765 -0.04233200 0.23530390 -0.63942668 -0.26001641 0.11953505
-0.26400140 0.53831919 0.84677017 -0.54197379 -0.25562619 0.01807538 1.02833828 0.02883956
0.26949456 -1.44899879 -0.08779485 -0.74153377 -0.18533326 0.03180088 -0.46154386 0.08544946
-0.17854206 -0.32287788 -0.31822619 0.25700930 0.01940305 -0.08143356 0.27366057 -0.38457250
0.27562217 -0.14954321 0.71169254 0.26758521 -0.74681731 0.08394986 0.23680897 0.53746362
-0.57606910 -0.58767454 0.12804289 0.14978492 -0.05705342 -0.06933532 0.59522737 0.34674343
-0.34011662 -0.75377336 -0.89205959 -0.57627306 0.15922429 -0.38627287 -0.27027541 0.41108794
-0.24583672 0.59738477 -0.03370844 0.12445837 -0.04390193 -0.62688924 -0.95106762 0.36834128
0.16499479 -0.02163729 0.19684312 -0.40779794 0.96941789 -0.38264719 0.07054135 0.04764534
0.11992502 -0.33610007 -0.55962973 0.39237814 -0.08162766 -0.15929580 0.45964999 0.33214829
0.88866132 -0.40113313 0.33799527 -0.88477608 0.34218973 -0.35951334 0.00496371 0.25758637
0.59818500 0.51064708 0.89443934 0.04446359 0.04995695 -0.27307095 0.22126853 -0.03192316
-0.23778276 0.34313175 -0.20609178 -0.18482065 0.31141903 -0.94044190 0.97474244 -0.27776204
-0.35237331 0.24677118 -0.09690385 0.21845904 -0.58040739 -0.40177224 -0.59535004 -0.33647635
-0.81924628 -0.56697416 -1.09458443 0.88907570 -0.42285487 -0.07242210 0.18030269 -0.45532182
-0.07262165 0.71665703 0.10078067 -0.00405727 -0.19729961 -0.22578129 -0.80855255 -0.04717000
0.03566318 0.13646392 0.00710915 0.68811643 -0.12413987 0.00898622 0.80549848 0.12194269
-0.54136278 -0.60437267 -0.04514688 -0.27002208 -0.05419711 0.07255889 0.43737750 0.18796724
0.32119051 0.34135552 0.47332371 0.29723597 -0.02255840 0.66376504 -0.08991044 0.77995152
-0.50561859 -0.61419195 -0.40277093 -0.26153486 0.43940491 -0.00988599 0.06049795 0.17439896
-0.18578681 -0.26067162 0.49089495 -0.28345043 -0.10708792 0.34225105 0.10026160 -0.53151677
0.34362314 0.53619054 0.53059455 -0.21755339 -0.01028212 -0.11908938 0.37622731 -0.59433301
0.68334166 -0.09611404 -0.88857359 -0.67314311 0.49674820 0.53215451 0.66213542 0.02805811
-0.15080363 -0.00032999 0.23723895 -0.10261171 -0.29209339 -0.50862388 0.16447912 -0.16763675
-0.56098077 0.43330289 -0.34409513 -0.11390739 -0.74062615 -0.43479523 0.44954799 0.02802600
0.06045932 -0.68854564 -0.19796521 -0.39571680 0.39291244 0.88182711 -0.35870983 -0.76512172
-0.01234870 -0.34802963 0.31534069 0.33727024 0.18708270 0.20002966 0.05240285 -0.30842001
-0.03198239 0.91468480 -0.59847078 -0.54705599 0.41995525 0.22099068 -0.19283251 -0.16410797
0.97571066 0.65981999 0.27492823 -0.05810113 0.28498714 -0.00171275 -0.23739709 -0.27553252
-0.51400103 -0.77242850 -0.35666712 0.15838289 0.00034956 0.48483907 -0.29161004 -0.49039978
-0.34089478 0.04264317 0.00948449 0.29636185 0.04972780 -0.70198842 0.11362206 0.75118699
-0.21736145 -0.23260392 0.07326041 -0.18352822 -0.56871463 -0.03242464 0.35242747 -0.03214253
0.09071914 0.78982875 0.04017599 -0.31170342 -0.15850675 0.06934479 0.64113693 0.06025233
-0.12107365 0.20616935 0.04647096 -0.75918137 0.01344647 0.02844249 -1.36056497 -0.25228595
-0.10434955 0.10091237 -0.40164247 -0.07159523 -0.25511429 1.09195860 -0.06463668 0.23433537
-0.72176693 -0.61375511 -0.46626093 0.48542993 0.59797047 0.37646226 0.13796526 0.62346622
0.07341675 -0.13214835 0.25202431 0.71700100 -0.79366533 -0.77180438 0.02521164 -0.49226046
-0.59090238 -0.01707127 -0.31456362 0.05650571 0.03974048 -0.42123683 0.89645027 -0.94072709
1.14212435 -0.01488790 -0.58023079 -0.14760955 -0.00593248 0.23150268 0.06771499 0.00369693
-0.27110824 -0.14701079 -0.24760218 1.35181639 -0.25861177 -0.17537195 -0.14414876 0.00099137
-0.51479262 0.13134853 -0.08348580 -0.03277672 0.66635825 0.10520645 0.37933926 -0.34860791
-0.61342919 1.02094466 -0.20971816 -0.65083522 -0.00489447 -0.16013231 -0.03634109 -0.24367331
-0.17124357 0.34770421 -0.93970454 0.27186015 -0.50979133 0.02345119 0.57130181 0.00739207
0.51353968 0.70866566 -0.36291751 0.05042542 0.56714175 -0.35981312 0.28956002 -0.11889845
0.29410301 -0.17039565 -0.18595781 0.36808357 0.47852332 -0.29479237 -0.44200673 -0.15897525
0.16494462 0.11316678 -0.27514483 0.21813013 0.49844289 0.03269930 -0.03712074 0.02674321
0.07766304 -0.68004600 -0.51173198 -1.12209283 0.88273298 -0.04263544 0.39685264 0.14154798
0.25844520 0.54012186 0.24489632 -0.04254903 0.11534104 -0.37756700 0.57295709 0.39837003
0.68530079 -0.40007505 0.24201886 -0.31162536 1.13418714 0.31055356 1.41136830 -0.77449691
0.12173044 -0.23022011 -1.01421435 -0.44192962 0.06097190 0.17775843 0.02094646 -0.09265611
0.73648695 0.34416010 0.17484660 0.20727626 0.48949969 -0.03371436 -0.18747510 -0.01849748
-0.03109522 -0.49540840 0.06405468 0.02613238 0.30908255 -0.25706511 -0.12607640 -0.46191470
-0.25773806 0.29283548 -0.34000274 -0.04997912 -0.03335457 0.80022684 0.28750559 0.77048337
0.23439443 0.36154334 0.22767603 -0.11384961 0.90843621 -0.70288207 -0.21105020 -0.43438083
0.46317618 0.87040309 -0.41915763 0.38959407 -0.71194814 0.35552650 0.53391726 -0.41553549
0.11680533 -0.49025244 -0.09467724 -0.00483703 0.61312292 0.72063317 0.52505665 -0.44978186
0.27397399 0.00612530 -0.61969703 0.35086837 -0.03443594 0.15024650 0.15082676 0.48280775
-0.55173170 -0.12374866 -0.37177491 -0.78260986 -0.07490852 -0.52938158 -0.04017320 -0.29773191
-0.59350283 -1.37131100 0.38900777 -0.01454636 0.59852576 -0.47531370 1.16638143 -0.59906654
0.26818938 -0.14460160 0.12501571 -0.70464831 -0.22463413 -0.44610852 -0.29619940 0.22337343
-0.83102310 0.23319636 -0.44142268 0.34929185 0.07970470 0.85277109 0.51402730 0.01192357
0.04322203 1.31574214 0.05666214 -0.71549871 -0.10925146 0.51869449 -0.17555501 0.51832570
1.20526598 0.00644220 0.11178279 -0.14075198 -0.74006107 -0.33167785 -0.08054706 -0.23020897
0.23077890 -0.21974436 -0.35000971 0.01990068 0.20988179 -1.23667617 -0.23947134 0.19123156
0.11778701 0.51042804 -0.07963094 -0.59440585 0.13693961 -0.08565578 -0.41514703 0.10580858
-0.71500732 0.55063143 -0.11206701 0.07598634 0.45354082 -0.23349941 0.10841644 -0.57694701
-0.13893298 0.37585740 -0.30533048 -0.32175271 -0.56544784 -0.93770910 -0.15020949 -0.11299030
0.11670557 -0.41089734 -0.08423742 -0.47927390 0.40249454 -1.11157428 0.09696918 0.37211502
-0.66815012 -0.48417619 1.01432776 0.05925437 0.51494812 0.06045563 0.05925827 -0.86926881
0.40918954 -0.57695177 -0.44794425 0.65836639 0.16840819 0.08493364 -0.17820113 0.71132059
-0.49090909 0.69238610 0.07149372 -0.04332302 0.06134577 0.38935454 0.48391252 0.53512646
-0.44104422 0.02847309 -0.38930784 -0.42156997 -0.01617051 1.24570730 0.50740936 -0.25108129
-0.70877720 0.61318725 0.04982430 -0.38870138 -0.29421506 -0.07464018 0.73654702 -0.42194866
0.05512178 -0.75119209 -0.45927633 1.08008084 -0.79516374 0.02562500 0.20428818 -0.11100049
0.05484669 0.05327502 -0.35757362 -0.31296878 -0.27517641 0.77650813 -0.26854339 -0.06226737
-0.20399224 -0.45365560 -0.17080282 -0.05614731 -0.32071629 0.01715683 -0.25023269 -1.38705258
1.36290813 0.26778964 -0.67345342 0.62763766 -0.28654789 0.44770566 0.78584104 0.09246224
-0.38639691 -0.12019435 0.57379820 0.13169511 0.10961673 -0.60366144 0.09511198 -0.25011818
0.66242559 0.46581000 -0.21851134 0.57191596 0.89886761 -0.06705093 -0.37766676 -1.01429509
0.29868498 -0.61424155 0.33983658 -0.06704588 -0.07050088 0.34795051 0.18841936 0.16636429
0.37721508 0.26366852 0.11506018 0.86514840 0.19489734 0.60387068 -0.13005573 -0.23877035
-0.26482254 -0.28574076 0.42369303 0.32921003 -1.11678996 -0.30687325 -0.33685121 0.40289082
-0.75022573 0.22597989 0.71980833 -0.59721290 -0.21766579 0.28892959 0.05462165 0.35239322
0.52998848 0.51036540 0.52880035 -0.10556136 0.54635006 -0.35266230 -0.35386399 -0.55332772
-0.06244165 -0.37472950 0.68289632 -0.80496038 -0.47587188 -0.45595249 -0.80251297 0.40947313
0.32351160 0.75120534 -0.33945216 -0.04760409 0.08200680 -0.20726536 -0.49783504 0.75466404
0.00271287 0.39580271 0.03710006 0.13356388 -0.13319440 -0.10127363 -1.08734021 0.14809083
-0.18304018 0.20307235 -0.09286336 0.02204268 -0.41946869 0.23227521 -0.18570921 0.44316261
0.29703706 0.74829774 0.05616570 0.51435484 -0.18180615 -0.40103328 -0.01983994 -0.13689044
0.31913874 0.81482099 -0.06754581 -0.00351632 -0.35153003 0.90666766 -0.32867355 -0.00817882
0.60808193 -0.04828608 0.10347856 -0.08217098 -0.56453048 -0.45756231 -1.01606453 0.43934207
-0.81232311 -0.56483923 -0.20896953 0.34786190 0.12231664 0.18525510 0.95607564 -0.49614446
-0.12064173 0.13360413 -0.77618116 0.39313514 -0.62596282 -0.59030320 -0.40525063 0.01681146
-0.49781892 -0.14052810 1.02914621 -0.10016752 0.26079190 -0.41703742 -0.10048712 0.05133646
0.62483672 -0.20320032 0.30609451 -0.19932629 0.31790152 0.97054193 0.36578149 0.02431429
0.03150117 0.81519933 0.28783929 0.97236831 -1.44350581 0.17706205 0.46310898 0.27470056
0.38060514 0.30141300 -0.04813472 0.03557080 0.35487871 0.04907193 -0.74891838 0.13340326
-0.47160151 -0.44999191 -0.44244786 -0.06849277 0.12569738 -0.07185587 0.70438469 0.13931951
0.44984520 -0.59231909 0.13115789 -0.56246568 0.41618771 -0.27565580 -0.39281418 -0.13413677
0.39021314 -0.43310434 0.16704758 -0.40221222 -0.67357957 0.69151373 -0.90139770 -0.10270989
0.06716448 -0.35268408 0.35325839 0.90750016 -1.38474636 0.81179880 -0.17820759 0.04884826
-0.20358668 0.79507573 0.15284305 -0.53629880 -0.85121054 -0.08612762 -0.46785115 0.43137225
-0.40279679 0.81968742 -0.60821028 0.19331530 0.33629675 0.00076546 -1.16175213 -0.88453364
-0.19779489 0.30387980 0.80198047 0.73178680 0.47670295 0.46510629 -0.31065106 -0.71749212
0.76943593 -0.27353447 0.38686005 -0.27333053 0.51552198 0.30232081 0.50908617 0.52276842
0.49525516 1.17893061 0.35426553 -0.27986621 0.23222139 0.26575248 -0.55321162 -0.47990772
1.04484951 0.00260288 0.14624195 0.10198284 -0.02879843 1.25176933 0.27158436 0.13642177
0.08866781 0.86766996 -0.23791689 -0.49033469 0.09499064 -0.25887381 -0.18943258 -0.83692249
0.12864143 -0.72475854 0.35407141 -0.69680217 0.63122880 -0.16146648 -0.04871231 0.21894253
-0.86920674 -0.28425127 -0.74237260 0.05347985 0.01773388 -0.66793907 -1.00679817 0.11765843
-0.76543324 -0.10390781 0.10818029 -0.23596066 -0.00812040 0.02298335 0.27706298 0.22064205
-0.08319200 0.51340968 -0.55734574 -0.06452107 -0.19864628 -0.26224988 -0.15393359 0.35703294
-1.41434337 -0.41710046 -0.12656320 -0.57956653 -0.42586176 0.46275299 -0.11328649 0.24319516
-0.37654087 -0.18642556 0.36419647 0.28810359 1.10258998 -0.39577162 -0.29791185 0.23546715
-0.23527057 -0.08386598 0.36676495 -0.59165469 0.11058583 0.11574607 -0.19770415 -0.17541753
-0.10285802 0.37380144 -1.12895590 -0.25481848 -0.13807541 0.11616288 0.13498401 -0.40036732
-0.29694847 0.25693992 -0.10363235 -0.16818810 -0.42960550 -0.11546519 0.31943183 -0.32132743
