-0.12386606 0.78041319 -0.58941360 -0.30994535 0.06037562 0.19361779 -0.48924043 0.05047993
0.34002675 -1.29136661 0.42883324 0.17774671 -0.12697124 -0.57161069 1.12903420 0.05304080
0.20766692 -0.75173210 0.11699518 0.64725798 -0.10618435 0.71203397 0.20037093 0.09430528
-0.11811963 0.42123653 -0.75274827 0.32540644 -0.23956368 -0.01479590 -0.95922940 0.56677475
0.76598875 -0.13887069 -0.49535387 -0.08252341 -0.06866603 0.11675902 -0.56709392 0.76932078
0.20442059 0.68859707 0.39743826 0.43312354 -0.42295121 -0.17277070 -0.04221483 0.35586427
0.57895033 -0.69563412 -0.01303312 0.57513276 -0.96791142 0.16504172 -0.10429686 0.33970880
-0.10193178 0.01913000 -0.20418963 -0.65017223 0.47297984 0.14398137 -0.36888032 -0.66473648
0.63412435 0.22827369 -0.03111786 0.39244204 -0.36801535 0.43575313 -0.27390210 -0.19155158
0.69976928 -0.09074951 0.00919312 -0.58495882 0.24899277 0.15125411 -0.13537279 -0.25595212
-0.11853219 -0.14363814 -0.72519506 -0.51362759 -0.93992798 0.12138850 -0.18935231 -0.93329346
-0.43528003 0.57460409 0.43057250 -0.67320107 -0.10219673 0.53086513 -0.52277299 0.73894460
0.50940397 -0.70860506 -0.79391494 -0.42401704 0.63383758 -0.08142344 0.43709082 -0.20641541
-0.18376066 -0.80326455 -0.15549187 0.12587778 0.57659776 0.42310694 -0.06572437 0.48984110
0.19866878 0.12797655 -0.28416255 -0.49652229 -0.28913223 -0.01879332 0.36071239 0.00131945
-0.53321958 0.03009768 -0.79740360 -0.85937745 0.02008587 -0.80883579 -0.33505379 -0.14307609
-0.38264795 -0.58860294 0.71572037 0.21016539 0.36306090 0.02870282 0.29720099 0.82508956
0.39041209 -0.06985363 0.27073249 0.66012945 -0.64892761 0.41206781 0.13873881 -0.38778239
-0.55230617 -0.54394192 0.84979080 -0.35734934 0.05890415 -0.05998427 -0.17757912 0.72510004
0.87536765 -0.46884168 -0.74538566 -0.28041981 -0.13715460 -0.31964048 -0.21484549 -0.13936882
-0.29944536 0.90134254 0.50814315 -0.01728841 -0.35892699 -0.00353512 0.22423596 0.22258053
-0.36324111 0.08111154 -0.33004432 -0.02825751 0.56747497 0.49645202 -0.83782097 -0.26645354
-0.12592407 0.69203782 -0.32313453 -0.01004610 1.21745101 0.08471974 -0.03075791 1.11922276
0.44608149 0.27040748 -0.46697946 0.90881036 0.02830672 0.06653575 0.09137257 -0.82430660
-0.73617211 -0.45290172 0.94776021 -0.45627582 0.59126197 0.22366831 0.13260153 -0.20014243
-0.05966428 0.24037101 -0.43371882 0.22385485 -0.63046412 0.48661184 -1.00418592 -0.04221818
-0.39564268 -0.08409899 0.56621358 0.40276962 -0.60468492 -0.21962374 -0.04072037 0.54392001
-0.46107911 0.00140767 0.06427774 0.65424678 -0.24152519 -0.62695304 0.76324770 0.02432270
-0.43830452 0.05750471 0.44077124 -0.22603052 0.03358408 -0.25235323 -0.71941377 0.72747700
-0.31151626 -0.72068613 -0.05724030 -0.21836637 -0.04935061 -0.24226977 -0.02358594 1.40580285
-0.60050313 -0.02014894 -0.72561250 -0.64910917 -0.88835562 -0.22824080 -0.57734813 -0.28587198
-0.07878837 0.82844677 0.10609983 -0.26537126 0.05958511 -0.01330924 -0.61305353 0.00502149
-0.07918645 -0.48858969 -0.16828378 -0.52208883 0.48225283 -0.11113379 -0.00892908 0.95235699
0.32866523 -0.03512548 0.61006625 -0.89578073 0.11814809 -0.10526061 -0.01140533 0.08137742
-0.31277928 -0.28098517 -0.41271218 0.19369744 0.80919982 -0.79613615 0.78760618 0.35111833
0.29458087 0.16614342 -0.23011111 -0.07912196 0.98389188 0.39231521 0.06967566 -0.02129357
-0.32392178 -0.25374985 -0.19512603 -0.25035922 -0.37269329 -0.01418886 0.11282462 0.37960592
0.52461130 -0.71982514 -0.41072126 -0.56749548 -0.15938810 0.15239306 -0.52929054 0.14233380
0.22677129 0.64939791 -0.12869004 -0.85490655 0.17012538 -0.62240488 0.17192588 -0.34209419
-0.35376346 0.34498468 -0.03262513 -0.41574476 0.27620624 0.12342690 0.03951446 0.37550361
0.16333090 0.35841708 0.32610843 -0.13325625 0.17533810 -0.68338504 -1.13245101 0.23262115
-0.59678697 -0.03737750 -0.19409005 0.23426934 0.42394218 -0.11907698 0.41604787 0.23766139
0.48974376 0.28033736 0.24884619 -0.25946973 -0.05991428 -0.00531281 0.36211135 0.61863255
0.08724061 0.34606270 0.26568220 -0.39107783 0.06796873 -0.88476187 0.16253107 0.07154602
0.25016413 0.78492411 -0.40935581 0.59310700 0.59432337 -0.06907261 0.38187061 0.36902763
0.13196237 -0.44212801 0.14845182 0.07660458 0.83969856 0.70744649 0.30715215 0.60317704
-0.14029383 -0.38122276 -0.03374395 0.18132235 -0.05804933 1.57770000 0.84236373 0.42128831
-0.32211329 -0.75333498 0.31228837 -0.27153204 -0.31400007 -0.63738828 -0.29347210 -0.35014471
0.11856347 -0.08401178 0.23688902 0.20705646 0.61021655 0.40153217 -0.08416147 -0.21545138
0.40199307 0.62501054 -0.00194547 -0.50112991 0.27059817 -0.00130769 -0.12541736 -0.31646557
-0.97117571 -0.03331473 0.40882423 0.09051814 0.80544146 -0.60180218 0.49659657 -0.25026034
-0.43807418 0.62028366 0.07566538 0.93607969 -0.01898886 -0.15849137 -0.27925058 0.42971444
0.48085987 0.06647805 -0.14110652 0.06904749 -0.09720674 0.36093571 -0.34791513 0.78550422
-0.98576543 -0.73284006 -0.67373480 -0.40277879 0.28015906 -0.23733642 0.61168141 0.12276843
-0.24524009 -0.80943841 -0.43683150 -0.48806285 0.25076631 -0.16219064 0.04912834 0.33519434
0.05978049 -0.24911760 -0.73665285 0.10083029 -0.22123792 -0.34026064 -0.39305010 -0.17335495
0.21582140 0.58460514 -0.13674370 -0.29956644 0.30814979 -0.95389750 0.56887910 0.03229257
0.11041280 -0.77243417 0.74121592 0.75248485 -0.71334346 0.03735302 0.63505467 -0.33026381
-1.02685651 -0.27103099 0.56234227 0.16897964 -0.67908054 -0.32711788 -0.52492109 -0.38674145
0.49744650 0.40383047 -0.95538234 -0.66038156 0.60546415 -0.19707795 0.33473145 -0.47494452
-0.24522149 0.25776584 0.38256586 -0.79722471 0.77413054 -0.30519713 -0.27688274 0.38622611
-0.68559178 0.06744549 -0.07319103 -0.95538258 0.38399852 0.36878556 0.42948573 0.38561763
-0.15288210 -0.10267027 -0.67504225 -0.11009578 0.16795870 0.03713427 0.13491094 0.63630638
-0.12933194 0.46064477 0.89182308 0.55116105 -0.39579597 0.00247095 0.70297008 0.22691853
0.28083870 -0.40947398 -0.21360179 -0.32603330 -0.41529570 0.13927453 0.22285546 -0.04810614
0.68352861 0.06185193 -0.69404157 -0.08524967 0.15560358 -0.05769297 -0.21633983 0.54209519
-0.72255863 0.50892380 0.27306779 0.22407874 1.27730931 -1.29043917 -1.21490648 0.27291539
0.82712124 0.52259510 0.56392523 0.42095440 0.01911143 -0.43035135 -0.81498109 -0.72421004
-0.98535499 -0.85458223 0.64616181 -0.50952648 -0.11682928 0.12056979 -0.13023247 0.63546306
-0.41658797 0.77814539 -0.22366034 -0.16621067 -0.11725104 -1.04578148 -0.42912806 0.10223796
-0.02028577 -0.49474766 -0.05403558 -0.35852260 0.70083959 -0.62732258 -0.36032202 -0.45098552
-0.63826141 -0.27927949 -0.61378665 1.07454684 -0.61641639 0.30658153 -1.38581889 0.09541410
0.10751689 -1.48796145 0.68545248 -0.45688008 -0.48781993 0.04742880 0.03635291 -0.02764713
-0.32144880 -0.00985775 0.17990109 -0.10183711 -0.12109126 0.31764595 -0.25252630 0.07344173
0.00536356 0.19026709 0.36905169 0.22783281 -1.17000120 0.73004850 -0.00461875 0.25945899
-0.33845206 0.09092059 0.54192092 -0.11588942 0.13495320 0.17082029 -0.27230964 0.96866731
-0.37674748 -1.16366893 0.36267986 0.44065974 0.42472155 -0.30620674 -0.56872199 0.56744062
-0.08951703 -0.14789264 -0.73414982 -0.30091886 -0.68770734 0.34324406 -0.02732850 0.45980231
0.13649321 -0.63460055 0.26451697 -0.51163988 -0.04618733 -0.33346302 -0.05479534 0.14858257
0.29203034 0.59057302 -0.03429098 -0.59566497 0.99926683 0.67767245 0.60223830 0.01082639
-0.08479291 -0.36198168 -0.80229179 0.78748956 -0.19799129 -0.26027476 0.42046204 -0.13586238
0.47804293 0.24354162 -0.37982233 0.04586650 1.09779991 -0.14456653 -0.34425335 -0.74962290
0.76967904 -0.03639838 -0.33124754 -0.12088598 0.37572180 0.01749105 0.42830044 0.15625711
0.58411778 -0.99734742 0.48539476 0.80686894 0.88928103 -0.66623717 0.08613646 -0.32416486
-0.31577566 0.41432943 0.30343544 -0.40216407 -0.00826075 -0.05354080 0.60780068 0.69429291
0.88106398 -0.85236054 0.87087391 -0.64638134 0.45289182 0.20989170 0.41458476 -1.03551827
0.57954802 0.72223670 -0.50176647 -0.42313048 -0.10899013 -0.16546138 0.45290548 0.88286902
-0.00796211 0.67958812 -0.40784917 0.36230752 -0.16048201 0.78956061 0.39448369 -0.03277316
-0.15214170 0.27617612 -0.37883811 -0.62507198 0.03926126 0.33526406 -0.45689737 -0.15266355
0.54864250 0.11437450 0.37888648 -0.95775500 0.02983259 0.08450636 -0.21970639 -0.43747150
-0.69248260 -0.14533095 0.83715859 -0.59053556 0.01123417 -0.84336486 0.52883808 0.81533154
-0.68389031 -0.65604667 -0.44980079 0.22821251 -0.45204045 -0.98355068 -0.85381086 0.62070699
0.12306823 0.44939837 0.23189670 -0.58238651 0.63085470 0.51780904 -0.29926832 -0.16391503
-0.69895647 0.34128710 -0.29873785 0.47174990 0.48859729 0.16149260 0.16487433 0.11123709
-0.57127602 0.53465371 0.40159361 0.25930318 0.02869118 0.46832672 0.05172757 0.32461679
0.48350657 0.18016181 -0.62613815 -0.81964250 -0.47726224 0.38107523 0.13194316 -0.37736537
-0.25846889 0.13796456 -0.09202470 -0.24337933 0.03732347 -0.18809768 0.17775866 0.25930485
0.18108823 -0.40213454 0.72176652 0.11331854 -0.86095927 -0.45287896 0.24636839 -0.18055256
0.35841662 -0.36094036 0.18812591 -0.79894256 -0.50425515 0.55323897 -0.32323798 0.28691847
0.54270510 0.89157007 0.05087014 -0.31611063 -0.65381581 1.10461567 0.13477143 0.64753569
0.29722414 0.32595036 -0.45628732 0.02898425 -0.16888378 -0.42349613 -0.49173455 0.84029829
-0.87061582 0.89135409 0.25079804 0.93244609 -0.27712492 0.21841905 -0.07939281 -0.02885788
-0.30001609 -0.65210267 -0.18820575 -0.02995644 0.31217232 -0.61015013 -1.01103226 -1.24934774
0.05689965 0.46708789 -0.35356229 0.50847831 0.34362091 -0.32158974 -1.00082037 -0.60725608
0.00673784 -0.30904127 0.17563900 -0.37988071 0.84645939 0.18183061 0.22320395 -0.41720436
0.75984492 -0.41787380 0.92538919 -0.63309355 -0.76355845 0.17849167 0.12219042 0.58962130
-0.20378536 -0.20866498 -0.67070027 0.56992061 -0.19105095 0.03745700 -0.09444686 0.77679451
0.45976101 0.42305625 0.13180572 -0.24344166 0.47919744 -0.48027096 0.20883271 0.46521483
0.15822368 1.03947755 0.55363393 0.72251886 -0.55819605 -0.38458398 -0.64604766 -0.09539049
-0.65285266 0.81999735 -0.04117696 -0.39548771 0.04480534 1.09837845 0.55284797 0.01277847
-0.39602761 0.67524415 0.22895252 -0.22980267 0.40683157 0.90315154 0.88188543 -0.23115839
0.58367528 -0.07139653 -0.00177538 0.42748763 -0.57950687 1.02350515 0.09542496 0.59288848
0.22570944 -0.00165240 0.40466753 0.41122864 0.10486047 0.36086826 -0.65181091 0.01472546
0.18105238 -0.79783308 -0.12505503 0.84439954 -0.77208171 -0.39813063 0.18337698 0.05435352
0.00549193 0.16601077 0.18380119 0.79326751 -0.98271135 0.85500743 0.48860072 0.31728837
0.08107067 -0.22798714 -0.33519587 -0.13135037 0.34644143 0.17611386 -1.11829021 0.70873468
0.01019248 -0.62146107 -0.38813893 0.39906806 0.99492751 -0.07546672 -0.09814952 0.96643629
-0.00257715 -0.01787930 -0.16612798 -0.99813123 0.97930996 -0.33171166 -0.24191269 -0.20737098
0.16597561 0.04485454 -0.32798259 0.08082716 -0.25816035 0.13103961 0.43203736 0.16612612
-0.24761476 -0.22559076 -0.54612586 0.57826459 0.00634212 0.48965013 -0.26687874 0.48920357
0.02315047 0.48167875 0.32510878 -0.27910021 -0.36707760 -0.99470960 0.27510001 0.49750655
0.12018489 -0.07193311 -0.16921442 -0.01534832 -0.78974127 -0.09550647 0.01629949 -0.57196226
-0.44648630 -0.02228720 0.33747878 1.23884796 -0.10680810 -0.01862036 -0.37608194 1.58801408
0.15934094 0.43531727 0.56625543 1.08951963 0.36468789 -0.13990322 0.29665965 -0.56749957
0.28433050 0.30909931 0.02005261 0.15700638 0.60687464 -0.13940225 -0.36055360 -0.88174017
-0.22648477 -0.40352603 0.34175957 -1.51781469 0.45530882 0.40093327 1.27120374 0.03500546
0.20127191 -0.27076480 0.15181216 0.18585908 -0.37066233 0.65119048 0.50148072 -0.69908388
-0.08151604 -0.71304630 0.27154537 -0.38898594 0.81852693 -0.43022413 0.22223883 -0.08117962
-0.75248757 0.69730111 0.07505765 -0.25650650 0.52868141 0.01947441 1.01606182 -0.94717535
-0.11125053 0.14845893 0.98703550 -0.39503903 -0.55165047 0.10519216 -0.29388027 -0.33401414
-0.37860863 -0.06822879 0.34514977 0.20718455 -0.46796528 -0.44011299 0.48511870 0.26976465
-0.16543219 0.21876333 0.49522223 -0.28708083 0.69015944 0.09582490 0.18975600 -0.12062276
-0.30839311 0.37193250 0.46752837 -0.81157644 0.11508249 0.18665854 0.29874435 -0.39362397
-0.28603665 0.63026680 1.36241539 -0.27382792 0.55320539 0.37463579 -0.94757603 -0.03644742
-0.98963883 -0.87367774 0.22761199 -0.40878639 -0.01271156 0.32729975 0.16861249 0.21512652
0.09319275 -0.15516165 -0.35530020 0.41913334 0.30002224 -0.94465778 0.09346807 -0.25127026
-0.19347476 0.23177428 0.66405559 -0.19913515 0.97293000 -1.41051610 0.64874733 -0.54064381
-0.09601710 0.49766608 -0.48588482 -0.10976978 -0.06503768 0.84291130 0.33774758 -0.48847544
-0.27692292 -0.88616850 -0.15652898 -0.35253818 0.16262014 -0.82611791 -0.45514803 -0.11593020
-0.06694185 -1.37251770 -0.07370440 0.47111272 -0.84692070 0.27098086 0.29642792 0.62797915
0.51991302 -0.49905147 0.22943434 0.00160167 -1.38108377 -0.13991724 0.08388662 -0.00516031
0.48531607 0.58426323 0.15693910 0.05480845 -0.21355023 0.13482541 -0.16712765 -0.52681021
0.32109873 0.57144980 1.13734606 -0.77474696 -0.12640771 0.65602919 0.80162500 -0.53601296
-0.41344026 -0.38623328 1.41284886 -0.21844096 0.09513317 -0.31954194 0.11756719 -0.22212310
0.31474361 0.23051249 0.42169481 0.83997358 -0.55938687 0.05528790 0.26570094 -0.80273027
-0.52516482 -0.31852997 0.77570011 0.35759042 0.74903380 -0.43670263 -0.02547680 -0.85802593
-0.03251563 0.40597537 0.56491671 0.23453612 0.41672611 -0.46609860 0.49494653 -0.36103677
-0.44085463 0.51180166 -0.37908893 0.23994329 0.50727162 -0.40818167 0.22684849 -0.58000508
0.41719628 0.13945832 0.31440274 0.84195090 -0.60620926 -0.26982284 0.10131024 -0.42150706
0.05338573 -0.32051855 -0.57102573 0.11433943 0.32579540 -0.00547567 0.68945580 0.01388725
-1.14994048 0.85345636 1.66881548 -0.47901367 -0.00207967 -0.16323548 0.57290696 -0.33913627
-0.05155840 0.35355046 0.00110602 0.09256403 -0.21898296 0.04901381 0.13718016 0.04757853
0.34137740 -0.79728422 -0.12367250 -0.33758372 -0.34957557 0.68964402 -0.14548861 -0.06632312
-0.71266784 -0.19994286 0.14911617 -0.45393151 -0.49736413 -0.39168770 -0.06102461 -0.54595989
0.26091497 0.07768943 -0.07941239 0.14643726 -0.16597288 0.68962706 0.15770123 -0.07744744
0.53312342 0.37932674 0.15393349 0.67624838 -0.25675258 -0.49761412 0.26927467 0.13640553
-1.00274224 -0.12333738 -0.26972190 -0.52005355 0.06426964 0.84327327 0.17922439 0.21540254
0.06959532 0.66369251 -0.42288941 0.92898843 0.62911012 -0.32812338 0.60226652 0.23772984
0.38344497 0.58676052 0.27554378 -0.18410758 0.63616400 -0.49218492 -0.82430938 -0.32699732
-0.55342753 -0.13220721 0.91305907 -0.02296976 -0.22534863 -0.39020031 -0.16970499 0.19018632
0.98937157 -0.12041918 -0.59825169 -0.03250065 -0.54728379 -0.07382574 0.09570921 -0.31072706
-0.27839412 -0.32892536 0.30365391 0.02811013 0.04648374 -0.01964445 0.09271107 -0.00187252
-0.17123160 -0.91997946 -0.07114439 0.96405319 0.20141155 0.89085543 -0.20006853 -0.06210346
-0.58420201 -0.02252900 -0.54546618 -0.66813291 0.02822967 -0.22818144 -0.78765071 -0.87756207
0.87027216 -1.14444644 -0.03845820 0.17898946 -0.39713713 -0.13047779 -0.49711365 -0.18981170
0.95244401 -0.40690124 -0.40192265 0.07178385 0.40731804 -0.61583403 0.34047269 0.84595003
-0.43846781 0.88216358 -0.10397655 -0.07296928 -0.20666436 0.06054076 -0.61948506 0.44090269
1.03058358 0.74284525 -0.33686452 0.39417657 0.25667656 0.28806318 -0.49532514 0.80161896
-0.12027989 0.35140473 0.37908691 0.64094040 -0.28731307 0.47195068 -0.45155556 -0.86907023
0.29912234 0.22987622 1.13264064 -0.92224144 0.21112538 0.87386096 -0.83995315 1.39047800
-0.19993351 0.14771037 0.57511340 0.30974929 -0.12937522 -0.61285568 -0.17900059 0.66945449
-0.02825402 -0.55299659 -0.59401892 -0.27663146 -0.13894128 0.50817697 0.42805649 0.10109445
-0.30290380 -0.30767900 -0.38766796 0.15404064 -0.37878683 0.04488335 0.29495709 0.04097925
-0.69499287 -0.51377021 -0.72165368 0.71214282 -0.04652936 -0.06959194 -0.10820861 -1.04415773
-0.08920826 -0.33942111 -0.96628284 -0.06875852 0.35647099 -0.29810058 -0.06219131 0.11269246
-0.84078323 0.47026571 -0.30025435 -0.54195797 -0.27994216 -0.13174024 0.30169572 0.83580844
0.75274430 -0.13867005 0.19002441 0.20516112 -0.84467591 0.11129303 -0.30522941 0.00213239
-1.12253598 -0.48020752 0.08970552 -0.23556382 0.31880381 -0.13235958 -0.64970335 -0.19197498
0.48681806 0.57702959 -0.03805368 0.77329921 -0.14424150 -0.15610667 0.82827298 -0.16572190
-0.01546290 -0.60853895 0.36582504 -0.76566125 0.47327891 0.29045962 0.04507265 0.12207262
1.17121620 0.17803190 -0.32439853 -0.14066620 0.31230326 -0.40032216 0.47579165 0.02893873
0.34116920 -0.16794153 0.57029321 -0.63684028 0.05129356 -0.09976960 -0.60464597 -0.38209372
-0.24423205 0.32185239 0.32639215 -0.67209936 0.66916870 -0.67475384 0.91461305 -0.45484877
0.40404847 -0.61267149 -0.16991505 0.79933155 -0.33200938 0.11815639 -0.67247337 -1.13285388
0.00668507 0.13825269 0.48371301 0.48125276 -0.39729032 -0.09707002 0.22166735 -0.32771839
-0.90552289 0.25324989 -0.66738850 0.32387334 0.47402040 1.09062604 0.96069698 -0.42417347
0.00348668 0.55703033 0.36956915 -0.42456661 0.17138177 0.57954783 0.49114506 -0.85075910
0.31128854 -0.53009990 -0.62726157 0.28670900 0.61228208 -0.25348357 0.20622174 0.69474768
-0.02002086 0.39997993 0.54138616 0.53507891 -0.00505515 -0.29813750 -0.55115324 -0.10634766
-0.84376822 -0.25331316 -0.70883443 0.19811978 0.09051960 -0.81371815 0.45244736 -0.43236528
0.14892552 0.94082110 0.29789615 0.95281372 -0.62273392 -0.00274542 -0.10808982 0.29254863
-0.56116488 -0.44719267 -0.03855187 -1.10836497 -0.34968163 0.31926707 1.40365086 -0.12124387
-0.06436197 0.58387342 0.14419845 0.18359042 -0.29921677 0.73643045 0.44296084 0.27200744
0.68277994 -0.09688818 0.64555534 1.40948808 -0.63164276 -0.14548070 0.20842463 -0.16691082
1.45011524 0.02749592 -0.44865495 0.17174581 -1.05962628 0.42572290 0.64789972 0.70418819
-0.85755549 0.03499942 -0.45186530 0.42417747 -0.10874331 -0.17261811 0.10345225 0.09394014
0.56059591 -0.66750286 -0.43704677 0.17024087 0.26873811 -0.29022680 -0.28305262 -0.24177408
-0.17294738 0.51940691 -0.11363525 0.34145547 0.64394228 0.07034040 -0.18435915 0.10615458
-0.01077387 0.75292138 -0.40831967 -0.01923694 -0.08270434 -0.91326319 -0.00013176 0.82915553
-0.26980098 -0.09265005 0.78621925 0.44853447 -0.49264589 0.54814874 -0.01735671 0.70966585
