-0.96457180 -0.61592481 -0.85451975 -0.55348101 -0.21598869 -0.39927178 -0.29247278 0.33064947
-0.25242420 -0.36360067 0.40257419 -0.09069209 -0.70351087 0.21862345 -0.11962052 -0.36491452
0.87062894 -0.17576179 0.32072278 -0.04884882 1.07212402 -0.27683732 0.08684004 -0.72059754
0.57319534 -0.27986787 0.03373782 -0.06512495 -0.06521544 -0.27257824 -0.23219048 0.07810811
0.89513778 0.31677480 0.45594206 -0.89312320 -1.10457150 0.37762962 -1.01424445 0.67982533
0.12458577 -0.40723838 0.21248865 0.34365076 0.32543657 0.05621597 -0.16438959 -0.21300365
0.13554741 0.39345754 0.07541318 0.36269439 -0.54308028 0.18111302 -0.16767046 -0.38417656
0.01934777 0.21774363 0.10582875 -0.50181962 0.28405399 0.25704706 -0.75721466 -0.65148611
-0.00339513 -0.07448681 0.20917624 -0.80721403 -0.70406330 -0.04561120 -0.00873649 -0.10709144
0.30746043 1.03688684 -0.70984756 -0.03962248 -0.08972628 -0.25533901 0.27655799 -0.18138033
-0.27817024 0.41668974 0.41858511 0.01945791 0.39436760 -0.01480228 0.45583936 -0.80424312
-0.13631558 -0.53438417 0.21148636 0.56697778 -0.05899681 0.03075604 0.52218855 -0.35890976
0.60037426 0.67364231 0.61891602 -0.85826517 0.04549742 0.12454080 0.14217787 0.36138775
-0.17056236 0.91166683 0.14304743 -0.38378747 0.21688593 0.08404980 -0.48323320 0.43807266
-0.01997365 0.39557036 -0.67684874 -0.00333052 0.42848243 0.37047169 -0.71812267 -0.16919267
-0.60313512 1.11064880 0.34064012 -0.22613144 -0.76614266 -0.76473065 0.03557471 -0.60764159
-0.83770713 -0.15929215 -0.38486038 0.78621997 -0.58529740 -0.27461652 0.60456397 -0.63952286
-0.35175826 -0.01182280 -0.86593202 0.11110739 -0.08388643 0.11020951 0.16508063 0.07877556
0.39096833 0.26359026 0.53882290 -0.46274030 -0.59798934 0.48170905 0.82915292 0.51342387
0.29874574 0.61399781 -0.23873341 0.06085805 -0.17956433 0.52302225 0.78871597 0.70749491
-0.83060179 0.01019802 -0.06104185 0.75201785 -0.17768273 -0.14030983 -0.29726728 0.00355319
0.38081491 -1.00582807 0.65581178 0.43310339 -0.06955883 0.19824943 -0.41276999 -0.39676798
0.06114695 0.67055356 -0.16075505 -0.32686683 -0.00869785 -0.71461941 0.59962986 -0.03373664
-0.64727162 -1.10571728 -0.03283107 0.89777082 0.16300302 -0.33870291 0.18200082 -0.36904624
0.93889155 -0.84233630 0.40057491 0.39555058 -0.23494419 0.86968950 0.68154666 0.26662541
0.12207917 0.15675060 0.15557617 0.73057762 1.21646180 -0.16617125 0.75496411 -0.57209386
0.57492279 -1.07102373 0.51481881 -0.58785548 0.11278253 0.09557796 0.25206394 0.06810653
-0.64259302 0.05872992 0.16825291 0.08053569 0.35824668 -0.46742044 1.04063425 -0.30094380
0.04721631 -0.65042282 1.31797905 1.04135257 0.86657159 0.98057483 0.08701140 -0.34001324
0.36627455 0.30765983 -0.05895761 1.03341141 -0.22130059 0.29672636 0.49591307 0.51608891
-0.04118924 0.01059321 -0.76101083 -0.05915805 -0.13404060 0.57064356 -0.31428394 -0.39177697
-0.18674404 -0.17195897 0.25207931 0.43422668 0.52243669 0.04660062 0.47211282 0.82060506
-0.50281316 0.28609184 0.42978997 0.25456693 0.19162169 0.36685183 0.53265801 -0.47224010
-0.32170325 0.22316066 0.37737920 0.88840521 -0.38003357 -0.25587202 0.55825905 0.42677876
0.03013894 0.12355678 -0.25134476 -0.54920705 -1.19724878 -0.21163490 -0.64386132 0.02272086
-0.03942770 0.30324056 -0.23227744 -0.76263493 -0.64896459 -0.05312786 -0.13544572 -0.53468744
-0.71707075 -0.13598206 0.12253864 1.04994541 0.68822364 -0.02366218 -0.14922573 0.99357941
-1.09489079 -0.45908097 0.60585103 1.33081287 0.79051869 -0.28781959 1.05663475 -0.38585648
-1.16196261 0.26272107 0.20282149 0.54110563 0.72031316 -0.84843661 -0.04667094 -0.00473819
-0.45383926 0.00882105 0.17834230 0.19060624 0.06290595 -0.18257016 -0.46836422 0.18905520
0.30818206 0.31425354 -1.00730660 0.07294269 -0.44819075 -0.18983037 -0.14088547 0.30228337
-0.18424148 -0.35773316 0.31637928 -0.29781503 -0.56225335 -0.22208905 -0.26810289 0.36721873
-0.87884187 0.25448263 0.35565259 0.19131827 -0.01154962 -0.58818346 1.00416658 0.68112077
-0.05746069 -0.81913627 -0.55660783 -0.08910119 0.35435323 -0.12137635 -0.57970829 0.11464461
0.07687500 0.37932101 0.38918172 -0.15679725 0.21855102 -0.02275883 -0.92477525 0.51430173
0.15004177 0.32226048 -0.27506646 0.68559217 -0.16771233 0.43233613 -0.31335681 -0.25477239
0.85035495 0.08396811 0.32679098 0.09013768 -0.73728646 -0.86759902 -0.31464756 -0.37633647
0.06651282 -0.20374341 -0.10089859 0.11499831 -0.65761898 -0.51328432 -0.71485854 0.12619829
-0.79731253 0.05106540 0.02662420 -0.57749419 0.16658947 -0.43545418 0.01658369 -0.40366251
0.18403296 0.17827502 -0.66682473 -0.24670235 0.81879195 -0.55816988 0.11317188 -0.27429505
0.27038167 -0.71260488 0.46103685 0.01925492 -0.57436272 0.63796205 -0.34280051 0.31265673
-0.50267025 -0.95764645 0.38442449 -0.02074052 0.60273440 0.47349537 -0.60829018 -0.01653156
0.16400007 -0.60358479 -0.05308191 1.19280903 -0.50514426 0.18464626 0.29236931 -0.28852899
-1.19891108 -0.74256117 -0.06061468 0.24016731 -0.40615066 0.43146201 -0.04713054 -0.12994985
-0.80485533 -0.05308623 0.84515797 0.41144198 0.08699307 0.76077176 0.63929875 0.58064540
0.32329936 0.02322253 0.47576829 1.18144514 0.08683719 0.14761684 -0.44447673 -0.42745564
0.32940337 -0.53041544 -0.00111090 -0.30779968 0.50296770 -0.03401215 0.79078387 -0.68829265
0.08734075 -0.39471614 1.05320167 0.49141443 -0.80588330 -0.30123903 0.09770396 0.78625190
0.74431614 0.33951456 -0.21066306 0.19881920 -0.25451849 -0.08119533 -0.59414229 0.91016547
0.46998298 -0.39908754 0.20347545 -0.32703699 -0.77166309 0.84371320 -0.22768606 -0.32441764
-0.52410418 0.17357782 0.61328177 -0.34637168 0.72888962 -1.18783868 0.60731972 0.41916332
-0.41734033 0.19100686 0.33407404 -0.04487524 0.45043895 -0.08581578 -0.29107598 0.61118653
-0.23462668 -0.03401420 -0.07509989 0.09437300 -1.20555166 -0.02240958 -0.59930451 -0.35479806
-0.23265782 0.17292732 -0.28778081 0.21623294 0.58837993 0.40049081 -0.41991151 1.49009696
0.05460630 -0.24072019 -0.25453955 0.34102621 -0.05276304 -1.15961357 1.03989567 -0.48622799
-0.29065942 0.25466037 -0.51698196 0.24204920 0.38268572 0.37049267 -0.15217804 0.29940203
0.14563923 -0.07721423 0.31261630 0.10517847 -0.95953292 -0.60970163 -0.44128452 -0.22944528
-0.57000325 0.21125170 0.05033114 0.60565615 0.20388933 0.32295819 -0.02413281 -0.32061096
-0.04853245 1.20850430 -0.51874769 0.50436185 0.71604094 -1.06096892 -0.05393398 1.31228290
-0.49500729 0.15716547 -0.00825331 0.25068610 0.09417757 -0.36561231 -0.21272238 0.94779964
0.18940162 -0.08579537 -0.02944568 0.14045169 0.56226371 0.24969683 0.99358430 -0.31287729
0.21754206 -0.78217166 0.62379221 0.09214324 -0.51787335 -0.00349565 -0.25348217 0.49771846
0.15044033 0.23985429 0.18727203 -0.53450224 0.59039246 0.20596601 -0.09263908 0.59749177
-0.43788486 -0.26236072 -0.82962983 -0.53481581 -0.78906861 0.19473384 0.29861172 0.48143732
-0.71931140 -0.51843748 -0.00325171 0.14097011 -0.00286924 -0.20945619 0.85290566 0.42733067
0.43171150 1.25150877 0.07330096 0.61184886 -0.32421584 -0.31202576 -0.12638987 -0.43059350
-1.04011857 0.30472263 0.63959324 -0.38064337 -0.27833590 0.30685868 -0.35207584 0.25069146
-0.40752460 -1.20032704 -0.17898493 -0.19324280 -0.44191851 -0.41593100 -0.46585149 -0.29241604
0.14485886 -0.16744457 -0.97106849 0.45596118 0.66501628 0.34712340 0.17609843 0.10030894
0.47484322 -0.38846244 -0.04963620 0.68038068 0.15473633 0.32602130 0.97124676 -0.08117109
-0.45486244 0.26054971 -0.31836532 0.34661202 0.60067330 0.22919621 -1.03766660 -0.01010850
0.07583957 0.00209133 -0.19157242 -0.04100962 -0.04513427 -0.38985683 0.72609477 0.22685519
-0.46194054 -0.11814258 -0.91950425 -0.32202146 -0.51118149 -0.22957888 0.18605562 -0.08645114
0.02374487 -0.62718652 -0.75140211 0.57853773 -0.03045643 0.53231683 -0.08562039 0.46784345
0.57271839 -0.10492331 -0.28497727 -0.25580348 -0.24867606 0.16962847 0.49462237 0.72574933
0.37951035 0.31092059 0.56161897 0.38415929 -0.40607722 -0.34960029 0.58877072 -0.02904981
0.55049167 -0.25605353 0.49083303 0.91530543 0.30789264 0.01501777 0.72655382 -0.26678296
-0.25579723 0.82994931 -0.10416358 -0.47649793 -0.82839528 -0.19727367 0.50359372 -0.14921466
-0.09576424 0.62663059 -0.69768935 0.99320765 -0.51272999 -0.16112245 0.08969867 0.45224471
-1.09453377 -0.52575386 0.05563633 0.05774988 0.42125978 -0.62094232 -0.27546411 -0.70294156
0.05782338 -0.27107295 -0.69758405 -0.61908638 0.13642843 -0.38929630 -0.74424859 -0.34627666
0.06207081 0.26553200 0.07975266 0.02252416 0.00947428 0.65701268 0.17060867 0.21368959
0.01363051 0.39788082 -0.14613207 -0.00078857 -0.48813995 -0.03287135 0.43730717 0.49175518
0.36531312 -0.68560363 -0.50904818 0.13953513 0.20838150 0.28287312 0.30966961 0.08336189
-0.24089469 -0.35454045 -0.28279508 0.67192662 -0.04166085 -0.34120036 0.28263603 1.32309931
0.45737048 0.48315233 0.19838438 0.07302569 -0.02101222 -0.47040427 0.05841546 0.28857807
0.47385204 -0.12139478 0.12669830 -0.82068583 0.55766263 -0.17709352 0.79274316 0.74432159
-0.17585980 0.42802637 0.11107387 0.24328244 -0.79636525 -0.00882940 -0.29321251 0.29906634
0.41061154 0.16096983 0.64251960 0.07436668 -0.09310914 -0.75757085 -0.15764727 -0.88344079
-0.69750103 -0.07893264 0.70771444 0.36892364 -0.17253483 0.06756104 -0.26737336 0.04404424
0.67528476 1.12696502 0.16825462 -0.03152718 0.28170738 -0.06169754 -0.33248373 -1.65015709
0.01341160 -0.00942832 0.71596448 -0.55866671 -0.04881666 -0.39222696 -0.37284549 0.12741367
0.86388704 -0.35559859 -0.11148556 0.19939199 0.13382452 -0.28282851 0.26833740 0.56305068
-0.45787026 0.15845569 -0.42810246 -0.89361072 -0.14487854 0.13765006 -0.04174723 0.94934691
0.05124245 0.02681176 -0.34034130 0.08051066 -0.23601904 0.22389466 -0.13281147 -0.75464142
-0.82863778 -0.02460062 0.01296430 -0.93701290 0.72510295 0.21775596 0.29142777 0.81348802
-0.17052008 -0.02522661 -0.32843598 0.57152668 -0.46057238 -0.42332012 -0.43102807 0.40043415
-0.05529011 0.04544787 0.12772826 -0.51776218 0.25123599 -0.73729408 0.35790634 0.59839378
-0.00200109 0.46290052 -0.55210816 0.07070921 0.40661643 0.12644803 0.30919742 0.72832086
0.56239057 -0.57809604 -0.31493425 -1.35881133 0.34274014 0.83404970 -0.10428320 0.36825480
-0.57872639 -0.06434028 -0.08926480 -0.17998730 -0.39950830 0.02050792 -0.44446821 -0.66213060
-0.47299280 0.46306008 -0.39263973 0.19381810 0.91955033 -0.17558222 0.53922106 0.01296804
-0.18842556 0.56187184 0.38178130 -0.26025584 -0.17890325 0.20930409 0.33676628 1.04639698
-0.05092377 0.24174813 -0.20241460 -0.33439451 0.61488588 -0.24810532 0.48749872 0.53323304
0.42405576 -0.36238455 0.29846676 0.40594511 -0.06510685 0.72753997 -0.62565545 -0.77808945
-0.54771611 -0.38964710 0.65474443 -0.57376248 -0.28693482 -0.17049097 0.19601757 -0.35962757
0.16539549 0.59295201 0.39286177 -0.25739903 -0.26927535 -0.15629870 0.14762587 0.28153314
0.50862052 0.00609462 0.01075957 -0.05965927 -1.21246956 0.81281017 -0.20923881 -0.65748220
-0.11216273 0.03885967 -0.93123321 0.09658507 -0.65158973 0.27536411 -0.58703786 0.20423757
-0.08810546 0.39474324 0.84328593 0.42203143 0.00051528 -0.12537089 -0.52680734 0.20011099
-0.08302586 -0.27171234 0.52942978 -1.36101889 0.82031011 -0.30506163 -0.48135810 0.88166177
-0.36741337 0.41175645 -0.09303931 0.55426090 0.59953562 0.30528341 0.76081321 -0.40105524
-0.08003681 -0.57614810 -0.30423714 -0.38044664 0.10662545 0.24829301 0.37990260 0.55420433
-0.32238442 -0.15832711 -0.49352299 -0.45707166 -0.65595590 -0.51244133 0.92941660 0.32186443
-0.22177193 -0.70005803 0.88725026 -0.07152015 0.06653145 0.54954317 -0.22641175 -0.73412220
-0.27253044 -0.01131017 0.31197974 -0.39182932 -0.55561535 -0.45970198 -0.67088437 -0.52618563
-0.47284067 -0.12589732 -0.44411873 0.13175629 0.19534866 -0.49747343 -0.38354515 0.20296113
-0.53476671 -0.86528966 -0.08589417 0.33762919 0.62086024 0.40830104 -0.14767316 -0.09809184
-0.21808652 0.24843508 0.14776834 0.65650112 -0.79736480 -0.64448802 0.53648536 -0.76745367
-0.52491536 1.17089864 0.23295621 -0.87513136 0.35556280 0.92151615 0.78488308 -0.76126131
-0.71268954 0.03836915 0.35232738 -0.02731761 -0.42558502 -0.06472712 0.19431009 1.03753401
1.10932449 -0.20342836 -0.46891278 0.45264694 -0.52698994 0.00444760 -0.63051089 -0.28509565
0.60833492 0.07673457 0.50847162 -0.25287910 -0.33731532 0.19678278 -0.22096402 -0.39195275
0.41947179 0.56277680 -0.38961681 0.24931831 0.07358065 -0.07698433 0.64816178 -0.40531631
0.13078514 0.52659498 -0.28926389 0.05121039 -1.24642696 -0.04004431 -0.40049656 1.05427184
1.08363553 -0.30915489 0.06909318 -0.41315287 0.39741882 0.66838184 -0.31634842 -0.32432514
-0.16895928 -0.06761310 0.70630748 0.40151421 -0.74513232 0.60419014 -0.81282844 0.13704301
0.10202028 0.01226872 -0.25748479 0.21527824 -0.60028232 -0.41898399 0.77965712 0.21330236
0.10706499 0.05279906 0.38435923 -0.09649204 -0.18096958 -0.28214161 -0.36274196 -0.53621042
-0.61940365 0.00305028 -0.01178133 -0.39771650 -0.50948346 0.30414613 0.04312554 0.09644546
-0.19346230 0.21248848 0.17388744 -0.00539171 0.84337293 0.30519116 0.02246942 0.16802214
0.16550555 -0.15901124 -0.16845746 0.31232950 0.98073663 0.21333573 -1.26132629 -0.66852203
-0.68359540 0.50858020 -0.07824044 -0.61811665 0.09995270 0.35846332 0.36937527 -0.30351367
0.30363167 0.01991267 -0.00164553 0.05208226 -0.80927850 -0.15634260 -0.09661148 -0.23940387
0.43221655 -0.41099039 0.57175239 0.75952636 0.03720010 0.56884520 -0.12803504 -0.61903070
-0.70624005 0.14425794 -0.27027347 -0.58392995 0.43173065 0.03607765 -0.28381053 0.71888282
-0.29174330 -0.23611554 0.76474607 0.53596657 0.25006292 0.60259082 -0.33695874 -0.19165086
-0.36408920 -0.42419919 0.12903031 -0.44960639 0.08213675 0.25535634 0.90757362 0.14051771
0.22226969 0.66728679 -0.00315689 0.08487403 0.52950816 -0.44217476 -0.20878869 -0.02273534
0.52591011 -0.36778090 -0.26090792 0.00160831 -0.87952153 -0.47952204 0.03165392 0.24538432
-0.19033516 -0.25447155 0.50715320 0.20972426 0.09037348 0.11503482 0.11264488 0.13789981
1.72542727 -1.16137743 0.15338383 -0.42868255 1.33226704 -0.02399199 -0.24428672 0.44984647
-0.38910069 -0.32265942 0.22640058 -0.14207757 0.44842197 0.28731909 -0.22691280 0.58692052
0.29953013 0.15289810 0.70644689 -0.95596280 0.08689576 -0.45668045 0.68353315 -0.11578910
0.01350080 -0.37937306 0.77284405 -0.17356079 0.45433464 0.01309015 0.42508706 -0.71916790
-0.21855179 -0.81956799 0.35829858 0.00266084 -0.54330586 -0.08023065 0.30163838 0.11786768
0.34590894 0.66883263 -0.97597610 0.65767708 -0.49010411 -0.43140882 0.32005877 -0.52313318
0.17273871 0.05253545 -0.46130759 0.32263309 -0.02791823 0.55144337 0.28392035 -0.16570290
0.08085802 1.09998728 -0.05615104 -0.60025334 -0.51661976 0.36187468 0.69926856 0.61895720
0.24311012 -0.02541689 0.01934134 0.00413660 0.44275591 0.35988156 -0.89113464 0.43666874
-0.15055444 0.17258895 0.94493307 -0.22613824 0.25324080 -0.47866989 -0.59326914 0.26879513
-0.46732457 -0.25999581 -0.24481771 0.38938485 1.01899121 0.65335463 0.05047537 0.08403120
-0.12761587 0.00473337 -0.03669221 -0.22944204 0.06680900 -0.15728076 -0.32707317 -0.22697519
-1.38521357 0.23281054 -0.70766629 -0.22913296 0.45478197 -0.25841897 -0.41525109 -0.80927706
0.16189291 -0.24958084 -0.56396252 -0.11123957 0.04659183 0.07839268 0.03023121 -0.66851738
-1.99906075 0.13835380 -0.18774362 -0.51731399 0.29484590 0.59236919 0.69218459 0.11340555
-0.91207022 -0.11838519 -0.65471249 0.12147376 0.20668962 -0.28263271 -0.37146360 0.41610415
0.82852272 -0.52361105 0.24244104 -0.01795012 -0.59310908 0.01687423 0.07333075 -0.56239322
0.16421429 -0.14008450 -0.14002393 0.14279131 0.34596325 -0.39751098 0.84336871 -0.41881021
-0.27578606 -0.04908482 -1.19337472 -0.14910106 0.08697098 0.71619495 0.34273574 -0.05249978
0.08555720 0.60943198 -0.13125172 -0.04119587 -1.62476669 -0.18750457 0.20257110 -0.94752991
-0.11827393 0.57619381 0.39458037 -0.60610245 0.40854270 -0.33293875 0.47698071 0.11496427
-0.58220911 0.09759718 -0.23838397 0.13657745 -0.87328627 0.17138067 -0.06880116 -0.74996759
-0.03706935 0.04501438 -0.00573636 -0.33043753 0.64324606 -0.77800093 0.40223179 0.15422353
-0.55875384 -0.03677792 -0.22379829 -0.31452774 0.29041456 0.61922511 0.59411912 0.63537054
0.07408701 0.32974152 -0.11157308 -0.32873291 -0.21790348 0.79947099 -0.18915604 -0.70946448
0.18805159 0.44107493 0.05767845 1.13188196 -0.84461785 -0.23651395 0.22581110 0.07900206
-0.50111479 -0.25115994 0.20695849 0.22030397 0.52221108 0.24222729 0.45001683 0.35526405
1.08966238 0.47394889 -0.72332848 -0.13573676 -0.30514210 -0.18488520 -0.46653926 0.30452699
0.10629679 0.21435709 -0.57030437 -0.67873279 0.52937229 0.16524863 0.65668456 -0.23915386
0.36089616 0.05886919 0.03872697 0.71064134 0.47766436 -0.90965014 -0.68279577 0.06470484
0.27384169 0.27171737 -0.74847979 0.21730705 -0.69654345 -0.19993022 -0.07829319 0.71203149
0.47991455 0.08242889 -0.06949202 -0.55355306 -0.50378553 0.53575741 0.46873156 -0.35456151
-0.03741232 -0.31386718 -0.19686662 0.27529384 -0.47229960 0.20872979 -0.17311188 -0.01602636
0.65401017 -1.19198979 -0.60050492 -0.18248653 -0.04770358 -0.26289767 0.59525592 0.19680905
0.49945689 0.09959913 0.22314721 0.15078404 0.08055478 -0.38016003 0.34833412 0.31205109
0.56084578 0.10941288 -0.78921333 0.89173009 -0.69327926 0.95008052 0.13339403 0.58786134
-0.57554813 -0.58526944 -0.61138446 0.30690347 0.12860463 -0.12219897 0.62893612 0.33032780
-0.11900408 -0.43116049 0.09110667 0.16212444 0.41157173 0.31435707 0.44743744 0.39239682
-0.41501412 -0.01749369 -0.75656591 -0.00026849 -0.03554428 -0.40264956 0.05509188 -0.69120465
-0.05801162 -0.00384476 0.22489099 0.73974488 0.11077394 -0.16539082 0.10015233 -0.00367117
-0.70108138 -1.15705830 0.12900216 0.35502768 0.99140966 -1.30751295 -0.24504791 0.61708906
-0.04907595 0.82049441 -0.06523309 -0.03693500 0.27760814 0.77167187 -0.05211594 -0.77107394
-0.16218180 -0.45686049 0.13232785 -0.91175772 0.37157653 0.33876695 0.35238281 0.16295048
-0.53193272 -0.30066993 0.98309235 -0.90698976 0.42926622 -0.36769168 -0.56222215 0.39457955
-0.07084231 -0.80532502 0.43908377 -0.04310024 -0.36316176 0.04864742 0.23581088 0.01431905
0.71390056 -0.15029067 -0.41518046 0.67352350 -0.34159986 -0.10152911 -0.20674719 0.40010936
0.23188457 -0.09485479 -0.58566458 -0.10743552 0.34413311 -0.63222244 0.38332078 0.84413789
0.31762552 0.30401760 0.02733097 0.09650514 0.40548810 -0.45836536 -0.28988949 0.42503164
-0.20314198 0.31555998 0.47805231 -0.05700844 -0.13676300 0.23272806 0.09951505 -0.43407496
