0.66594630 0.63981638 0.41008156 0.06289641 -0.62152369 -0.42426666 -0.26702036 -0.60068908
-0.23142217 -0.86486848 -0.67817439 -0.37934265 0.04566904 -0.64065706 -0.07660301 0.12518392
-0.73895789 0.10745406 -0.41322562 0.51701762 -0.30160900 -0.31333578 -0.30022754 -0.91013441
0.71726911 -0.56168156 0.15589338 0.19155076 0.50902092 0.52855607 -0.55668931 1.34578177
-0.08615845 0.56728598 -0.20380991 0.47615952 0.14897145 -0.33059803 0.31143395 -0.86728669
-0.12769119 -0.54940807 -0.35019159 -0.34877900 0.08774064 0.53363660 -0.39617354 -0.06462351
-0.02797468 -0.13301912 0.30644017 0.15074059 0.79391714 0.44329489 -0.06696985 0.40065921
-0.12029468 -0.37915159 0.19218526 -0.79063625 0.00889845 0.42241267 0.94038928 0.47399186
-0.66952392 -0.18247194 -0.22232986 0.48482672 -0.65372332 -0.08543539 -0.17383564 -0.13092077
-0.25652760 -0.34048111 0.72848416 -0.54658887 -1.01142759 0.44155544 -0.23335391 0.15064325
-0.76049094 -0.35730770 -0.32095102 0.93834312 0.22305381 0.32540642 0.69298459 0.47987194
0.25904539 -0.53649585 0.02970918 1.20639564 0.56205988 0.84627961 -0.73594740 0.18344817
-0.34209546 0.22179456 -0.83911086 -0.36599726 0.83216454 0.16119307 0.43087535 0.15936460
-0.08825129 0.28283140 -0.42695060 -0.10713268 -0.30336974 0.83601016 -0.32017240 0.34832436
0.30696262 -1.05556630 -0.04262057 0.45496829 -0.15802044 0.64982008 0.82735273 0.24284014
0.18063868 0.47472474 0.24710209 0.54151370 -0.00272761 -0.12499618 0.09242119 -1.12832000
0.38514187 -0.00447439 0.05821725 0.09938070 0.34327890 -0.14705879 0.14709699 -0.52977160
-0.09093696 0.09138704 -0.08258409 -0.24775142 -0.29101853 0.43956114 -0.02148473 0.04381901
-0.46697162 0.10752975 0.62806238 -0.61850375 0.11954287 -0.39866789 -0.80902947 -0.47684398
-0.11216700 0.56517862 -0.21895062 -1.01803398 0.39388829 -0.19646558 0.16897152 0.46072982
0.33706926 -0.44456222 -0.23648991 0.08204761 -0.14267783 0.80130786 -0.16578145 -0.02617794
0.22811627 -0.91346402 0.77268182 0.15244844 -0.03836096 0.25141758 -0.64774474 0.41759520
0.49760076 -0.26791448 -0.55785693 -0.24432861 0.18740643 -0.40012901 0.20981823 0.27788135
-0.08511582 0.37669471 -0.01936599 0.32112937 -0.14696259 -0.43800734 -0.31137024 -0.53200325
0.23211155 -0.34581483 -0.74756453 -0.80749413 -0.19852502 1.10020911 0.57393027 0.45182417
0.56596116 0.26130748 0.24342190 -0.14185572 -0.02486418 0.08293789 0.04603158 -0.18465092
-0.30341588 0.38850048 -0.30145979 -0.78215375 -0.01320321 -0.21235534 0.12407956 0.66943392
0.10733963 0.08636497 0.30225358 0.15472380 0.06495009 -0.70756773 -0.41162139 -0.50095540
-0.53695199 0.25951311 -0.32830359 0.39815367 -0.49534231 0.20318397 0.00744742 -0.71925337
0.29860712 0.74952425 0.33430012 0.34405054 -0.55340873 -0.53972408 -0.08569242 0.37222393
-0.21698239 0.54601789 -0.15282224 -0.24120324 0.15705053 -0.94698499 0.01856332 -0.27172958
-1.09674771 0.12872476 -0.19206100 -0.08649857 0.52519644 -0.18286020 0.32456882 0.15442017
0.20984350 -0.83643008 -0.17171939 0.50167815 0.27827141 0.15938158 -0.14483828 -0.28007880
0.03264917 0.37789635 0.61969763 -0.97937382 0.06792065 -0.41404456 0.42070450 0.69569860
-0.04476122 -0.23227700 -0.14969402 1.20613807 -0.56783390 0.13019648 -0.86695324 0.54703219
1.00669188 0.05191879 -1.07293624 -0.39267066 0.83288781 0.33330993 0.68964663 0.07507599
-0.72572340 -0.72330886 0.59903991 0.05598771 0.10259392 0.19120384 0.59617438 -0.22119215
-0.37757781 -0.35100500 0.36384059 0.38939689 0.68413725 -0.08817499 0.79502586 -0.74258761
-0.48596081 0.12752656 0.19851799 -0.61575336 -0.40413479 0.33295551 -0.65139874 -0.10461874
-0.24159345 0.91147308 -1.11900980 -0.48028775 -0.57738027 0.60976485 0.41534666 -0.07663726
-0.24464712 -0.42505485 -0.35551857 -0.27600865 -0.45512682 0.28599659 -0.88064908 -0.19976927
-0.40429992 -0.14412844 0.38038377 0.72765902 -0.70374821 0.53599215 -0.04306281 -0.76790962
-0.49469970 -0.02116068 -0.24018245 0.70898027 -0.30576934 -0.98151831 0.31480704 -0.01461170
-0.33652739 -0.75668584 -0.08182749 0.17441716 -0.09387013 0.02315421 -1.69583850 0.76952006
0.56478983 0.89526223 0.38334653 -0.09606892 0.59353483 -0.23109878 -0.54995160 0.44221915
0.60093002 -0.13242037 -0.01192205 -0.01116888 0.01441930 -0.07576365 0.28578703 0.44791356
0.58946031 0.85192004 0.57318705 0.90890339 -0.39053351 0.30548041 -0.17910613 -0.43861387
-0.40333534 -1.18972915 0.56704398 0.77159839 0.32518661 -0.37451063 0.58118687 -0.67167212
-0.12705110 -0.33589321 0.61487970 0.06961413 0.11641216 0.18619007 0.41934619 0.93336578
0.44790006 0.05034452 0.07806841 -0.17944389 -0.20511153 -0.48537058 0.66373979 0.41549988
0.39639840 0.30154941 -0.39595718 0.70765251 -0.11542657 0.32607756 -0.39951320 0.81635254
-0.18100281 -0.18744817 -0.02244494 0.54487812 -0.79951279 -0.11368539 0.30722384 -0.01700015
-0.38477606 -0.34259956 0.32141382 -0.24948200 0.65649616 0.10392423 -0.52095013 -0.89130768
0.82561499 -0.93119503 -0.13171625 -0.24354313 -0.25166458 -0.14261832 -0.21847100 -0.64972799
-0.03982311 0.70330071 0.15871813 0.48286520 0.65910895 0.79480703 -0.88085820 -0.10966509
0.01938031 -0.10676936 -0.43378280 0.95783488 -0.52074983 -0.24939103 0.49609116 0.64908808
-0.08214394 0.62456241 -1.18496580 0.53472582 1.18120897 -0.00248095 -0.03831238 -0.24253302
-0.13925140 -0.27335421 -0.21279044 0.08320524 0.48313074 -1.20820665 -0.04816483 0.23006122
0.42862188 0.20388864 0.00067887 0.18507975 -0.26944975 -0.27242889 0.27140625 0.25434181
0.61502203 0.32838211 -1.14691603 0.07377507 0.05452950 0.51967115 0.46354582 0.43356491
0.30587903 -0.08036223 0.04230123 -0.00045522 0.39751689 0.68350856 -0.44822246 -0.35718903
-0.67423315 -0.37120192 -0.18859736 0.32020712 -0.18787391 0.18571998 -0.06427467 -0.14742439
0.04773735 0.39436975 -1.15969042 0.45180609 -0.74878366 0.39589593 0.16953225 -0.42087331
0.30236991 -0.40503336 0.03472846 0.14096824 -0.57631722 -0.00972431 0.13474936 -0.02899023
-0.14072310 0.41025758 0.54857796 0.18209328 0.23107149 -0.15687234 0.12070073 -1.25794219
0.04900232 0.01411330 -0.03646480 -0.57941971 0.01194506 1.01359626 0.50075032 0.60661129
0.26589768 -0.38769100 -0.25648870 0.01092852 -0.08018936 -0.65437571 -0.29480833 0.00884903
-0.35204340 0.09610891 0.15447636 -0.35441114 0.83022967 -0.33075197 -0.15857784 -0.32459055
-0.34576830 0.40046758 -0.06466043 0.73857108 0.40651129 0.18506860 -0.25864622 0.35707025
0.33669626 -0.52635362 -0.34666831 0.34651585 0.97900549 -0.37363867 0.60001264 0.57614054
0.56739203 -0.15100512 0.23302076 0.20361831 -0.04819322 -0.23903917 -0.67310982 0.14133128
0.10600048 -0.37987671 -0.41968937 0.47637634 -0.10040934 0.06029660 0.02961965 0.73685205
0.31210575 -1.03667631 -0.90493750 0.23241339 0.53734351 0.70954930 -0.70876711 0.78008881
-0.26964049 -0.06432032 -0.53903960 0.50439544 0.01919112 -0.21066767 -0.19681874 -0.00782261
0.13935355 -0.26522633 0.48316233 -0.12267501 -0.09988559 -1.02151349 0.40314790 -0.28017044
-0.49235468 0.40233938 0.08719611 -0.47565428 -0.32343598 0.52299390 0.82096826 0.03228491
-0.47714960 0.54283722 0.30875462 -0.81956283 -0.59641407 -0.23043655 -0.37832995 -0.59597656
0.23072431 0.08540227 -0.41211338 0.21452546 0.32140344 0.19899355 0.14106479 -0.50563197
0.47616219 0.53973690 0.06624016 0.63241572 -0.04845332 -0.20860948 -1.01811934 -0.08017263
-0.07434506 -0.02481742 0.67951335 -0.35482639 0.27169082 0.02534654 1.00002610 -0.14360126
0.14256158 0.41172537 -0.30761738 0.29483935 -0.35146779 0.05661619 -0.22505242 -0.21872343
0.30272322 0.22233724 -0.26944740 1.00223204 -0.09456938 -0.44816161 -0.69871938 -0.48600123
0.52164604 0.02311533 -0.50690588 -0.11296876 -0.07989144 1.02841533 0.00220026 -0.56775217
1.00883699 0.76889838 -0.47543811 -0.16768668 0.51153288 -0.62043510 0.48241153 0.24085803
-0.35391260 0.21100216 -0.25012680 0.04177993 0.36503386 0.21606661 0.01639848 -0.72189644
0.53790038 -0.37282302 0.03834892 0.19264329 -0.05063268 0.07591426 -0.08670441 -0.04431867
0.53475600 0.38277341 0.15467250 0.04950804 -0.29977772 -0.01754258 0.50343734 -1.01636094
-0.77976387 0.39387255 -0.54701916 -0.25442651 0.08518041 0.39811807 0.28418547 -0.13242104
-0.71139565 0.18020523 0.21267814 -1.05217532 -0.13339827 0.44848968 -0.77679902 0.25921373
-1.29642094 -0.19681880 0.17817140 0.67906510 0.88124139 0.11668794 1.09810079 -0.12311655
0.35230354 -0.42588723 -0.40524523 -0.42773019 -0.26409712 -0.26463947 -0.72238293 0.20348061
0.58221581 -0.31558919 0.09897123 -0.40141785 -0.54005943 -1.40335343 0.37744577 -0.29766152
0.76527013 0.75013734 0.85692822 1.15915002 0.76052361 0.74035866 0.76218522 -0.60343412
-0.09550409 0.07338490 -0.40567300 -0.24378135 -0.25619213 -0.34668441 -0.22526991 0.36472323
-0.45555970 -0.22945079 0.27385389 -0.12496790 -0.16576782 -0.48158853 -0.08307974 -0.34873000
0.10737074 0.20227178 0.76690166 0.09726953 -0.75693211 -0.67938758 -0.20225938 0.06315138
0.30616774 0.27416019 1.14042441 -0.36584276 -0.50692628 0.31571413 0.36839215 -0.64971876
1.31606231 -0.67955227 0.01830403 -0.23386122 0.88523413 0.34404540 0.07950632 0.11053312
0.36811143 -0.44166719 0.58383445 -0.35812765 -0.51251767 -0.35534568 0.30968934 -0.35113525
0.09095579 -0.38554225 -0.05681227 -0.49857004 0.74605105 0.83753005 -0.17418487 0.06029184
-0.38154981 0.63749117 -0.32882726 0.22558118 -1.01405391 -0.51329288 -0.07462373 0.25441316
0.42058968 -0.23808755 -1.07978822 0.11348167 -0.48030570 -0.23017442 0.08445931 -0.39765152
-0.50580061 0.09623894 0.04909917 -0.11039723 -0.38468744 -0.28436274 0.53612812 0.07944824
1.04454518 -0.51263650 -0.60781330 0.72545209 -0.08509949 0.98194224 0.04535679 -0.08088927
0.82846980 0.52178714 0.09192560 0.01679663 -0.21970013 -0.73004293 0.42465171 -0.10407943
0.50090813 -0.53653666 -0.38934409 0.49831780 0.71100825 -0.21100936 -0.14614860 -0.80183631
-0.29723004 0.20026568 0.49358030 0.37644493 0.30891757 -0.75732604 -0.14003851 -0.47671014
0.33937033 0.04545025 -0.32889074 -0.38834085 -0.05884583 0.01436015 -0.47461188 -0.22071369
-0.58069703 -0.66429740 -1.41403734 -0.62871734 -0.07518836 -0.33573660 0.23183004 0.18941966
0.46933971 0.35277148 -0.68947567 0.33317049 0.97311378 -0.21819577 1.13804707 -0.15810012
0.73508397 -0.09055486 -0.64860915 0.43043428 0.17685809 0.01949790 -0.33463791 -0.04916636
-0.86425489 0.27302816 -0.67645008 0.34587975 0.17362248 -0.69664606 -0.12213448 -0.94724993
-0.83604977 0.23530512 0.31249716 0.53667770 0.23074057 -0.12780420 -0.61855888 -0.25129580
-0.17990613 -0.41250442 0.36496804 -0.02222782 -0.69363607 0.18219324 0.42225499 0.03300347
0.45315033 -0.10584096 -0.11335699 0.12211229 -0.34892169 -0.04498857 -0.83513593 -0.80142503
-1.09844589 0.57357409 -0.18759033 -0.24334501 -0.51144003 -0.78602016 0.40058082 -0.73919862
-0.35749157 -0.32604544 0.76000700 0.29825577 -0.04558184 0.52440685 0.01889748 0.48708592
-0.39143293 -0.22126327 -1.08323909 0.29147041 -0.30326171 -0.62513984 -0.29586296 0.58460099
-0.34778946 -0.35726137 -0.83146139 0.23818933 0.33778546 0.91644233 -0.03590960 -0.36265874
-0.47292528 -0.71748208 0.00286934 -0.42909629 0.64327505 -0.31021351 -0.16325980 -0.47656348
-0.54167658 0.08489054 -0.10376165 0.91367073 0.35646225 -0.52021137 1.01833434 0.37218742
-0.30269372 0.55370438 0.30037722 -0.16321587 0.26231817 0.84501491 -0.26797880 0.45695666
-0.24207086 0.78774009 -0.32857930 -0.72177329 -0.97619769 0.29386584 0.16507558 -0.43725101
0.01839612 1.25379784 -0.12125533 -0.17327202 0.44299456 -0.61348360 0.21106697 0.07714615
-0.29129542 -0.83077330 0.34967109 -0.05201668 -0.85498040 0.21354733 -0.60523912 0.16033082
-0.72022717 0.38379122 0.21041989 -0.01445249 0.11091709 0.10304162 0.19486193 -0.25257081
0.33558294 -0.14792856 -0.52191859 -0.32252942 0.48179297 -0.79011849 -0.17555086 0.41436784
-0.45575439 0.09358110 0.52262771 1.00424618 -0.65232071 -0.76181634 -0.11718608 -0.71969092
-0.17699367 0.11108372 -0.10342719 -0.13724191 -0.12607217 0.61400712 -0.70650940 0.47362037
-0.34220056 0.16118942 -0.73382030 0.30041461 -0.30632922 -1.27636841 -0.22472845 -0.06525101
0.41040608 0.25811715 1.09874463 -1.18154120 0.29711279 -0.26585618 0.36312920 0.43180642
0.34174763 -0.01507799 -0.57800581 -0.25701220 -0.41116478 -0.35153277 -0.05203650 -0.53087849
-0.27777910 -0.21705883 0.12797540 -0.51806119 -0.18426522 0.33829713 -0.62119845 0.45089312
-0.75651872 0.18831496 -0.04366278 0.28173303 1.23349177 -0.07407680 0.13512423 0.60614719
0.20628255 -1.31232037 0.06166639 0.35701881 -0.03134484 0.47203522 -0.05891571 -0.01809198
0.87165566 0.34582512 -0.39757745 0.13902401 -0.34378756 -1.18388513 0.22320876 -0.14414806
-0.12239265 0.09328674 0.17839949 0.06500033 0.22085090 0.31105943 0.04555217 1.00624192
0.46570438 -1.06829643 0.36404535 0.06127982 -0.09184297 0.35913554 1.22572951 -0.01949574
-0.49230050 -0.05147176 -0.99863781 -0.20675710 0.24470498 0.66660328 0.05360780 0.46330262
0.68589431 -0.32417022 -0.66438090 0.22981970 -0.56744961 0.14292196 0.41390205 0.92918868
-0.00902812 0.36824721 -0.27439892 -0.44747356 0.39832037 -0.00110425 0.22809648 -0.86254770
0.52853151 -1.19597360 -0.16088059 -0.05125073 -0.66884789 -0.28855495 0.03656705 -0.50899269
-0.47058518 -0.84984544 0.42395260 -1.00220412 -0.19992116 -0.23028137 0.11447840 0.71271049
0.38673530 -0.18290693 -0.30754118 -0.04730445 -0.33789123 -0.05263544 -0.29719809 -0.39670119
-0.14478832 -0.18917881 -0.18653068 0.37952259 0.16930515 0.15778054 0.37933955 0.56092846
-0.58070990 0.57558628 0.43665040 0.30215450 -1.29974794 -0.51865640 0.62096253 -0.03754230
-0.82514406 0.41301278 0.20890598 0.08295942 -0.15399735 -0.57127230 -0.18616621 0.96332042
-0.16574817 -0.40949051 -0.22386541 0.04480593 -0.95428869 -0.69926855 0.25686620 0.21354843
-0.35763864 0.63127130 0.05812505 0.12024052 -0.24306906 0.68807182 -0.50345953 -0.03241155
-0.79842384 -0.28721597 0.24359339 0.55600471 0.30965684 -0.58966090 -0.03808359 -1.31934867
-0.95535596 -0.84283935 -0.04584034 0.05555119 -0.14389241 0.10351369 -1.16898968 0.68701820
0.09826293 -0.42473031 0.63098630 0.71191785 0.11915815 0.84492922 0.86025433 0.89317867
-0.14530429 0.22766767 -0.75218931 0.18665000 -0.09157403 -0.25404567 -0.25436218 0.57093592
-0.16977218 -0.21119853 0.47846114 0.00043866 0.56119566 -0.56644494 0.73071185 -0.63543177
0.09578815 0.84553961 -0.48618804 -0.49752628 -0.07023462 0.27184068 0.30349606 -0.09006840
0.63881961 -0.34276123 -0.49653831 0.34024842 0.20104797 0.39366494 0.30798836 0.13544428
-0.28791419 -0.45398193 -1.73974429 -0.26777744 0.06351401 -0.67758694 -0.38359162 0.55626740
0.51816671 1.25172559 -0.14616422 -0.07860474 -0.45182124 -0.82122341 0.49542787 -0.09522033
-0.42178171 -0.35334619 -0.16636124 -0.14918531 0.38228754 0.43153170 -0.31356005 -0.49972064
-0.70743351 -0.51019468 0.08327544 0.13872335 0.13595346 0.07720142 -0.07322059 0.31621674
0.28899944 0.21728651 0.84242242 -0.39708564 -0.40614904 -0.42628768 0.46514994 0.54648077
0.86966503 -0.11107094 0.77926640 -0.49488054 -0.98723915 -0.14764158 0.68107066 0.71004462
0.58937258 -0.08448374 0.20386649 0.12717724 0.27201003 -0.14904284 -0.99896681 -0.04759758
1.10749949 -0.46846745 0.44409991 0.33759124 -0.25331788 0.27804493 0.26875109 -0.05397567
-0.65870660 -0.55539104 0.34468231 -0.75893449 -0.06357282 0.23712509 -0.07053861 1.44500736
-0.57116952 -0.08123975 -0.35051106 -0.35003237 -0.71141904 0.78026237 0.01263946 0.05927166
-0.33774852 0.40452359 -0.84494452 -0.34932134 0.24956479 -0.25124887 -0.00849704 -0.49647287
0.03998098 -0.30584142 0.47094532 -0.27315388 -0.97072343 -0.23514254 -0.21749903 -0.77841624
0.45820525 0.34126364 0.04135475 0.14368179 -0.59269102 -0.68255852 -0.12628959 -0.20402477
-0.31813977 0.54676993 -0.23817147 0.43103794 0.41379195 -0.44285916 -0.37264836 0.08443225
0.27479594 -0.31616046 -0.75376257 -0.29420612 -0.90123936 -0.42590850 0.47269500 -0.28721098
0.02768276 0.20792644 -0.29886525 1.01573448 0.24999055 0.79126714 0.23837429 0.38948578
-0.51556489 0.55028564 -0.88087397 -0.43240716 0.24155159 -0.36117910 0.52313969 -0.25258876
-0.19557232 -0.57270202 0.47228081 -0.10894630 -0.04494727 0.34819125 -0.10087767 0.30664099
-0.60823925 -0.45541411 0.47388854 -0.18518170 0.68082111 -0.36907380 0.93666458 0.19958746
-0.00536996 0.17975565 0.63844940 -0.20711707 -0.90880473 0.87139435 -0.43795477 -0.62722760
0.07446470 0.36262074 0.00270370 -0.49936243 0.37465332 0.88753300 0.93195279 -0.12213851
0.32564470 -1.22684290 -0.10453643 0.83431448 0.44962459 0.54445968 0.50332442 0.20310176
-0.24689981 -0.66563389 -0.31651585 -0.69319106 -0.28706951 -0.21862456 0.32676936 -0.09502269
-0.59037679 -0.17427773 -0.71711494 -0.25405423 -0.47520633 0.36056898 -0.43164129 -0.01677609
0.88191824 0.53718224 -0.05350966 -0.35917060 1.00271192 -0.11767729 -0.03958831 -0.20821442
0.22068779 0.48546373 -0.75923171 -0.11187722 -0.53923015 -0.13058090 -0.72383681 -0.13155231
-0.58979025 -0.42518264 0.61477059 0.28738409 0.57277764 0.42392315 0.28475916 0.73967608
0.08840130 -0.58012600 0.62214626 -0.67987631 -0.12665169 0.17820496 0.11103097 0.91691628
1.24517724 -0.72472538 -0.36701845 -0.07823759 -0.21978473 0.83272517 -0.17009013 0.18267921
0.34761550 0.19250120 0.70999727 -0.52613796 -0.25216650 -0.04647441 0.37498036 -0.23864954
-0.57066967 0.21274154 0.91291776 1.17022446 -0.38615545 -0.54756336 0.56483702 -0.10856980
-0.00948969 -0.30009059 0.24177870 -0.38272302 -0.71151502 0.26598506 0.11390613 -0.60843716
-0.79318490 0.50430874 -0.03315601 -0.02444792 0.05791942 -0.52714515 -0.02373487 -0.30740019
0.87855072 0.20291953 -0.10798430 0.19051771 0.45867002 0.57218733 0.14022533 -1.03075250
0.35686812 0.27290262 -0.55022778 -0.61954746 0.14043150 0.11105816 1.01088217 0.18127508
0.76590301 -0.83850858 0.53345453 -0.45798459 -0.10499112 -0.34528224 -0.10685949 0.16685611
-0.58279950 0.32412160 -0.54068915 0.40136292 -0.19624594 -0.36065152 0.06953421 1.07667075
-0.11864892 -0.10438018 1.01451197 -0.99693344 -0.22593293 -0.25192976 0.50442962 0.18728660
-0.08283377 0.45436362 0.42369355 0.00694642 -0.95624467 0.58043826 -0.44063729 -0.64793901
-0.35740622 0.04274279 1.01448832 0.46804357 -0.28562736 0.83158565 -0.43610523 0.66183810
-0.41450654 -0.22164253 -0.89590665 -0.26045428 -0.48598362 -0.61149479 0.92100277 -0.33675081
-0.28435748 0.15535068 0.21765029 0.51016129 0.09458713 0.00464716 0.50278633 -0.16863020
0.52852729 -0.69962011 -0.77204247 0.05859168 0.10083006 -0.35048767 -0.74216941 -0.94174422
-0.19917277 0.09403600 0.22696499 0.25441977 -0.41383406 -0.71046266 0.34034138 -0.07429724
