0.66873490 1.01705204 0.12265573 0.66576240 0.16895154 0.49234940 0.41695640 -0.94205599
-0.14400703 -0.00794133 0.41752809 0.07977817 0.00462725 0.30857854 -0.25527342 0.65323127
-0.01322553 0.56160844 0.23425587 -0.52021783 -0.10960888 -0.18104100 -0.35667726 -0.22333959
0.09316959 -0.56974333 0.77911831 0.10665486 -0.18674858 0.69317650 -0.20330505 0.75628726
0.53655131 0.05551160 -0.33334050 -0.19733844 -0.71312103 0.63788538 0.56852677 0.11670553
-0.01483394 0.37860965 0.28075745 -0.77870543 -0.29334431 -0.48253134 -0.52272156 -0.26863206
0.74360457 0.38190720 0.44851756 -0.59222769 0.91116868 0.39471432 0.09090800 0.17250796
-0.26713447 0.16265672 0.05297592 0.27411333 0.00484863 -0.10500083 -0.73600307 0.39339399
0.26229637 0.04268502 0.31748329 -0.14333005 0.63592500 0.70807195 0.00573026 -0.73201951
-0.11511628 0.07773510 0.47160985 -0.32996599 -0.01354948 0.33128973 0.72897627 -0.51713021
0.26471298 -0.29766660 0.17990197 -0.51917452 -0.16383158 0.42143762 -0.77896043 0.49126362
-0.08187855 0.76152458 -0.14722872 0.94118086 -0.30042644 0.23935335 0.08449246 -0.30087024
0.32743064 0.20868209 0.36098703 -0.42515169 0.60489763 -0.11124986 -0.07479203 -0.52482240
-0.51005013 0.73832606 0.32903446 -0.58597325 0.73268658 -0.29275476 -0.36160129 -0.35932753
0.27229852 0.19601677 -0.29966839 0.23557554 -1.68033273 -0.55144950 -0.47647115 0.33694921
0.41710165 0.26754374 -0.51860704 -0.12115236 -0.04033892 -0.49239220 -0.34971836 -0.07342439
-0.42517132 -0.00977977 -0.32747755 0.34508233 -0.13268436 -0.54720426 -0.53087133 0.16497583
-0.21463366 0.17764744 -0.13895914 -0.15536067 -0.73112677 0.22035036 0.71886666 -0.06558980
0.12717640 -0.00738604 0.79499135 0.10263900 0.57343071 -0.16204924 0.49035442 -0.46145353
0.37007134 -0.71144340 -0.71318895 0.14231719 -0.32878879 -0.08902898 -0.24719287 0.89828536
