-1.04701356 -0.17254797 0.62342901 0.21253929 0.44169029 0.22309243 0.15682188 0.96378194
0.43140607 0.14401408 -0.31002563 0.47958284 -0.37213355 0.34492044 -0.32826833 -0.01096592
0.61765169 0.11515744 0.08143554 0.33088405 -1.04588784 1.20111925 0.01687773 0.01227363
0.59453953 1.11105432 -0.59982246 -0.24751816 -0.22407771 0.99477836 0.75908620 -0.54747107
0.02632633 0.86654598 -0.57346943 0.08540164 0.20678187 0.63789453 0.24320647 0.45335145
0.33099910 -0.02601934 0.42638409 -0.51978114 1.30198743 -0.35049914 -0.64058191 0.38528097
-0.07823621 -0.67014793 -0.84642507 0.14677449 -0.19529661 1.13263059 0.25391980 0.08406135
0.42811215 0.01761743 0.29672174 0.09993878 -0.32229933 0.03319812 0.48949525 -0.61182902
0.25373917 -0.16468441 -0.51929779 0.37522797 0.49080887 0.54716714 -0.14044389 0.51162933
0.21179213 0.52559772 -0.21233384 0.78196517 -0.14162133 -0.67535671 -0.03858130 0.27585624
0.18620802 -0.64263031 -0.02024812 -0.05207512 0.07063348 -0.48958456 -0.20234269 0.66196986
0.78988524 0.40056077 -0.26605430 1.38266573 0.57935150 -0.08340216 -0.13837762 -0.32184636
-0.33709470 -0.86446131 -0.18195716 0.31540582 0.33821387 -0.73296989 -0.54853220 -0.11249189
-1.14175502 -0.55226065 0.17567444 -0.92481784 -0.78156548 0.08948866 -0.53622299 0.88313142
-0.15886112 0.38260417 0.63542485 -0.40633019 -0.39314910 0.77927076 -1.05005110 -0.33768302
-0.36855002 -0.40064567 -0.00155417 -0.63785778 0.28425514 -0.07500414 -0.98813187 -0.15289918
0.11744537 0.53592349 0.38228078 -0.31679214 -0.67561866 0.06600463 -0.31898132 0.71898030
0.44517062 0.48333918 0.76763759 -0.66341240 0.01058490 -0.31114258 -0.18548375 0.64129270
-0.02225452 -0.06388306 -0.04619340 -0.00074700 0.10054135 -0.03847726 -0.67686290 0.12967634
-0.11390687 0.17685228 -0.11041786 -0.05287749 0.77693197 -0.15680022 1.19744738 0.95780237
