-0.34000651 0.44829459 1.33682772 0.42560904 0.01025618 0.53055227 0.39928491 0.47212328
-0.18178620 0.74432069 -0.30531118 0.49822242 0.25373013 0.18356583 -0.39575238 -0.84570809
-0.31128828 0.43864007 0.16893331 0.41740121 -0.31524803 0.49861837 0.83941426 -1.05420436
-0.07214151 0.40264900 0.19670846 -0.10267743 0.76495927 -0.16681065 -0.02971086 -0.61208065
0.30980333 0.23261839 0.02620361 0.68102850 -0.56623414 -0.25316205 -0.84228715 0.08799776
-0.44236481 0.54202601 0.34025787 0.20623230 -0.13474002 -0.03506284 -0.90879773 -0.16939971
0.25141311 -0.21293573 -0.33175106 -0.62820765 0.70254561 -0.08662387 -0.13821412 0.09041193
-0.12938902 -0.57569924 0.71482849 -0.04141539 -0.50511420 -0.32913017 0.50162670 0.04720971
-0.25746259 0.87411942 0.10391720 0.71071988 0.95063641 -0.10774313 -0.01000202 -0.43856989
-0.20468917 -0.50052243 0.00882734 -0.30612586 0.24269594 0.56400849 1.10311149 -0.90898286
0.75695156 -0.32836084 -0.66880586 -0.03448064 0.54567673 1.01965821 -0.75763421 -1.02931461
-0.45453770 -0.33124623 -1.11101726 1.22579354 -0.23368847 0.63463299 -0.01153544 0.96731151
0.66761862 0.40809317 0.21152696 -0.51413412 -0.56777970 -0.32775100 -0.48308653 -0.30235775
0.64250299 -0.03359509 0.31312953 -0.49327901 0.21920607 -0.12773250 -0.42617306 -0.40943760
-0.20205894 0.37506636 -0.41747521 -0.09965430 -0.24864582 -0.42066143 0.63604143 -0.11297829
-0.58243487 0.15892067 0.15058048 0.12795360 0.11065921 0.72673208 0.45406593 0.08641568
-0.29026347 -0.30721990 0.04271755 0.11281247 -0.61828354 0.34644137 -0.14547652 -0.49995112
0.36797253 0.72504629 -0.67579261 -0.43637616 0.24085613 0.60320564 -0.39474638 0.70724877
-0.11893081 0.22449425 -0.14266154 0.09149210 0.99506762 -0.62987506 0.10201634 0.60382420
0.12420527 -0.68285622 -0.35661368 1.47613681 0.59003054 0.53177827 0.06471731 -0.64725264
