-0.51518997 -0.08530494 -0.23424683 0.15534475 -0.35208292 0.49888698 0.05882734 1.65647336
0.11964095 0.23511666 -0.91739505 0.77640326 -0.73252457 0.32032227 -0.08694868 -0.42183341
0.37468308 0.04617324 0.19551925 -0.43044537 0.77203548 -0.96074299 -0.51605948 0.77042447
0.06389804 -0.01024401 0.20013826 -0.10827483 -0.24465906 0.08268616 -0.25606077 -0.34346076
-0.43816737 -0.12931433 -0.43708076 -0.17538015 0.34787643 -0.76326118 0.58784757 1.40470439
-0.36103635 0.34282587 -1.42513896 -0.46089125 0.43069631 -0.05052999 0.70363602 -0.12242597
-0.24362494 0.39046713 0.28867572 0.63721732 0.29892871 0.64993798 0.84096600 -0.00801563
0.82070558 -0.11579621 0.25279094 0.80973419 -0.55668204 0.68646736 0.03288879 0.37659566
0.24878632 0.13746619 -0.15275254 -0.21485113 0.32567509 0.00627207 -0.42803254 0.36335095
-0.41041367 0.02911530 -0.12603884 0.29136950 0.47538715 0.20655595 -0.11783043 -0.65918878
1.42201520 -0.21500254 0.06872412 0.15301652 -0.26510619 1.02465099 0.30960810 0.08333797
0.72841635 0.04654312 0.63242381 -0.13288186 0.40327950 0.76171273 -0.11534735 -0.41805512
0.29904121 0.44560436 0.48516863 0.84990444 0.10146715 0.16615395 -0.31522768 -1.14777933
-0.60227359 0.78402913 -0.21748043 0.99121869 -0.63511974 -0.66665255 0.27182330 0.34328918
-0.21845214 -0.48790088 -0.42385528 -1.54293650 -0.33696072 1.05769827 0.10508561 -0.76233054
-0.40996096 -0.09219397 0.51405076 -0.12674481 -0.21493534 0.29145369 -0.18824426 0.41821090
0.30426742 0.64869570 -0.53260722 -0.54024063 -0.14637930 -0.24561405 0.06919031 0.08251165
-0.05014027 0.18837920 -0.36539713 0.69717242 -0.70566087 -0.16098862 0.17416644 -0.34193871
0.20924286 0.29104906 -0.49984025 -0.07084681 0.41620081 0.61575382 0.00651877 0.64420942
-0.75564438 0.02680222 0.26692606 0.46571514 0.59311138 0.18629224 0.47804746 0.34135881
