1.19297276 -0.10994800 0.15301484 -0.33773523 -1.45609019 0.06410161 -0.37323537 -0.50587026 0.52883620 0.44462866 -0.34369205 -1.25042936 -0.26664113 0.75602269 0.21623490 -0.89491427 0.53547321 0.20540109 0.78434068 -0.59762269
0.00000000 -0.67849715 0.21364380 1.37548495 -1.64757460 -1.31224744 0.02349687 0.77761614 -0.71856035 1.11305133 -1.26089724 0.70418985 2.51920432 1.41034312 0.87043006 1.11873280 -0.74749065 1.05443253 -0.38601523 -1.00233835
0.00000000 0.00000000 -0.34134084 0.19104760 -0.72794290 0.34918807 -1.04000415 -1.60907670 0.33454317 0.45044932 0.70738547 -1.42616516 1.86972032 0.92299677 1.00809727 -1.07868784 0.22537216 0.66214341 -0.22958724 1.46854558
0.00000000 0.00000000 0.00000000 -0.27005947 -0.14089270 -0.54090985 -1.68363815 0.85454545 -0.90200997 -1.15927952 -0.41623419 -0.12180408 -1.55201458 -0.71748189 -1.31315785 1.15845060 0.08868907 -0.02689288 0.39331327 -2.15279994
0.00000000 0.00000000 0.00000000 0.00000000 0.21826899 0.04300317 2.22244902 0.77932299 0.75757820 -1.92860845 -1.02516889 0.72757478 0.82382468 -0.48472411 -0.93126367 -1.13702664 1.92666776 -0.32979565 0.06081082 1.57372106
0.00000000 0.00000000 0.00000000 0.00000000 0.00000000 -0.02885290 -1.61831997 0.28628492 0.05324271 2.34133431 0.44362910 0.16010409 -0.98670722 2.10477979 1.20596881 -0.54018222 0.68944751 0.22456871 -0.88252961 0.27683584
0.00000000 0.00000000 0.00000000 0.00000000 0.00000000 0.00000000 -0.39668492 0.15343923 1.04878675 -0.61235934 0.46927737 -0.52504141 -0.11299070 0.28483089 -0.74204830 -0.16599532 0.13382707 -1.91762474 0.06323735 -0.31444454
0.00000000 0.00000000 0.00000000 0.00000000 0.00000000 0.00000000 0.00000000 -0.11275056 0.70757920 1.16456175 -0.82096595 -2.07499050 0.24504232 1.13196532 -0.09686283 1.42783067 0.62130194 0.01062922 0.06119036 0.77957425
0.00000000 0.00000000 0.00000000 0.00000000 0.00000000 0.00000000 0.00000000 0.00000000 0.12862616 1.22140523 -0.62315404 0.96843542 0.38466137 0.03864743 0.62201451 0.15944397 0.46422742 -1.42022912 0.03673044 0.36841059
0.00000000 0.00000000 0.00000000 0.00000000 0.00000000 0.00000000 0.00000000 0.00000000 0.00000000 0.51436443 -0.25671678 0.49450337 -1.29913063 -0.11529946 0.20924041 0.03105966 -1.00142169 1.24077743 -1.09512522 -0.16184179
0.00000000 0.00000000 0.00000000 0.00000000 0.00000000 0.00000000 0.00000000 0.00000000 0.00000000 0.00000000 -0.53768956 -1.41446704 1.84486698 2.45402232 -0.57691092 0.46527887 -0.49262199 1.92129515 0.25679027 -0.23236698
0.00000000 0.00000000 0.00000000 0.00000000 0.00000000 0.00000000 0.00000000 0.00000000 0.00000000 0.00000000 0.00000000 0.26011879 -0.04232465 1.45997168 0.01703123 0.14784635 -1.44570418 0.61941553 -0.29821655 0.46879767
0.00000000 0.00000000 0.00000000 0.00000000 0.00000000 0.00000000 0.00000000 0.00000000 0.00000000 0.00000000 0.00000000 0.00000000 -0.42889011 -0.07182984 0.17833945 -0.33467431 -0.70351353 -1.00150550 -0.36513678 -0.80555750
0.00000000 0.00000000 0.00000000 0.00000000 0.00000000 0.00000000 0.00000000 0.00000000 0.00000000 0.00000000 0.00000000 0.00000000 0.00000000 -0.28530870 1.07548796 1.13067712 -0.90244725 1.71633939 0.02227052 -0.33751795
0.00000000 0.00000000 0.00000000 0.00000000 0.00000000 0.00000000 0.00000000 0.00000000 0.00000000 0.00000000 0.00000000 0.00000000 0.00000000 0.00000000 -0.15758293 -0.39902583 0.82935913 -0.19879577 0.43824583 -0.23470711
0.00000000 0.00000000 0.00000000 0.00000000 0.00000000 0.00000000 0.00000000 0.00000000 0.00000000 0.00000000 0.00000000 0.00000000 0.00000000 0.00000000 0.00000000 0.39030283 -0.24508436 0.05206295 0.09750218 0.27243917
0.00000000 0.00000000 0.00000000 0.00000000 0.00000000 0.00000000 0.00000000 0.00000000 0.00000000 0.00000000 0.00000000 0.00000000 0.00000000 0.00000000 0.00000000 0.00000000 1.42750728 -0.19361625 1.46464609 -0.93600541
0.00000000 0.00000000 0.00000000 0.00000000 0.00000000 0.00000000 0.00000000 0.00000000 0.00000000 0.00000000 0.00000000 0.00000000 0.00000000 0.00000000 0.00000000 0.00000000 0.00000000 0.28912232 -0.60818654 -2.51613015
0.00000000 0.00000000 0.00000000 0.00000000 0.00000000 0.00000000 0.00000000 0.00000000 0.00000000 0.00000000 0.00000000 0.00000000 0.00000000 0.00000000 0.00000000 0.00000000 0.00000000 0.00000000 0.34734873 0.30937104
0.00000000 0.00000000 0.00000000 0.00000000 0.00000000 0.00000000 0.00000000 0.00000000 0.00000000 0.00000000 0.00000000 0.00000000 0.00000000 0.00000000 0.00000000 0.00000000 0.00000000 0.00000000 0.00000000 -1.47142781
