-0.31961814 0.02909641 1.01296014 0.04751296 -0.45667163 -1.00816740 0.29017151 0.19805501 2.88906328 -1.58704335 -0.37219745 -1.19192059 -0.19682936 -0.88455144 0.56834460 0.81372047 -0.47498242 -0.04460421 1.57238434 -1.99473466
0.00000000 1.21812564 -1.55331135 1.25577960 -0.97789029 -1.13907986 1.78274889 0.68733345 -0.18652977 0.18175266 -0.03253696 0.09574270 -0.04728683 1.36970146 -0.92173757 1.16766566 0.25676908 -1.08192792 1.16357287 0.85481390
0.00000000 0.00000000 -0.48945637 -1.86157775 0.31605589 -0.81731374 0.40613084 0.64287826 -0.68577156 1.75848165 0.12402618 0.36482026 -0.04030341 -0.46078828 0.05798449 0.46630728 0.05635849 -1.02193475 -0.31598177 0.69794462
0.00000000 0.00000000 0.00000000 -0.36288167 -0.88375221 -0.87509873 -1.12975347 0.57738813 0.73878546 -0.44369681 0.33235863 0.74603904 -0.67143224 -0.82147984 -0.01608452 0.16776405 -0.70474437 -1.36547530 -2.23093423 -0.23986090
0.00000000 0.00000000 0.00000000 0.00000000 -0.00554200 -0.26503592 -0.87012976 0.05707915 0.56586910 0.25321878 -0.09731786 1.05536129 0.58012509 1.77728452 1.44181029 -0.24539940 0.27602039 -1.69861063 -0.39156195 0.07369794
0.00000000 0.00000000 0.00000000 0.00000000 0.00000000 -3.20484059 2.05173213 -2.11193257 0.46088907 1.43840419 0.18237807 0.63800818 -0.53285465 -0.69543921 -1.32964669 -1.00920104 0.77394040 0.04078145 -0.95910290 0.23814993
0.00000000 0.00000000 0.00000000 0.00000000 0.00000000 0.00000000 0.65357286 0.68986808 0.13783999 0.77458032 1.99905994 -2.26694940 0.18617906 -0.39161979 -0.07598382 -0.29799547 -0.23769446 0.62649147 0.43649055 -1.43313792
0.00000000 0.00000000 0.00000000 0.00000000 0.00000000 0.00000000 0.00000000 0.32264240 0.50668215 0.23999058 0.17472950 0.74335714 0.25332979 0.07560885 0.13344279 -2.18405407 0.95278672 -0.95181760 1.44850739 0.72251532
0.00000000 0.00000000 0.00000000 0.00000000 0.00000000 0.00000000 0.00000000 0.00000000 -0.46616276 0.83441164 -0.55913971 -0.41190912 0.91469046 -0.20902446 -0.29147911 0.31458173 -0.36973775 -1.08740208 -0.53912269 0.61176415
0.00000000 0.00000000 0.00000000 0.00000000 0.00000000 0.00000000 0.00000000 0.00000000 0.00000000 -0.31541378 -1.16868503 0.79591541 -0.91162012 -0.86450725 -0.28225264 0.55901359 -0.78540262 0.60483686 1.17213361 0.56836560
0.00000000 0.00000000 0.00000000 0.00000000 0.00000000 0.00000000 0.00000000 0.00000000 0.00000000 0.00000000 -1.14031991 -0.13921676 -0.38672699 -0.23430276 0.15833715 -1.39125061 0.37107889 0.24922952 -1.19288868 -0.76629862
0.00000000 0.00000000 0.00000000 0.00000000 0.00000000 0.00000000 0.00000000 0.00000000 0.00000000 0.00000000 0.00000000 0.29602768 0.46770391 0.22228728 -0.01810025 -0.29138657 0.69020669 -0.46250946 0.26088954 -0.20106816
0.00000000 0.00000000 0.00000000 0.00000000 0.00000000 0.00000000 0.00000000 0.00000000 0.00000000 0.00000000 0.00000000 0.00000000 1.07652466 -0.70856772 0.80172145 -0.59008355 -0.56096986 0.02977943 -0.64284548 -1.62897655
0.00000000 0.00000000 0.00000000 0.00000000 0.00000000 0.00000000 0.00000000 0.00000000 0.00000000 0.00000000 0.00000000 0.00000000 0.00000000 0.74765358 -2.34085505 -0.58062046 -0.21568583 1.82456819 1.29199916 -0.37751424
0.00000000 0.00000000 0.00000000 0.00000000 0.00000000 0.00000000 0.00000000 0.00000000 0.00000000 0.00000000 0.00000000 0.00000000 0.00000000 0.00000000 0.32245979 -0.51720373 -1.68512197 0.61356402 -0.25155424 -0.76158596
0.00000000 0.00000000 0.00000000 0.00000000 0.00000000 0.00000000 0.00000000 0.00000000 0.00000000 0.00000000 0.00000000 0.00000000 0.00000000 0.00000000 0.00000000 -1.18926463 0.13705270 -0.05819615 -1.04995137 0.11770852
0.00000000 0.00000000 0.00000000 0.00000000 0.00000000 0.00000000 0.00000000 0.00000000 0.00000000 0.00000000 0.00000000 0.00000000 0.00000000 0.00000000 0.00000000 0.00000000 0.08726714 -0.31402302 0.66631965 0.88952721
0.00000000 0.00000000 0.00000000 0.00000000 0.00000000 0.00000000 0.00000000 0.00000000 0.00000000 0.00000000 0.00000000 0.00000000 0.00000000 0.00000000 0.00000000 0.00000000 0.00000000 0.21729544 0.57000040 0.32857070
0.00000000 0.00000000 0.00000000 0.00000000 0.00000000 0.00000000 0.00000000 0.00000000 0.00000000 0.00000000 0.00000000 0.00000000 0.00000000 0.00000000 0.00000000 0.00000000 0.00000000 0.00000000 1.16794643 0.99423865
0.00000000 0.00000000 0.00000000 0.00000000 0.00000000 0.00000000 0.00000000 0.00000000 0.00000000 0.00000000 0.00000000 0.00000000 0.00000000 0.00000000 0.00000000 0.00000000 0.00000000 0.00000000 0.00000000 -0.75709587
