-1.49890107 -0.62212079 1.51564880 1.32972468 0.23959361 -0.13083497 -0.28235945 0.72391650 -1.12650718 1.84310172 0.61988713 1.93815854 1.27737314 -1.32389611 -0.05821299 0.22611539 1.10525854 2.49841985 0.73147189 0.55889674
0.00000000 -1.53907771 -0.59214794 -1.59081314 -0.25956846 1.09693713 0.27966782 -0.09192213 0.75756898 0.02452241 0.16488563 -2.22467926 1.34765126 1.45505507 0.36125591 -0.10510548 1.29525064 -0.67041782 0.74952943 0.57394898
0.00000000 0.00000000 0.56077510 0.20805965 0.16529903 -2.40565663 1.89787161 1.17077151 0.37804839 2.47562614 -0.71030937 -2.13291384 0.12913555 0.54365808 1.00238271 -1.08768517 0.11033485 0.68522773 -0.37961376 0.88065461
0.00000000 0.00000000 0.00000000 -0.16294755 0.66631523 -0.26069912 0.49611815 0.79557096 -0.20480246 0.18250058 1.77089184 -0.83328369 1.50716599 -0.38010768 -1.25431325 -0.73575135 -0.60335469 1.88971194 -1.51158668 0.32242466
0.00000000 0.00000000 0.00000000 0.00000000 -0.45471348 1.42196517 -1.02172922 0.07618422 0.81078823 1.53446858 -0.38447794 1.33246500 0.98223339 1.08273934 1.86967886 0.56508128 0.72882923 0.81178792 -0.40411255 -0.12777518
0.00000000 0.00000000 0.00000000 0.00000000 0.00000000 0.23665447 -1.27541197 2.07042348 -0.11485610 -1.99844861 -0.23330026 0.05991894 -0.96715867 -0.26609556 -0.41179445 0.03269229 0.16975585 1.73266363 -0.37481229 0.19883777
0.00000000 0.00000000 0.00000000 0.00000000 0.00000000 0.00000000 -0.00872336 0.10804569 -0.07293468 1.22115243 -0.21743669 -0.49927333 -0.51889760 0.38980536 0.06383989 1.17097436 -0.31971085 -0.92192798 0.21650496 0.23618153
0.00000000 0.00000000 0.00000000 0.00000000 0.00000000 0.00000000 0.00000000 -0.22409831 -1.22332699 -0.69411104 1.39277475 -0.04876115 0.90187858 1.35193462 -1.19451041 0.93145772 0.93779670 0.06260697 0.71431627 -1.25465672
0.00000000 0.00000000 0.00000000 0.00000000 0.00000000 0.00000000 0.00000000 0.00000000 -1.34487599 -1.42226557 -0.52908955 -0.04987663 -0.20956112 0.06392713 -0.63501756 -0.28558632 -0.47162516 -0.12611425 2.88810817 -1.11910500
0.00000000 0.00000000 0.00000000 0.00000000 0.00000000 0.00000000 0.00000000 0.00000000 0.00000000 0.02442395 0.11346144 -0.36248815 1.81543073 -0.50004852 2.35108119 -1.76768906 0.73200399 -1.62452637 0.72935387 -1.68138487
0.00000000 0.00000000 0.00000000 0.00000000 0.00000000 0.00000000 0.00000000 0.00000000 0.00000000 0.00000000 -0.72890300 -0.04910495 -0.34388872 0.26382642 -0.55383104 -1.10285271 1.24545795 -1.45921097 -0.12090562 0.63468021
0.00000000 0.00000000 0.00000000 0.00000000 0.00000000 0.00000000 0.00000000 0.00000000 0.00000000 0.00000000 0.00000000 -1.33295076 -0.24078059 1.01996731 -0.40451661 1.18942027 1.20059806 -0.96775153 -0.94223093 -0.32023615
0.00000000 0.00000000 0.00000000 0.00000000 0.00000000 0.00000000 0.00000000 0.00000000 0.00000000 0.00000000 0.00000000 0.00000000 0.56957493 0.64621423 0.30146552 -0.04950269 1.17056967 -0.05249691 -2.15811930 1.79112934
0.00000000 0.00000000 0.00000000 0.00000000 0.00000000 0.00000000 0.00000000 0.00000000 0.00000000 0.00000000 0.00000000 0.00000000 0.00000000 1.12560905 -0.10604222 -1.31494221 0.27311369 0.18495788 0.21219932 0.19229119
0.00000000 0.00000000 0.00000000 0.00000000 0.00000000 0.00000000 0.00000000 0.00000000 0.00000000 0.00000000 0.00000000 0.00000000 0.00000000 0.00000000 1.31369576 0.74957931 -0.34764290 0.16006691 -0.36720707 0.43566915
0.00000000 0.00000000 0.00000000 0.00000000 0.00000000 0.00000000 0.00000000 0.00000000 0.00000000 0.00000000 0.00000000 0.00000000 0.00000000 0.00000000 0.00000000 0.44704238 1.04404014 -0.12881058 1.60246258 0.89921641
0.00000000 0.00000000 0.00000000 0.00000000 0.00000000 0.00000000 0.00000000 0.00000000 0.00000000 0.00000000 0.00000000 0.00000000 0.00000000 0.00000000 0.00000000 0.00000000 -0.37416627 -0.12592169 -0.36064813 0.11645598
0.00000000 0.00000000 0.00000000 0.00000000 0.00000000 0.00000000 0.00000000 0.00000000 0.00000000 0.00000000 0.00000000 0.00000000 0.00000000 0.00000000 0.00000000 0.00000000 0.00000000 -0.82562842 0.46196954 -2.70833171
0.00000000 0.00000000 0.00000000 0.00000000 0.00000000 0.00000000 0.00000000 0.00000000 0.00000000 0.00000000 0.00000000 0.00000000 0.00000000 0.00000000 0.00000000 0.00000000 0.00000000 0.00000000 2.66239127 0.19355923
0.00000000 0.00000000 0.00000000 0.00000000 0.00000000 0.00000000 0.00000000 0.00000000 0.00000000 0.00000000 0.00000000 0.00000000 0.00000000 0.00000000 0.00000000 0.00000000 0.00000000 0.00000000 0.00000000 -0.29172993
