-0.06468269 0.28371665 -0.25605702 0.04060544 0.63361781 1.26582612 0.03638196 0.69479609 -1.01160858 -1.32524288 -0.74148710 0.84485780 -1.10884319 -0.07997349 -0.06697027 -0.52644452 0.17937859 -1.12898601 -1.11861959 -0.85386309
0.00000000 0.64480029 1.66490788 0.22449442 0.32066800 0.40607445 -0.53887661 1.31884135 -1.45782025 0.20947847 1.14028610 0.01510236 -1.02438003 -0.94701410 -0.06308577 -0.04444779 -0.08170833 -0.90513867 1.20445880 0.98733128
0.00000000 0.00000000 -0.70343003 -1.15467422 0.62226813 0.55702704 -0.86411910 0.98899978 -0.38417077 -0.77297486 -1.09815653 -1.22017621 -1.56249838 -0.64378359 0.45210472 -0.38739261 0.50535404 -1.38769656 -0.14186818 1.60107986
0.00000000 0.00000000 0.00000000 0.66118816 0.93645711 1.40938977 1.66406534 -1.30421872 0.98703858 0.43131643 -0.71094591 1.20710357 1.21863895 -0.29641212 -0.78934490 1.50721507 -0.44609255 -0.88936505 -0.42859866 0.16185047
0.00000000 0.00000000 0.00000000 0.00000000 0.69982785 -1.24860399 -0.30140630 -2.12545783 -0.65598344 -0.51271494 0.22997441 0.84716858 -0.52135476 -0.83624219 -1.07512134 -0.45549692 -0.24689212 -0.14389178 1.09633014 1.17617717
0.00000000 0.00000000 0.00000000 0.00000000 0.00000000 -0.65509472 2.83724466 -2.25179633 0.67684314 -0.21489597 0.83879504 2.50518245 1.34598022 -1.49037141 -0.20834677 1.76436915 0.38485895 0.31238673 0.96856038 0.92524346
0.00000000 0.00000000 0.00000000 0.00000000 0.00000000 0.00000000 1.37886424 0.35549980 -2.42337506 0.69600958 -1.25050554 0.44144044 1.86407599 -2.12102173 -0.40864835 0.85324309 -1.43111554 1.80542031 0.24632963 1.32119195
0.00000000 0.00000000 0.00000000 0.00000000 0.00000000 0.00000000 0.00000000 0.05776910 2.23524260 1.30848712 0.18320159 0.42958939 -0.14897608 -0.54068689 -1.46244412 0.49594228 -1.26414425 1.18225318 -0.01308035 1.18975535
0.00000000 0.00000000 0.00000000 0.00000000 0.00000000 0.00000000 0.00000000 0.00000000 -0.59709636 0.73007803 0.40296181 -2.12039219 0.87882652 0.69482999 0.58928448 -0.42320449 -2.64647984 1.22553361 0.46380279 -1.10280702
0.00000000 0.00000000 0.00000000 0.00000000 0.00000000 0.00000000 0.00000000 0.00000000 0.00000000 0.51125553 -0.50996134 0.82686698 0.93404649 0.05931800 0.82150070 -0.08620989 0.40832772 -1.09090486 -0.26102170 0.12254748
0.00000000 0.00000000 0.00000000 0.00000000 0.00000000 0.00000000 0.00000000 0.00000000 0.00000000 0.00000000 0.29014882 0.99512232 0.61208397 0.60479588 -0.86620877 0.52022670 -1.18674750 0.14946926 0.14885259 0.40161011
0.00000000 0.00000000 0.00000000 0.00000000 0.00000000 0.00000000 0.00000000 0.00000000 0.00000000 0.00000000 0.00000000 -0.15274019 -1.11927814 -0.54250375 0.62229956 1.06081047 1.01931737 -3.15790259 0.66404216 0.00277299
0.00000000 0.00000000 0.00000000 0.00000000 0.00000000 0.00000000 0.00000000 0.00000000 0.00000000 0.00000000 0.00000000 0.00000000 1.55185743 -0.79886629 0.77038845 -0.23893333 -0.47241733 -1.47986965 0.08249703 -0.52923730
0.00000000 0.00000000 0.00000000 0.00000000 0.00000000 0.00000000 0.00000000 0.00000000 0.00000000 0.00000000 0.00000000 0.00000000 0.00000000 -1.01493659 -0.14914263 2.42180421 -0.41057182 -0.22604168 -1.37693510 2.16426512
0.00000000 0.00000000 0.00000000 0.00000000 0.00000000 0.00000000 0.00000000 0.00000000 0.00000000 0.00000000 0.00000000 0.00000000 0.00000000 0.00000000 2.91689836 1.34505663 -1.44513348 0.18173087 -0.16252941 0.56152892
0.00000000 0.00000000 0.00000000 0.00000000 0.00000000 0.00000000 0.00000000 0.00000000 0.00000000 0.00000000 0.00000000 0.00000000 0.00000000 0.00000000 0.00000000 0.12555350 -0.28698224 0.76674102 0.22945806 -1.45714306
0.00000000 0.00000000 0.00000000 0.00000000 0.00000000 0.00000000 0.00000000 0.00000000 0.00000000 0.00000000 0.00000000 0.00000000 0.00000000 0.00000000 0.00000000 0.00000000 -0.12508813 0.11112286 -0.14052261 -0.56155545
0.00000000 0.00000000 0.00000000 0.00000000 0.00000000 0.00000000 0.00000000 0.00000000 0.00000000 0.00000000 0.00000000 0.00000000 0.00000000 0.00000000 0.00000000 0.00000000 0.00000000 0.97610384 -0.59520055 -2.96858931
0.00000000 0.00000000 0.00000000 0.00000000 0.00000000 0.00000000 0.00000000 0.00000000 0.00000000 0.00000000 0.00000000 0.00000000 0.00000000 0.00000000 0.00000000 0.00000000 0.00000000 0.00000000 -0.54983222 1.58101838
0.00000000 0.00000000 0.00000000 0.00000000 0.00000000 0.00000000 0.00000000 0.00000000 0.00000000 0.00000000 0.00000000 0.00000000 0.00000000 0.00000000 0.00000000 0.00000000 0.00000000 0.00000000 0.00000000 -1.49729306
