0.626186 -1.062161 2.136886 -0.468505 -0.394324 0.544541 -0.447884 -0.956119 -0.693814 1.238808 -1.853225 -1.208603 -0.638417 -0.189518 1.186547 0.325410 0.617430 1.263032 -1.041686 0.978492
0.000000 0.577127 -0.307517 0.409432 1.007963 -0.215724 0.717470 0.802983 1.420415 -0.545775 -1.941051 -0.095944 0.633109 0.087421 -0.741704 -1.007964 -0.463505 -1.675887 0.914086 -0.544417
0.000000 0.000000 0.194390 -0.422240 0.123186 0.462255 0.594632 0.254032 -0.878674 0.158145 -1.831367 -2.016856 -1.189824 -0.837385 1.655259 0.565436 0.235299 -0.641237 -0.145447 1.430145
0.000000 0.000000 0.000000 0.676660 1.271101 -1.025122 -0.570541 -0.062785 0.435070 -0.115466 1.894270 -0.559588 -0.540004 -1.017747 -0.131928 -1.587413 -0.774611 -0.782463 -0.806472 0.690112
0.000000 0.000000 0.000000 0.000000 0.637263 -1.060621 -0.129401 0.479880 0.657187 -0.167079 -0.413060 -0.470743 0.160557 0.379159 0.473284 -0.739765 -0.727439 -1.711593 0.432299 0.651304
0.000000 0.000000 0.000000 0.000000 0.000000 0.544662 0.449565 -0.597646 0.154901 0.973216 -1.692565 0.717834 1.065765 -0.287683 -1.844403 -0.888150 1.104194 -0.096997 -0.089495 -0.281209
0.000000 0.000000 0.000000 0.000000 0.000000 0.000000 0.626113 0.456451 0.340599 -0.356458 -0.906242 0.244382 0.324197 -0.120400 -0.352059 -0.120514 0.170036 -0.501715 0.607168 -0.775266
0.000000 0.000000 0.000000 0.000000 0.000000 0.000000 0.000000 0.528047 -0.033076 -0.693419 -0.398454 0.271090 0.031438 -0.149512 0.771450 0.131172 -0.591035 -1.095252 1.014217 -0.591816
0.000000 0.000000 0.000000 0.000000 0.000000 0.000000 0.000000 0.000000 0.473712 -0.096510 -1.166756 0.358660 1.011890 0.503364 -1.127133 -1.226271 0.136665 -1.066834 0.501669 -0.819367
0.000000 0.000000 0.000000 0.000000 0.000000 0.000000 0.000000 0.000000 0.000000 0.786644 -1.720820 0.156256 0.816285 0.137591 -0.695254 -0.952416 0.526010 -0.477715 -0.379831 0.981284
0.000000 0.000000 0.000000 0.000000 0.000000 0.000000 0.000000 0.000000 0.000000 0.000000 0.508987 -0.158002 -2.150241 -0.806851 0.242587 1.593153 -0.855532 2.352421 -1.410101 0.393582
0.000000 0.000000 0.000000 0.000000 0.000000 0.000000 0.000000 0.000000 0.000000 0.000000 0.000000 0.440423 1.437052 0.304985 -1.160807 -0.750445 0.415328 -0.560362 0.804270 -1.541055
0.000000 0.000000 0.000000 0.000000 0.000000 0.000000 0.000000 0.000000 0.000000 0.000000 0.000000 0.000000 0.168460 0.895317 -1.741918 -1.544526 0.538849 -1.956408 1.004859 -0.518414
0.000000 0.000000 0.000000 0.000000 0.000000 0.000000 0.000000 0.000000 0.000000 0.000000 0.000000 0.000000 0.000000 0.232945 -0.035582 0.448107 0.072301 -0.724181 0.731992 0.296570
0.000000 0.000000 0.000000 0.000000 0.000000 0.000000 0.000000 0.000000 0.000000 0.000000 0.000000 0.000000 0.000000 0.000000 0.553646 1.889289 -0.697498 1.235455 0.067309 -0.315767
0.000000 0.000000 0.000000 0.000000 0.000000 0.000000 0.000000 0.000000 0.000000 0.000000 0.000000 0.000000 0.000000 0.000000 0.000000 0.777627 -0.267037 2.129313 -0.138649 0.172634
0.000000 0.000000 0.000000 0.000000 0.000000 0.000000 0.000000 0.000000 0.000000 0.000000 0.000000 0.000000 0.000000 0.000000 0.000000 0.000000 0.431315 0.529587 -0.149852 -0.620332
0.000000 0.000000 0.000000 0.000000 0.000000 0.000000 0.000000 0.000000 0.000000 0.000000 0.000000 0.000000 0.000000 0.000000 0.000000 0.000000 0.000000 0.494883 -1.658955 -1.236592
0.000000 0.000000 0.000000 0.000000 0.000000 0.000000 0.000000 0.000000 0.000000 0.000000 0.000000 0.000000 0.000000 0.000000 0.000000 0.000000 0.000000 0.000000 0.646004 -0.851114
0.000000 0.000000 0.000000 0.000000 0.000000 0.000000 0.000000 0.000000 0.000000 0.000000 0.000000 0.000000 0.000000 0.000000 0.000000 0.000000 0.000000 0.000000 0.000000 0.446904
