0.28962744 -0.76819513 -0.62670685 -0.25401115 0.28650083 -0.34751204 -1.31044123 0.22244285
-0.81120227 0.04084759 0.71790893 -0.45311046 0.30015527 0.05205539 -0.04064048 0.84349151
-0.51055597 -0.37886805 0.82398307 0.67940845 0.08965750 0.88867934 -0.11016719 -1.10192978
0.73088680 0.67800873 -0.60752258 0.56780706 0.01339405 -0.55600719 0.98441168 0.35171501
-0.17788042 -0.19735272 -0.73614062 -0.29125756 -0.47146561 -0.74402950 -0.24545409 -0.47908973
-0.37906842 -0.27219588 0.06363079 0.62769243 0.09768352 0.19005917 -0.40148433 0.16409148
-0.52318264 -0.05962321 0.97733053 0.17465020 -0.58775051 0.04170013 1.13400390 -0.58867626
-0.32099353 0.55765555 -0.49419584 -1.04703603 0.37015291 -0.18636712 0.08255579 0.06249496
0.61450156 0.20314336 -0.25963023 -0.54305453 -0.44425909 0.60244177 -0.33734750 -0.07743988
0.45668339 0.48392166 -1.04544645 -1.12976464 -0.21890699 1.03688178 0.37755856 0.20102226
-0.25901052 0.07739561 -0.07988027 -0.08445462 -0.04022797 -1.05040226 0.08547780 -0.15216304
0.02048874 0.74079610 -0.22704077 0.59854649 0.33296955 -0.10196896 -0.58524355 0.58981494
0.09229707 0.33159533 0.73516099 -0.24298443 -0.00708220 -0.74058296 0.40168713 0.61007437
-0.52255290 -0.32062111 -0.49374683 -0.01677907 -0.38821601 -0.07200129 0.48916405 -0.27262121
-0.62596692 0.68318517 -0.66676388 0.40329504 0.11742605 0.18643483 -0.70710514 0.80329864
-0.41409374 0.29550473 -0.31165618 -0.38842919 -0.04714523 0.13944664 -0.66897502 -0.26260001
0.31147263 0.15492282 1.28202573 -0.82731964 0.25879911 -0.49658525 -0.09871474 0.04072282
0.26053215 -0.66739677 0.18908754 -0.15952980 0.06493629 -0.93134040 -1.18704049 -0.46566279
0.00909492 0.25649022 -0.29280941 0.11117579 0.23085912 1.12529309 0.05600339 -0.27521642
-0.82166785 -0.09817648 0.62510095 -0.45953031 -0.25561311 -0.43591753 0.05095519 -0.03395952
-0.00396659 0.12272294 0.19710635 -0.16576736 -0.43830039 0.95207915 -0.80135138 0.43408922
-0.04403116 0.53159920 -0.79401148 0.19662253 -0.83294544 0.61548060 0.41836611 -0.96736715
-0.29295047 -0.15820609 1.02779059 -0.89229730 0.11180121 -0.34486105 -0.17724658 0.63843930
-0.77333273 -0.24286521 0.06335878 1.02426527 0.42627587 -0.63838912 0.30410354 0.77528090
0.81264525 0.49694087 -0.68414429 0.56416421 0.54242855 0.34027346 -0.08962399 -0.74753744
-0.15327372 -0.31582513 0.28728084 0.16605283 0.49652616 -0.61074516 0.53039257 -0.75486941
-0.48888532 0.71097656 0.25386765 -0.19083701 -0.03656872 -0.68923300 0.63187846 0.39860570
-0.37276571 -0.43354938 -1.10601662 0.56383623 -0.63142618 -0.08188749 -0.11927214 0.83714058
