-0.60504954 -0.69572932 0.76524660 -0.05975709 -0.29342666 -0.06680600 0.48710494 0.04400245
0.14251267 0.30523812 -0.54016387 -0.50920086 0.08347456 -0.08862548 0.00874045 0.14296308
-0.13863092 0.47443472 0.50844594 -0.27864827 -0.10141475 -0.03976603 0.16493590 0.21785807
0.46077316 -0.48948817 0.31646817 0.16843031 0.32529060 0.90664253 -0.22717091 -0.19806038
1.03317257 0.52345065 0.75946535 1.14036867 -0.92829718 -0.09843462 1.08387480 -0.12912013
0.38850273 0.46119331 -0.07435895 0.05436499 0.57003927 0.26740746 -0.59145637 -0.74669737
-0.20621861 -0.72789822 -0.15627405 -0.99016912 0.45619638 -0.52104029 -0.71564218 -0.18195005
0.81163361 0.84663697 -0.36991491 -0.56899838 0.08735566 -0.98659047 -0.17386703 0.46941965
0.41269702 0.06212746 0.82796139 0.14161245 -0.09693911 0.66623368 -0.20232360 0.77789916
-0.17502001 0.70888824 -0.49613533 -0.50218442 -1.60272118 0.09281275 0.53066268 0.40274448
-0.19701850 -0.00528966 0.14453605 0.21667910 -0.36885522 0.41275256 -0.59484038 -0.92451596
-0.81132881 0.35290410 -0.21962207 -0.67094660 -0.65095257 0.23605781 0.16016499 -0.45118081
0.87176242 -0.25806565 -0.14865541 -0.27424420 -0.22529422 0.38171225 -1.16319609 0.27004208
-0.21589100 1.19249820 0.66278665 -0.35483151 -0.19268157 -0.30462794 -0.47922900 0.74034495
0.51743854 0.37723758 0.05247344 -0.11366368 0.75467571 0.55855867 -0.28199278 0.41433062
-0.44506806 -0.58292849 -0.14999300 0.91293341 0.16926913 -0.03373677 -0.75382587 0.38550839
-0.22057743 0.27721235 -0.60718049 -0.57944407 0.61370999 -0.39523250 0.26213018 0.72512448
0.39012265 -0.14581309 0.69006068 -0.10561496 0.22919926 0.43371192 -0.00947111 -0.21441849
0.31839144 -0.41129339 -0.28898770 -0.52111753 0.36853552 -0.94139476 0.29336285 -0.28912741
0.05562658 0.00377741 -0.08592144 0.25772831 0.44529382 0.22307883 0.40485233 -0.38850424
-0.69004272 -0.66798340 0.03365686 0.05801979 -0.40365606 0.25045336 0.53889584 0.34465874
0.02279898 -0.70948543 -1.17460942 0.01639837 0.38128046 -0.23177228 -0.11104538 0.43193205
0.33828324 0.04717166 -0.43126383 0.88977431 -0.49687859 -0.56786783 -0.43970286 0.38355408
0.05634974 0.46176888 0.32582138 0.26544397 0.73613235 -0.31416154 0.71624067 0.72889395
-0.24370687 0.93563021 -0.15569059 0.22378432 0.07773860 -0.08610205 -0.32809940 -0.47221901
0.28072684 0.50555249 -0.65553567 -0.43144635 0.12831010 0.79479321 -0.06119349 0.07615105
0.37514746 0.37924436 0.79405447 -0.16071403 -0.39552406 -0.59874967 -0.58099564 -0.10477157
-0.99342041 -0.23477394 0.35050546 0.18912931 -0.20856761 -0.33390989 -0.02166509 -0.25093870
