0.41681218 0.11137472 -0.82673353 -0.52659258 0.56893618 0.10487414 -0.42762427 -0.48522815
0.21469573 -0.34270456 -0.12243083 -0.64606603 0.81582691 -0.80559158 -0.30542847 0.09841478
0.81664777 1.39507804 0.39728534 -0.07151748 -0.41952858 -0.07931194 0.56521237 -0.13161158
0.41536842 -0.49252805 -0.19819759 -0.72666010 -0.28307216 -0.42607633 -0.58637434 -1.16269250
-0.45813485 0.47185415 -0.24497789 0.42338001 0.52826925 0.63765975 -0.15916168 -0.49195538
0.17987250 -0.38957432 0.38790581 0.37874440 0.25736813 0.08453364 0.04819822 -0.75244472
0.81998849 -0.31719290 0.26658317 0.22391181 -0.22663470 -0.18179180 0.87839683 -0.04690660
0.27207260 -0.52164895 -0.25836260 -0.36400176 -0.09914308 0.41839912 0.66897624 -0.02538061
1.16168453 0.41550512 -0.31130847 0.48645774 0.01328130 -0.58364377 0.21908576 -0.21501236
0.04594975 0.21711793 -0.00605324 -0.32845377 0.46415866 -0.88920498 -0.44072473 0.37063304
0.63815136 -0.39861975 0.29748356 0.20203899 0.84990770 0.37438474 -0.26910111 -0.22156267
0.96666139 0.38263591 0.40364191 0.66393470 -0.72364970 0.19312281 -0.00391225 -0.47095179
0.08154902 0.67222468 -0.09463662 -0.60090895 0.25550216 1.45961005 -0.73406060 0.09012768
0.57870916 -0.60303400 1.14725484 -0.78995846 0.09236591 -0.35345454 0.00943694 0.06735305
-0.34098678 -0.41916576 -0.09966700 0.20782339 0.24419701 0.22145283 -0.11082871 1.24798603
-0.01444686 0.86851799 -0.82804798 0.00766912 -0.73739019 0.22617678 -0.23851377 -0.51765069
-0.83533386 -0.35410598 0.65356622 -0.03202261 -0.82178966 -0.31063567 0.35472900 0.10604679
-0.38000048 0.95246445 -1.03343152 1.11671715 -0.40779899 0.46952340 -0.21415380 0.49479294
-0.20991853 -0.57142371 -0.45322991 1.10094860 -0.54988673 -0.10554986 -0.16448363 -0.10743612
-0.41508875 -0.59317006 -0.59654121 -0.01838401 -0.35267416 0.15685024 0.27089259 0.56493575
-0.94852295 0.02189753 -0.13803703 -0.35607948 0.37116711 -0.93060807 0.30773989 0.28919736
-0.38879276 -0.66222466 0.50081079 -0.51884986 -0.62793949 0.41595570 -0.12246447 0.47411942
0.31998105 -0.08516535 -0.07767236 0.44322755 -0.04220574 0.66564626 0.37786614 0.81129045
0.68990445 -0.52055936 -0.15753647 0.40537773 0.35205362 -0.20057319 0.07931264 -0.44798441
0.48366816 -0.09696454 0.12819882 -0.83284513 0.36313213 0.17135187 0.38324596 -0.03186628
0.78815573 0.12589015 -0.63115804 -0.15860005 -0.07541171 0.40677488 0.19881296 0.41554593
-0.12230723 -0.21768742 -0.44253541 -0.60849755 0.35639567 0.24193963 -0.43583717 0.02661561
0.03224458 -0.31556841 0.55416680 -0.22317328 0.48639626 0.16496729 -0.92141234 -0.42526163
