-0.63671403 0.36833364 -0.31055165 -0.00074265 -0.27083719 -0.55631975 0.26157596 0.05401657
-0.05488533 0.50699762 -0.08746838 -0.73928424 -0.50659010 -0.56039802 0.49982897 -0.51938758
0.14041020 0.03643597 0.68713581 -0.16305349 0.54213986 -0.04992584 -0.46863178 -0.28252226
-0.72577872 -0.31517610 -0.21819681 0.59644700 0.10816274 -0.16195353 0.41671460 0.10226147
-0.07757486 -0.03627954 -0.44060430 -0.31653299 -0.35149731 0.45104968 -0.27707664 0.13246417
-0.31628904 0.44865586 -0.16729733 -1.14549266 -0.24217301 0.19999399 0.19300019 0.60167285
0.03930961 0.99475750 -0.14045967 0.24734748 -0.69431069 0.12072195 0.05572390 0.01344262
-0.53212360 -0.25736474 0.16849895 -0.01164463 0.66913903 0.74764665 0.01255771 0.33421757
0.34653421 0.61893906 0.07357940 -0.42261826 0.53852767 0.09311328 0.37063850 -0.03132238
-0.19904465 0.50364825 -0.76621606 -0.04373527 -0.33831263 -0.88831861 -0.21501991 0.54006285
-0.80604547 0.10169931 0.54831612 -0.75899056 0.29827023 0.19355631 -0.30149082 0.88627104
-0.13295639 -0.62847091 0.07562381 -0.00412821 -0.45369097 0.13602515 0.13391251 0.23664965
0.01619002 0.61987015 -0.69745652 -0.07847180 -0.58206060 -0.58535040 -0.06696368 0.72919491
-0.45014615 -1.06822226 0.17949216 -1.15281861 -0.19730122 0.63004980 -0.01891904 0.20726123
0.86806061 0.77483326 0.20520192 0.12338461 0.05487381 0.16515749 0.70486944 -0.39869140
-0.51275709 -0.09955651 -0.28136877 0.45281317 -0.50293239 0.64306024 0.01655699 1.12065008
-0.75560704 0.23635505 -0.50436947 -0.28542271 0.35421430 0.08063028 0.10815726 0.35329659
-0.41298893 0.43732006 -0.40094509 -0.24822219 0.29057271 -0.37326475 -0.73989680 -0.24514829
1.14931015 0.08796968 1.18030825 0.06282180 -0.41932274 -0.33194363 -1.18200568 -0.41227088
0.75797355 0.03749643 -0.80961623 -0.29677029 -0.26523100 0.40783676 0.27328512 0.37791496
0.03253286 0.44317182 0.57551258 0.20930711 -0.14368321 0.18644870 0.65552641 0.21682305
-0.03177489 -1.05295370 0.51213330 0.48909609 -0.21140908 0.35433683 -0.19839179 -0.10794762
-1.03180058 -0.49725765 -0.91974210 -0.38042877 -0.15616682 -0.37607232 0.06077390 -0.40011630
-0.54477996 -0.50994317 1.16300521 -0.39896512 -0.37330180 0.38063268 0.94421252 -0.65234092
0.66909402 -0.08825504 -0.95718353 -0.53223437 -0.10653359 -0.27123850 0.27945777 0.90436950
0.25169099 0.49243591 -0.10473189 1.11728748 -0.40618566 0.13850528 0.18398723 0.15620853
-0.18694025 0.67884825 1.00545371 0.03694991 -0.53817244 0.30293575 0.23521656 -0.92840001
-0.15247738 -0.87559295 0.09084666 1.43434453 0.17664994 -0.26574703 -0.18283625 0.52902554
