0.124599 -0.163171 0.099023 -0.042425 0.507217 0.690704 -0.352914 1.007035
0.596139 -0.582988 -0.564217 -0.842377 0.192859 0.069403 -1.332780 0.012526
-0.797069 0.224561 -1.796674 0.808852 -0.040104 -0.265693 -0.365844 0.157086
0.277834 0.610937 -0.079370 0.048745 0.224250 0.331776 -0.772050 -0.643912
0.247965 0.567407 -0.498461 0.547728 -0.231847 -0.491836 -0.470128 1.132720
-0.254318 -1.219978 -0.598971 -0.356409 0.684806 -0.220268 -0.534876 0.629907
-0.747608 -0.345138 -0.405170 0.520673 0.199004 0.730357 -0.187767 -0.196681
-0.384644 -0.756357 0.708110 0.006341 -0.143352 -0.616064 0.161023 0.336474
0.196981 0.056602 0.130742 -0.561630 0.249660 0.299614 -0.099076 -0.384737
-0.264698 -0.021977 -0.443266 0.548439 0.030159 0.380294 0.447959 -0.993480
0.230192 -1.139006 0.454432 -0.299411 -0.027234 -1.396049 0.834817 -0.187771
0.167162 -0.635654 0.451993 -0.336866 -0.386449 -0.038613 0.088556 -0.278994
-0.169785 0.167633 0.112478 0.577094 -0.357935 0.393463 -0.075508 1.345546
-0.082520 0.640385 1.282465 -0.131937 -0.200896 0.664533 -0.248880 -0.190563
0.141365 -0.554708 -0.388459 -0.191200 -0.071714 -0.551130 0.250674 0.095586
0.000984 0.189357 -0.689057 -0.081767 0.041480 -0.386033 -0.179164 -0.272804
0.634315 -0.563475 0.191846 -0.192741 -1.180952 -0.110580 0.150565 -0.558685
0.212939 -0.492932 -1.454714 -0.278517 0.150865 -0.502509 -0.311833 0.039851
0.067183 -0.032370 0.238737 -0.292850 0.170402 -0.185536 0.383254 -0.008374
-0.487916 -0.026532 -1.199172 -0.199960 -0.190616 0.330939 0.438093 -0.362630
0.348445 -0.196541 0.244428 -0.750821 0.264334 -0.709314 0.209976 0.148846
-0.410737 -0.006360 -0.568611 0.205705 -0.344086 -0.025282 0.665158 0.131539
0.668269 0.319720 0.054863 0.868165 0.008863 -0.473706 0.075682 -0.244351
0.256188 -0.005523 0.124712 -0.640762 0.437928 -0.439442 0.016055 -0.527287
0.138977 -0.571707 -0.343630 0.092318 -0.211394 -0.153819 0.682720 0.284125
0.431559 0.424977 -0.439493 0.102948 -0.608206 0.351582 -0.406425 -0.632136
0.305636 0.509549 -0.048520 -0.676718 1.016522 -0.257800 0.479562 0.116568
0.137517 -0.316736 0.569812 -0.057730 0.539732 0.267309 -0.436940 0.662899
