-0.80897942 -0.79604777 0.17610611 -0.25957782 0.82773689 0.16606598 0.08072830 -0.05919407 0.61503668 0.25514440 -1.02291229 1.96479989 0.54688300 -0.80429966 -0.35012737 1.00865313 -1.38992948 0.35175740 3.06245179 0.22663823 1.21115224 -1.11320632 0.92938989 -0.85503309 -0.43014072 0.11060064 -0.12197342 -1.17413937
0.00000000 -0.38519297 -0.98422875 1.03320206 -1.57544617 -0.83046562 -0.07919168 1.96882255 0.28264686 1.74623134 -0.39922639 -0.49439374 -1.38663036 0.72642408 -1.39027462 0.56357332 -1.33324458 0.56048407 1.05162661 -0.18286802 0.29852966 0.01270934 -0.01345511 -0.74927055 -0.57415663 1.41303702 0.05149423 0.84722283
0.00000000 0.00000000 1.63286279 -0.79923029 1.21637871 -1.89277007 -0.50859014 -0.87009500 0.26999944 -1.00506746 -0.36658781 0.62424322 -1.14799308 0.24622323 -0.26094587 -0.64016858 0.06377197 0.98874768 -1.05611368 0.01815347 0.26460949 -0.89885926 -0.14433399 1.25090247 0.08838723 0.82491440 0.45342927 -0.25367182
0.00000000 0.00000000 0.00000000 0.99204696 1.51677322 -1.64542470 -0.54599437 0.23381496 -0.36844867 -0.38402431 1.88864178 -0.53547699 0.16947100 -1.27892003 -0.02004218 1.24221976 1.09410554 0.00003047 0.78641387 1.26090904 -0.66958977 0.55217059 0.33206695 0.09793916 0.15227377 0.87828397 0.46302342 0.86180846
0.00000000 0.00000000 0.00000000 0.00000000 -1.28016734 0.62697263 -0.58467776 -0.24539872 0.07095257 -1.67449632 -0.32431718 -0.27229226 -0.10652131 -0.83604475 0.15245954 -0.46650702 -0.15322794 -1.24178933 -1.48571363 -0.04556596 0.29814483 0.41529566 1.95273117 0.43040245 -1.20120788 0.01059351 0.12718511 -1.42356957
0.00000000 0.00000000 0.00000000 0.00000000 0.00000000 -0.10122213 0.83179398 -1.77903003 0.29356724 0.13822166 -0.60902168 -1.50608090 0.89344126 -0.96424130 -2.30917343 1.20816569 -0.18342363 1.83954239 -0.40292522 0.31395483 -0.40308405 -0.31499969 -0.55410288 0.43004886 -1.16861415 -0.86392829 -1.10824728 0.13616881
0.00000000 0.00000000 0.00000000 0.00000000 0.00000000 0.00000000 -0.36829032 0.40435860 0.57475611 -0.78762708 0.58019303 -0.89964921 -1.23002877 2.23212485 -0.51091537 -0.66584105 -0.93391235 -1.52495679 -0.17282346 -0.30523614 1.08325314 0.53760461 1.01809955 0.95086107 0.53732618 0.06391360 -0.78086497 -0.99972208
0.00000000 0.00000000 0.00000000 0.00000000 0.00000000 0.00000000 0.00000000 0.79440557 0.02435823 0.35458306 0.34913243 -1.84130880 -0.28812021 1.07984109 -1.51537164 -0.70029395 -0.01802911 -0.29752339 -1.55904999 1.18660497 2.33632778 -0.05919084 0.44677262 1.44687125 0.69518080 -0.19501628 0.02578424 -0.25286525
0.00000000 0.00000000 0.00000000 0.00000000 0.00000000 0.00000000 0.00000000 0.00000000 0.62618831 -0.50303685 -0.12606245 -0.02779977 0.21446842 -0.00607116 -1.07961954 0.30410563 -0.79336331 0.93938360 -0.36081403 0.09479174 -0.07314625 1.86282336 -1.91331934 -0.47184309 -0.86222718 -0.90904245 0.55539988 0.36934269
0.00000000 0.00000000 0.00000000 0.00000000 0.00000000 0.00000000 0.00000000 0.00000000 0.00000000 0.64718380 0.92005833 -0.77551092 -1.64817985 -1.04961766 -0.23232147 1.06273974 0.26321717 -0.19094071 1.62530947 -1.16685912 -0.01896086 0.10395073 2.47383738 1.31945568 0.35157865 0.77785322 -0.80208751 0.91556290
0.00000000 0.00000000 0.00000000 0.00000000 0.00000000 0.00000000 0.00000000 0.00000000 0.00000000 0.00000000 1.33636126 0.12817431 -0.42042912 -0.45001831 0.13629680 -0.25385952 0.04174266 -0.88763823 0.10741929 -0.45105072 -0.71425399 -0.07485077 -1.25770104 1.62313529 -1.18938933 0.23226016 -1.13087690 -0.69789861
0.00000000 0.00000000 0.00000000 0.00000000 0.00000000 0.00000000 0.00000000 0.00000000 0.00000000 0.00000000 0.00000000 0.27096313 -0.89319981 1.11908241 -1.22715381 -1.24040220 -0.25571986 -1.12292956 1.24694708 0.58662457 0.73857094 -1.65889056 1.25041993 -0.08935454 -0.50324719 -0.58880116 -1.90007570 0.30205725
0.00000000 0.00000000 0.00000000 0.00000000 0.00000000 0.00000000 0.00000000 0.00000000 0.00000000 0.00000000 0.00000000 0.00000000 -0.02643034 1.13660041 0.42938670 -0.69199619 -1.86560753 -0.25083612 0.39575722 0.77251353 0.36275603 -2.15153432 -0.16484028 -2.38628988 0.16999864 0.31197122 -0.82290985 1.33062414
0.00000000 0.00000000 0.00000000 0.00000000 0.00000000 0.00000000 0.00000000 0.00000000 0.00000000 0.00000000 0.00000000 0.00000000 0.00000000 0.36653996 0.88175662 -1.77768261 -1.00526533 0.72010637 -0.54287708 0.80715831 0.58089820 1.01428461 -0.82640603 -1.44983492 1.88453351 0.57354664 -1.72535173 1.51766408
0.00000000 0.00000000 0.00000000 0.00000000 0.00000000 0.00000000 0.00000000 0.00000000 0.00000000 0.00000000 0.00000000 0.00000000 0.00000000 0.00000000 -0.42448889 0.49066349 -0.51653737 -0.00730011 -0.38114806 -1.08244528 -0.67953097 -0.07179317 -0.10934786 -0.76481051 1.43014007 0.64487074 1.55396406 -0.17974696
0.00000000 0.00000000 0.00000000 0.00000000 0.00000000 0.00000000 0.00000000 0.00000000 0.00000000 0.00000000 0.00000000 0.00000000 0.00000000 0.00000000 0.00000000 0.11687919 0.22676243 -1.17545142 -0.37681794 1.25970525 -0.54442623 0.73660869 0.56289182 0.64522161 -1.14710909 -0.52065086 -1.01528848 -1.11897244
0.00000000 0.00000000 0.00000000 0.00000000 0.00000000 0.00000000 0.00000000 0.00000000 0.00000000 0.00000000 0.00000000 0.00000000 0.00000000 0.00000000 0.00000000 0.00000000 1.54639763 -0.63511233 0.35228212 1.10344699 0.12830926 0.55229150 0.01182337 -0.46223211 2.24713600 0.95524181 0.68716968 -1.04405461
0.00000000 0.00000000 0.00000000 0.00000000 0.00000000 0.00000000 0.00000000 0.00000000 0.00000000 0.00000000 0.00000000 0.00000000 0.00000000 0.00000000 0.00000000 0.00000000 0.00000000 0.98104929 -0.49878640 -0.00740912 0.57951949 0.93574938 -1.39841153 0.07835877 0.13524956 -1.49534727 1.89463463 -0.62963851
0.00000000 0.00000000 0.00000000 0.00000000 0.00000000 0.00000000 0.00000000 0.00000000 0.00000000 0.00000000 0.00000000 0.00000000 0.00000000 0.00000000 0.00000000 0.00000000 0.00000000 0.00000000 0.20076894 -0.35746512 0.89184998 1.62566593 0.15067030 0.48547274 -1.22509749 0.23230580 -0.11251437 -0.44253160
0.00000000 0.00000000 0.00000000 0.00000000 0.00000000 0.00000000 0.00000000 0.00000000 0.00000000 0.00000000 0.00000000 0.00000000 0.00000000 0.00000000 0.00000000 0.00000000 0.00000000 0.00000000 0.00000000 -0.37899424 0.86285257 0.39166876 0.42244457 0.90635099 -0.18293964 -0.21497472 0.19922953 0.03288068
0.00000000 0.00000000 0.00000000 0.00000000 0.00000000 0.00000000 0.00000000 0.00000000 0.00000000 0.00000000 0.00000000 0.00000000 0.00000000 0.00000000 0.00000000 0.00000000 0.00000000 0.00000000 0.00000000 0.00000000 -0.61318412 -1.01503806 -0.14013492 -0.78478038 -1.12012691 -1.54659413 -0.29926755 0.35064551
0.00000000 0.00000000 0.00000000 0.00000000 0.00000000 0.00000000 0.00000000 0.00000000 0.00000000 0.00000000 0.00000000 0.00000000 0.00000000 0.00000000 0.00000000 0.00000000 0.00000000 0.00000000 0.00000000 0.00000000 0.00000000 -0.74397967 -0.06693342 -1.70837637 -0.10011331 -0.44890351 -0.20354930 -0.47423748
0.00000000 0.00000000 0.00000000 0.00000000 0.00000000 0.00000000 0.00000000 0.00000000 0.00000000 0.00000000 0.00000000 0.00000000 0.00000000 0.00000000 0.00000000 0.00000000 0.00000000 0.00000000 0.00000000 0.00000000 0.00000000 0.00000000 -0.43133821 0.32636305 -1.51379546 0.72330089 -2.17064975 -0.03276405
0.00000000 0.00000000 0.00000000 0.00000000 0.00000000 0.00000000 0.00000000 0.00000000 0.00000000 0.00000000 0.00000000 0.00000000 0.00000000 0.00000000 0.00000000 0.00000000 0.00000000 0.00000000 0.00000000 0.00000000 0.00000000 0.00000000 0.00000000 -0.13047843 -2.31694376 0.65463425 -0.29817336 -0.89426934
0.00000000 0.00000000 0.00000000 0.00000000 0.00000000 0.00000000 0.00000000 0.00000000 0.00000000 0.00000000 0.00000000 0.00000000 0.00000000 0.00000000 0.00000000 0.00000000 0.00000000 0.00000000 0.00000000 0.00000000 0.00000000 0.00000000 0.00000000 0.00000000 -0.11962550 -0.70299390 -0.22777082 -0.14288371
0.00000000 0.00000000 0.00000000 0.00000000 0.00000000 0.00000000 0.00000000 0.00000000 0.00000000 0.00000000 0.00000000 0.00000000 0.00000000 0.00000000 0.00000000 0.00000000 0.00000000 0.00000000 0.00000000 0.00000000 0.00000000 0.00000000 0.00000000 0.00000000 0.00000000 1.11654583 -0.88820967 -0.75822730
0.00000000 0.00000000 0.00000000 0.00000000 0.00000000 0.00000000 0.00000000 0.00000000 0.00000000 0.00000000 0.00000000 0.00000000 0.00000000 0.00000000 0.00000000 0.00000000 0.00000000 0.00000000 0.00000000 0.00000000 0.00000000 0.00000000 0.00000000 0.00000000 0.00000000 0.00000000 -0.83390764 1.57660199
0.00000000 0.00000000 0.00000000 0.00000000 0.00000000 0.00000000 0.00000000 0.00000000 0.00000000 0.00000000 0.00000000 0.00000000 0.00000000 0.00000000 0.00000000 0.00000000 0.00000000 0.00000000 0.00000000 0.00000000 0.00000000 0.00000000 0.00000000 0.00000000 0.00000000 0.00000000 0.00000000 1.73052980
