1.02304048 0.26729369 -1.14379667 0.81833730 -0.27891264 1.80282433 1.54425313 -0.44725767 0.59970090 -0.99839451 1.07847140 -0.12718705 0.84699850 -0.56377719 -2.04617683 -1.00488911 -0.46104420 0.56880393 1.60209641 -0.62794850 2.01902330 0.74295279 -1.46234505 -0.54878460 -0.63718627 -0.04295871 -0.93858632 -2.26655557
0.00000000 2.14806579 -0.13699390 -0.78959670 -0.90007061 0.54598239 -0.08083425 -0.83543162 0.69253141 -0.82743197 0.62993504 3.04484945 0.66253518 -1.12512955 1.05267059 -0.72306123 0.97691370 -0.36672772 -2.26046066 -0.60610109 0.78624537 0.84406993 0.83472072 -0.25295426 0.44830442 0.24772487 0.46764678 2.85647148
0.00000000 0.00000000 -1.04078955 -1.55301697 -0.08748087 -1.77659645 -0.75109042 0.63422915 1.55159038 -0.10826539 -1.56653886 1.22694571 -0.08419976 1.27594325 -0.39699866 0.02796984 1.79744073 -1.11965393 -0.78456125 0.04557169 0.36347451 -0.55387297 -0.30488566 0.57376653 -1.83754751 -0.56782193 0.06712905 1.12084361
0.00000000 0.00000000 0.00000000 -1.39425649 -0.93352493 -0.36566492 0.10767460 0.34795922 -1.26931531 -0.05248643 -0.15063539 -1.37180108 -0.19613181 0.36414209 -1.53810696 -0.24377455 -0.61616269 0.28423115 0.40274929 -0.51302866 1.56073320 -0.64374450 0.07010609 -1.93453112 -0.40746836 1.34457367 -1.22730876 -0.40290314
0.00000000 0.00000000 0.00000000 0.00000000 1.45583780 0.26722757 -0.26544694 0.36348924 0.27238536 0.43978121 -0.71624182 -0.35819502 0.26547011 0.02523798 -1.16800761 -0.73138445 0.38568948 -0.22069094 1.44131158 -1.08392800 0.84411409 2.97388187 -0.05316930 -0.25085033 -0.05052823 -0.91848223 1.27566231 -1.40102578
0.00000000 0.00000000 0.00000000 0.00000000 0.00000000 -0.17033245 2.00747741 -2.01518651 -0.75019511 -1.72826882 0.12868663 0.20756776 -0.68314699 -0.56190320 1.06484424 -0.07251138 0.83001899 0.40010950 -1.32376043 -1.24569848 0.44585596 -1.96998215 -0.14932463 0.74898377 -0.43035880 0.57670747 2.22925114 0.77487714
0.00000000 0.00000000 0.00000000 0.00000000 0.00000000 0.00000000 -0.00008282 0.07710639 2.04014808 -1.73993003 0.38025336 1.71142127 -0.27544717 0.57372343 -1.67360729 0.38352622 -0.12412055 -1.15638977 -1.07328960 -1.07731274 1.38663272 0.86186471 0.00319445 -0.02706131 0.01262973 0.81212042 -0.30042814 0.22772607
0.00000000 0.00000000 0.00000000 0.00000000 0.00000000 0.00000000 0.00000000 0.80763853 0.37223935 -1.08800282 0.06800181 -1.21874410 0.70804631 1.37817093 2.02993330 0.54309376 1.32702247 -1.29695161 -0.05580960 1.60127018 0.39117485 -0.58632369 0.61067727 -0.72533028 -0.89269585 -1.54457987 -2.49747281 -0.30916721
0.00000000 0.00000000 0.00000000 0.00000000 0.00000000 0.00000000 0.00000000 0.00000000 0.09958243 -1.58335224 -0.26150178 1.24616790 0.17308907 1.21612345 0.94049444 0.46234127 0.95723358 0.73108474 0.58476216 0.72570088 -0.09425524 -0.04155006 -0.92514032 -0.32049415 0.53473493 -0.11350695 -2.01711414 0.61192046
0.00000000 0.00000000 0.00000000 0.00000000 0.00000000 0.00000000 0.00000000 0.00000000 0.00000000 -0.96463714 -0.61264084 -0.83852786 -0.02624502 -1.75975030 0.79117876 -1.78919348 1.10408406 1.24705400 0.76959139 -0.77269831 -0.93463459 2.34199010 -1.51237192 -0.27255495 0.22709166 -0.19448514 -0.42710873 -1.32358054
0.00000000 0.00000000 0.00000000 0.00000000 0.00000000 0.00000000 0.00000000 0.00000000 0.00000000 0.00000000 -0.66269488 -1.67918719 0.22866278 1.68733306 -0.15468225 0.70730027 -0.63990073 0.84265971 -0.22553030 0.81565843 0.77314951 -0.47674382 1.21748093 0.27864605 -0.91502055 -0.02498671 -0.42100076 1.63669088
0.00000000 0.00000000 0.00000000 0.00000000 0.00000000 0.00000000 0.00000000 0.00000000 0.00000000 0.00000000 0.00000000 -2.06363062 0.64316960 -1.34472452 -0.02714631 -0.47336732 0.11897029 -0.66153995 -0.22454454 -0.77233935 -1.65731730 1.22341987 0.85011615 -0.42827298 0.42996082 -0.69001666 -0.84474029 1.12837716
0.00000000 0.00000000 0.00000000 0.00000000 0.00000000 0.00000000 0.00000000 0.00000000 0.00000000 0.00000000 0.00000000 0.00000000 0.48860372 1.17505843 -0.75436795 -0.26170671 -1.27417483 -0.67209208 0.82956799 -0.89260634 -1.00095049 1.56635397 0.15598314 0.96383782 0.92693466 0.30320963 -0.66479329 -1.35537233
0.00000000 0.00000000 0.00000000 0.00000000 0.00000000 0.00000000 0.00000000 0.00000000 0.00000000 0.00000000 0.00000000 0.00000000 0.00000000 -0.02112960 0.17855191 0.07929430 0.06467128 0.55559653 -0.53113174 -0.59155683 0.57885136 0.15535079 0.41281935 -0.95602895 -0.85063162 -0.34508465 -0.66723634 1.09529414
0.00000000 0.00000000 0.00000000 0.00000000 0.00000000 0.00000000 0.00000000 0.00000000 0.00000000 0.00000000 0.00000000 0.00000000 0.00000000 0.00000000 -0.33263058 0.95566430 0.08235440 -0.88274248 -0.36429809 -0.26405821 -0.46420625 -0.17164898 -0.95084810 1.86205528 -0.09590381 -0.34092895 0.46891887 0.31022278
0.00000000 0.00000000 0.00000000 0.00000000 0.00000000 0.00000000 0.00000000 0.00000000 0.00000000 0.00000000 0.00000000 0.00000000 0.00000000 0.00000000 0.00000000 0.29991645 -0.50876779 -0.98481485 -0.54590427 1.03734134 -0.48278187 -0.94002509 -0.60610024 -0.77843189 -1.67105141 0.89852291 0.24515321 -0.12178584
0.00000000 0.00000000 0.00000000 0.00000000 0.00000000 0.00000000 0.00000000 0.00000000 0.00000000 0.00000000 0.00000000 0.00000000 0.00000000 0.00000000 0.00000000 0.00000000 0.14289616 -1.49210688 -0.04085719 0.48284650 0.73255963 0.17209136 -0.09265225 1.10268898 0.86676782 -0.10686016 0.68232538 0.44057415
0.00000000 0.00000000 0.00000000 0.00000000 0.00000000 0.00000000 0.00000000 0.00000000 0.00000000 0.00000000 0.00000000 0.00000000 0.00000000 0.00000000 0.00000000 0.00000000 0.00000000 1.07826269 0.23869701 0.12951832 -0.66596934 -0.72082855 -0.22560067 1.26941553 -0.93833617 0.18353432 -1.76179740 -2.01248122
0.00000000 0.00000000 0.00000000 0.00000000 0.00000000 0.00000000 0.00000000 0.00000000 0.00000000 0.00000000 0.00000000 0.00000000 0.00000000 0.00000000 0.00000000 0.00000000 0.00000000 0.00000000 1.43591950 0.36041320 0.02571412 -0.51866426 0.06842446 0.58887616 1.79044468 -1.27753312 -0.48407495 1.64724059
0.00000000 0.00000000 0.00000000 0.00000000 0.00000000 0.00000000 0.00000000 0.00000000 0.00000000 0.00000000 0.00000000 0.00000000 0.00000000 0.00000000 0.00000000 0.00000000 0.00000000 0.00000000 0.00000000 -0.84586516 -0.35232018 1.50457630 0.15769994 0.49269069 -0.86971035 0.47827551 0.93251119 -0.30446890
0.00000000 0.00000000 0.00000000 0.00000000 0.00000000 0.00000000 0.00000000 0.00000000 0.00000000 0.00000000 0.00000000 0.00000000 0.00000000 0.00000000 0.00000000 0.00000000 0.00000000 0.00000000 0.00000000 0.00000000 -0.21068092 -0.51764561 -1.65371337 0.57562533 -0.19868228 -1.75700205 0.27736951 0.48722949
0.00000000 0.00000000 0.00000000 0.00000000 0.00000000 0.00000000 0.00000000 0.00000000 0.00000000 0.00000000 0.00000000 0.00000000 0.00000000 0.00000000 0.00000000 0.00000000 0.00000000 0.00000000 0.00000000 0.00000000 0.00000000 0.47634137 0.19864613 -0.41801079 0.83158031 -1.51525029 0.33278028 -1.21895514
0.00000000 0.00000000 0.00000000 0.00000000 0.00000000 0.00000000 0.00000000 0.00000000 0.00000000 0.00000000 0.00000000 0.00000000 0.00000000 0.00000000 0.00000000 0.00000000 0.00000000 0.00000000 0.00000000 0.00000000 0.00000000 0.00000000 -1.47937818 -0.25117755 -0.67304494 -0.30906400 0.89554570 -0.00196691
0.00000000 0.00000000 0.00000000 0.00000000 0.00000000 0.00000000 0.00000000 0.00000000 0.00000000 0.00000000 0.00000000 0.00000000 0.00000000 0.00000000 0.00000000 0.00000000 0.00000000 0.00000000 0.00000000 0.00000000 0.00000000 0.00000000 0.00000000 1.73080889 -0.03464834 -1.32922040 -0.06696198 0.58085913
0.00000000 0.00000000 0.00000000 0.00000000 0.00000000 0.00000000 0.00000000 0.00000000 0.00000000 0.00000000 0.00000000 0.00000000 0.00000000 0.00000000 0.00000000 0.00000000 0.00000000 0.00000000 0.00000000 0.00000000 0.00000000 0.00000000 0.00000000 0.00000000 -0.50876967 -1.68971321 -0.15300572 -0.42553608
0.00000000 0.00000000 0.00000000 0.00000000 0.00000000 0.00000000 0.00000000 0.00000000 0.00000000 0.00000000 0.00000000 0.00000000 0.00000000 0.00000000 0.00000000 0.00000000 0.00000000 0.00000000 0.00000000 0.00000000 0.00000000 0.00000000 0.00000000 0.00000000 0.00000000 -0.17283941 -1.78943360 -2.18670304
0.00000000 0.00000000 0.00000000 0.00000000 0.00000000 0.00000000 0.00000000 0.00000000 0.00000000 0.00000000 0.00000000 0.00000000 0.00000000 0.00000000 0.00000000 0.00000000 0.00000000 0.00000000 0.00000000 0.00000000 0.00000000 0.00000000 0.00000000 0.00000000 0.00000000 0.00000000 0.34847006 0.04859901
0.00000000 0.00000000 0.00000000 0.00000000 0.00000000 0.00000000 0.00000000 0.00000000 0.00000000 0.00000000 0.00000000 0.00000000 0.00000000 0.00000000 0.00000000 0.00000000 0.00000000 0.00000000 0.00000000 0.00000000 0.00000000 0.00000000 0.00000000 0.00000000 0.00000000 0.00000000 0.00000000 -1.57069433
