-0.01970411 1.80497270 -0.20771413 1.11505835 -0.99436541 -0.10259665 0.48409981 0.75477439 1.75038110 -1.24360190 0.69555013 0.23138994 1.11156839 -2.02029896 -0.77489619 -0.30766321 -1.71633615 0.34790626 -1.08529321 0.19793512 2.22001827 0.59646112 -1.52878630 -0.78010480 -0.34778313 -0.09782187 0.09795679 2.35282001
0.00000000 -0.45429852 -1.05740834 0.21836334 -0.51984243 -2.48477473 -1.33343019 -0.83894155 -0.25990639 1.16175863 -0.42800347 -1.41876155 0.55490148 0.17215118 0.02857232 1.17558463 -1.32204241 -0.38562220 -0.60790995 -0.84886414 0.55943256 -0.71376552 -0.18439233 -0.64087701 -1.68534862 -0.38083313 0.62957160 -0.71915536
0.00000000 0.00000000 1.99759490 -0.53531261 -0.91664811 -0.61672833 0.38217012 -0.53797053 -1.82775251 0.86052808 1.01443672 1.18632584 0.93297813 0.31228582 -0.35215813 -0.36988684 -0.70335459 -1.07620331 -0.51442661 -0.58792452 1.10882412 -0.61864954 0.43417475 -0.06129937 0.25217535 -1.11366583 0.72383143 0.07896830
0.00000000 0.00000000 0.00000000 0.62769282 1.38248976 0.05958812 -1.39499896 1.34017001 -0.20974473 -0.27392830 -2.32350726 -1.27372636 0.99086375 0.56721496 -0.76221863 -0.07805229 -0.94237746 -0.16742516 0.15070191 1.86083864 1.89244162 -1.36728602 -0.88931451 0.64390049 -0.56366046 0.47547802 -0.27483701 -1.26883442
0.00000000 0.00000000 0.00000000 0.00000000 -1.89256204 -0.35514742 0.43268537 -1.04347811 0.91913833 -1.52789794 -1.09613325 0.38282209 0.39590785 2.00716760 -0.05700985 1.48343960 1.32376150 0.99378498 -0.14051495 0.58273040 -0.48465811 0.47795728 -0.68311711 -0.46533416 -1.77152354 -0.07312016 -2.19444628 -1.91181540
0.00000000 0.00000000 0.00000000 0.00000000 0.00000000 -0.89665583 -0.09642645 0.09460856 1.43240610 0.13896944 1.41157413 0.93026570 -0.41918666 -0.82652985 1.51888973 -2.19338661 0.07127064 -1.70760459 -0.77885751 1.05791900 -1.28901405 -0.87171928 -0.31806615 1.20749751 1.04975425 0.45254792 0.26768604 0.63321185
0.00000000 0.00000000 0.00000000 0.00000000 0.00000000 0.00000000 -0.84670457 -1.28429232 1.35887701 0.05490409 -2.33841035 -0.31912888 1.12601953 0.08713394 1.26455122 0.09722570 -0.26891915 0.06378732 -0.50349760 1.55269906 -0.53541366 -1.37229412 -0.81868231 -1.91169283 -0.28426920 -0.63857916 1.43392062 -0.63101637
0.00000000 0.00000000 0.00000000 0.00000000 0.00000000 0.00000000 0.00000000 -0.39646837 -0.99296796 -0.32299125 0.22730720 -1.77248614 0.47561873 -2.16235268 -0.33776586 -0.06767283 0.58843581 1.29676284 2.27049213 -1.66461438 0.44252007 1.18013297 -0.68221580 0.21822235 1.13583457 -0.17654855 1.27047162 0.08926480
0.00000000 0.00000000 0.00000000 0.00000000 0.00000000 0.00000000 0.00000000 0.00000000 -0.52406427 0.16319769 -0.56242038 0.98584269 -1.09045459 -0.42782511 0.78187448 1.23418143 0.38927245 -0.49401705 -0.68669154 -0.34972901 2.16551775 -0.14805870 0.83054199 0.66995793 1.10772715 1.38361477 -0.51892374 0.28788177
0.00000000 0.00000000 0.00000000 0.00000000 0.00000000 0.00000000 0.00000000 0.00000000 0.00000000 -0.10059431 1.07167938 2.99933746 1.17806876 1.67198725 -1.74082197 0.43364811 0.27211837 -2.05147764 -0.29505474 -0.05201246 -0.04586691 -0.34504233 -0.90558622 0.10851647 1.79585093 -0.86385370 -1.53638532 -1.04048574
0.00000000 0.00000000 0.00000000 0.00000000 0.00000000 0.00000000 0.00000000 0.00000000 0.00000000 0.00000000 -1.64133763 -0.43893655 -2.06507601 -2.39960027 1.59268338 1.63785752 1.18714968 -0.88433474 0.65471867 -0.05774454 -1.29921483 -0.03313675 0.16887772 0.71446618 -0.74628303 0.87494775 -0.32148406 -0.32055650
0.00000000 0.00000000 0.00000000 0.00000000 0.00000000 0.00000000 0.00000000 0.00000000 0.00000000 0.00000000 0.00000000 0.14413631 2.09771432 -1.42212476 0.30797842 0.39089324 -0.40843148 -0.90260727 0.67828775 1.06751220 -1.13269301 -0.98421915 -0.68712919 0.17913054 1.13335507 -1.79476473 0.33728440 -2.02278595
0.00000000 0.00000000 0.00000000 0.00000000 0.00000000 0.00000000 0.00000000 0.00000000 0.00000000 0.00000000 0.00000000 0.00000000 0.44897206 0.93076980 -0.25173819 -0.92782861 -0.83851754 -0.62392617 -1.38030137 -0.79124276 1.10224788 -0.46049025 0.74629356 1.35929536 2.71653499 -1.66406954 -0.26018022 -1.34811529
0.00000000 0.00000000 0.00000000 0.00000000 0.00000000 0.00000000 0.00000000 0.00000000 0.00000000 0.00000000 0.00000000 0.00000000 0.00000000 -1.44399814 0.09647633 -0.11132018 1.42452986 2.59125969 -1.74304806 -0.83936112 -0.73672737 1.37109333 0.69794876 0.48614305 0.47884263 -0.50726597 -1.06602149 1.54287118
0.00000000 0.00000000 0.00000000 0.00000000 0.00000000 0.00000000 0.00000000 0.00000000 0.00000000 0.00000000 0.00000000 0.00000000 0.00000000 0.00000000 0.33833134 -0.12266965 1.69850493 1.74027648 -0.27419837 -0.78300706 -0.06872785 0.39641359 -0.71118899 -0.02855058 1.91165284 0.00062006 0.88052362 1.16162319
0.00000000 0.00000000 0.00000000 0.00000000 0.00000000 0.00000000 0.00000000 0.00000000 0.00000000 0.00000000 0.00000000 0.00000000 0.00000000 0.00000000 0.00000000 -0.89199508 -0.18397728 1.10924877 0.82708191 -0.68965175 -0.75522098 -0.43425775 -0.18608102 0.03486952 0.33632198 0.03367811 -0.28909222 0.70026131
0.00000000 0.00000000 0.00000000 0.00000000 0.00000000 0.00000000 0.00000000 0.00000000 0.00000000 0.00000000 0.00000000 0.00000000 0.00000000 0.00000000 0.00000000 0.00000000 0.85651178 0.53020221 -0.14771677 1.29913547 -1.36262895 0.60396728 -0.92358232 0.55815126 -0.18147741 0.31885070 0.07553481 -0.63147127
0.00000000 0.00000000 0.00000000 0.00000000 0.00000000 0.00000000 0.00000000 0.00000000 0.00000000 0.00000000 0.00000000 0.00000000 0.00000000 0.00000000 0.00000000 0.00000000 0.00000000 -1.29115886 -0.04945555 -0.90391484 -0.31574337 0.35260633 0.32025215 -1.42974672 -0.07977827 0.68087010 -1.11404736 -2.21246021
0.00000000 0.00000000 0.00000000 0.00000000 0.00000000 0.00000000 0.00000000 0.00000000 0.00000000 0.00000000 0.00000000 0.00000000 0.00000000 0.00000000 0.00000000 0.00000000 0.00000000 0.00000000 -0.70573744 0.35894550 -0.62560988 1.10628984 -1.66078207 0.46891491 0.50592642 0.57031466 -1.54100797 0.30960817
0.00000000 0.00000000 0.00000000 0.00000000 0.00000000 0.00000000 0.00000000 0.00000000 0.00000000 0.00000000 0.00000000 0.00000000 0.00000000 0.00000000 0.00000000 0.00000000 0.00000000 0.00000000 0.00000000 1.61990908 -0.14685682 -2.31203063 0.99786876 -0.50678846 0.11155264 -0.80140455 -0.54960801 1.23738439
0.00000000 0.00000000 0.00000000 0.00000000 0.00000000 0.00000000 0.00000000 0.00000000 0.00000000 0.00000000 0.00000000 0.00000000 0.00000000 0.00000000 0.00000000 0.00000000 0.00000000 0.00000000 0.00000000 0.00000000 0.91021293 1.25164346 1.41939266 1.44635913 0.31099418 1.19474571 -0.44704747 0.69328375
0.00000000 0.00000000 0.00000000 0.00000000 0.00000000 0.00000000 0.00000000 0.00000000 0.00000000 0.00000000 0.00000000 0.00000000 0.00000000 0.00000000 0.00000000 0.00000000 0.00000000 0.00000000 0.00000000 0.00000000 0.00000000 -1.22143249 -0.33980700 -0.09793918 -0.46820965 -0.75023052 -0.28586253 0.92685376
0.00000000 0.00000000 0.00000000 0.00000000 0.00000000 0.00000000 0.00000000 0.00000000 0.00000000 0.00000000 0.00000000 0.00000000 0.00000000 0.00000000 0.00000000 0.00000000 0.00000000 0.00000000 0.00000000 0.00000000 0.00000000 0.00000000 -0.32494057 -1.93456067 -0.60126161 0.36675061 1.47850195 -0.61078145
0.00000000 0.00000000 0.00000000 0.00000000 0.00000000 0.00000000 0.00000000 0.00000000 0.00000000 0.00000000 0.00000000 0.00000000 0.00000000 0.00000000 0.00000000 0.00000000 0.00000000 0.00000000 0.00000000 0.00000000 0.00000000 0.00000000 0.00000000 -0.49128079 1.21795543 -0.68984167 0.19761691 -0.69171944
0.00000000 0.00000000 0.00000000 0.00000000 0.00000000 0.00000000 0.00000000 0.00000000 0.00000000 0.00000000 0.00000000 0.00000000 0.00000000 0.00000000 0.00000000 0.00000000 0.00000000 0.00000000 0.00000000 0.00000000 0.00000000 0.00000000 0.00000000 0.00000000 -0.49119818 -0.17854736 -0.04812123 1.47775741
0.00000000 0.00000000 0.00000000 0.00000000 0.00000000 0.00000000 0.00000000 0.00000000 0.00000000 0.00000000 0.00000000 0.00000000 0.00000000 0.00000000 0.00000000 0.00000000 0.00000000 0.00000000 0.00000000 0.00000000 0.00000000 0.00000000 0.00000000 0.00000000 0.00000000 -0.24617267 0.70502640 0.59787796
0.00000000 0.00000000 0.00000000 0.00000000 0.00000000 0.00000000 0.00000000 0.00000000 0.00000000 0.00000000 0.00000000 0.00000000 0.00000000 0.00000000 0.00000000 0.00000000 0.00000000 0.00000000 0.00000000 0.00000000 0.00000000 0.00000000 0.00000000 0.00000000 0.00000000 0.00000000 -0.83896331 -0.23626837
0.00000000 0.00000000 0.00000000 0.00000000 0.00000000 0.00000000 0.00000000 0.00000000 0.00000000 0.00000000 0.00000000 0.00000000 0.00000000 0.00000000 0.00000000 0.00000000 0.00000000 0.00000000 0.00000000 0.00000000 0.00000000 0.00000000 0.00000000 0.00000000 0.00000000 0.00000000 0.00000000 -0.58418206
