1.38332960 -0.82663556 -0.58329231 1.22997309 0.07612596 0.71174543 -1.49981541 -0.37428897 0.07560645 2.20371094 0.68533467 0.70252611 0.20039967 0.54690140 -0.51455178 0.01667094 0.67797736 0.13208195 0.31401796 -1.98992795 1.08812897 0.62399497 -0.31764334 1.76298694 -0.62112151 -0.98004159 0.94720266 -0.63060027
0.00000000 0.68837610 -0.34833707 0.40025867 -1.33628177 -0.03488100 0.76628857 0.86230635 0.51948640 -0.84966575 0.93994215 -2.37570377 -2.49058486 -0.13336066 0.82145401 0.51648461 0.90078050 -1.87511033 0.35936448 -0.99478058 -2.14551424 -0.83441770 -0.26550339 -0.62302153 -0.55725965 -0.54507183 -0.32473689 0.52004885
0.00000000 0.00000000 0.07654083 -0.93483077 0.52926451 0.53912222 -1.02459114 0.07739263 1.93191326 -0.35357732 0.40419548 -0.14043984 0.22839020 -1.11016826 1.17066683 0.41257628 0.90122263 1.07389049 1.34456186 1.63253221 -0.01523092 -0.37139106 1.24956220 -1.34438038 -0.67447061 0.51455047 -0.15357486 0.37636506
0.00000000 0.00000000 0.00000000 -1.05270872 1.06403089 0.98236791 0.16826442 0.45800444 0.81032125 -1.01318473 1.26460094 0.24075402 1.16809415 0.81563970 0.22426205 1.03280744 -0.57311915 -0.16843600 0.97538001 0.47766305 1.14151532 -0.04921514 -0.91057281 1.17723292 0.51442922 -0.28651890 1.31727684 0.65122930
0.00000000 0.00000000 0.00000000 0.00000000 0.35890991 0.60663498 -1.17910830 0.40999048 1.07136964 -1.27357958 -0.30141986 -0.47276200 1.46948745 0.18004591 0.66720932 -0.24201245 -0.38235474 -0.74288922 -1.73490063 0.25331207 0.30628085 -0.24452357 -0.97184933 0.84183644 -1.79849089 -0.39597823 2.21633736 0.33132242
0.00000000 0.00000000 0.00000000 0.00000000 0.00000000 -0.02329406 0.05475691 -1.18858261 -0.14713774 -0.76260717 1.02065313 -0.41349633 1.79173083 0.22533193 -0.06862584 -1.03900645 2.00014692 -1.01204702 -0.77356368 -0.21625731 -1.07894902 -0.71438057 0.01292220 0.01276788 1.43413236 -1.13686462 -0.08274205 1.21090523
0.00000000 0.00000000 0.00000000 0.00000000 0.00000000 0.00000000 0.36543212 -0.52707977 2.42868609 1.69616529 0.21522710 -0.21084999 1.06854341 2.00894810 -1.80954802 -0.20076698 -0.52384593 -1.20610296 -0.62358671 -0.96268613 0.60732326 0.06824848 -0.43043696 0.57990187 0.38646095 -0.32451165 -0.68344229 1.07549922
0.00000000 0.00000000 0.00000000 0.00000000 0.00000000 0.00000000 0.00000000 -0.73031313 -0.74651640 -0.32806689 0.04445101 0.82986989 0.99146516 0.65149282 -0.39085678 0.00102267 -0.12071724 0.22742122 -0.97337973 -0.52024155 -1.25604203 0.22100283 -0.77149305 -0.17262287 -0.39373679 0.30144634 0.61048169 1.06334229
0.00000000 0.00000000 0.00000000 0.00000000 0.00000000 0.00000000 0.00000000 0.00000000 0.77536090 -0.87859550 0.67263314 -0.40050769 -0.17698990 -0.31800579 1.63363551 -1.71994043 -0.15282698 -0.38760387 0.65978321 -0.20065772 0.47739132 -0.24962602 0.20011233 1.36211352 0.14584875 -1.91167286 0.71090166 1.18916547
0.00000000 0.00000000 0.00000000 0.00000000 0.00000000 0.00000000 0.00000000 0.00000000 0.00000000 -0.83429951 0.46919722 -1.07000345 0.11154093 -1.78354403 0.82118874 -0.08267234 -0.01994359 0.71610011 0.30260302 -0.49978051 0.63493350 -0.34223994 -0.50708935 0.05111292 0.94112094 -0.58583983 0.17106609 -0.74485690
0.00000000 0.00000000 0.00000000 0.00000000 0.00000000 0.00000000 0.00000000 0.00000000 0.00000000 0.00000000 0.86682709 0.34502565 -0.37744558 -2.81412301 -1.69340419 1.18531508 0.18526786 1.17320683 0.14790841 -0.22537799 -2.09685023 -0.23261722 -0.52930472 0.42664438 -0.24681717 -2.70072477 -0.36497172 -1.43636378
0.00000000 0.00000000 0.00000000 0.00000000 0.00000000 0.00000000 0.00000000 0.00000000 0.00000000 0.00000000 0.00000000 -0.61610000 1.80157099 0.65750465 0.26772588 -0.39489109 -0.88520844 0.42207016 1.08887788 -0.56787644 0.98767066 -1.43227911 0.02571181 0.26968710 -0.38678567 0.50568944 -1.40863875 -0.62070340
0.00000000 0.00000000 0.00000000 0.00000000 0.00000000 0.00000000 0.00000000 0.00000000 0.00000000 0.00000000 0.00000000 0.00000000 1.23777117 0.08616052 -1.56299647 -0.34610179 -1.39595972 0.71425918 0.78408919 0.28785240 -1.18186403 -0.68249257 -0.24783783 0.59379775 -0.20995669 -0.76386675 1.20099341 -1.15871646
0.00000000 0.00000000 0.00000000 0.00000000 0.00000000 0.00000000 0.00000000 0.00000000 0.00000000 0.00000000 0.00000000 0.00000000 0.00000000 -1.34184966 0.07638385 0.07725199 0.12875617 0.01896970 -1.09481868 -0.69439611 0.10580913 -1.01235706 2.01524717 -1.66705815 -2.17320496 -1.96408704 -1.96441165 -1.65017929
0.00000000 0.00000000 0.00000000 0.00000000 0.00000000 0.00000000 0.00000000 0.00000000 0.00000000 0.00000000 0.00000000 0.00000000 0.00000000 0.00000000 -0.44941446 0.62686452 0.66382508 1.89239847 1.76927397 -0.24504869 -0.60791179 0.82820671 -0.19819901 -0.03963959 1.79098788 -0.34308762 -1.15191597 0.76530522
0.00000000 0.00000000 0.00000000 0.00000000 0.00000000 0.00000000 0.00000000 0.00000000 0.00000000 0.00000000 0.00000000 0.00000000 0.00000000 0.00000000 0.00000000 0.27664646 -0.43441688 1.29112785 0.64878560 0.33472219 0.91424053 0.06608885 -0.34035736 -0.39812788 0.98878286 0.43624759 0.19977793 0.44176986
0.00000000 0.00000000 0.00000000 0.00000000 0.00000000 0.00000000 0.00000000 0.00000000 0.00000000 0.00000000 0.00000000 0.00000000 0.00000000 0.00000000 0.00000000 0.00000000 -1.39550327 0.88561924 -1.68371619 -1.03770932 -1.27802834 0.61998838 -0.63776356 1.49604272 -0.30150525 -2.32642783 2.38437870 0.13458754
0.00000000 0.00000000 0.00000000 0.00000000 0.00000000 0.00000000 0.00000000 0.00000000 0.00000000 0.00000000 0.00000000 0.00000000 0.00000000 0.00000000 0.00000000 0.00000000 0.00000000 0.72555330 -0.08490733 2.13179357 -0.09084843 -0.87193889 0.83549002 1.77198896 1.05537813 -0.76906773 -0.74904379 -0.42327854
0.00000000 0.00000000 0.00000000 0.00000000 0.00000000 0.00000000 0.00000000 0.00000000 0.00000000 0.00000000 0.00000000 0.00000000 0.00000000 0.00000000 0.00000000 0.00000000 0.00000000 0.00000000 -1.30120263 -1.77008207 0.75490526 -1.88005586 -0.30942920 0.00280885 0.67066862 -0.51008366 -1.17058696 -0.60531634
0.00000000 0.00000000 0.00000000 0.00000000 0.00000000 0.00000000 0.00000000 0.00000000 0.00000000 0.00000000 0.00000000 0.00000000 0.00000000 0.00000000 0.00000000 0.00000000 0.00000000 0.00000000 0.00000000 -0.91019988 -0.89185777 -1.36842817 -0.74499024 1.01264248 -1.30083886 0.50710785 0.08403439 -0.11208506
0.00000000 0.00000000 0.00000000 0.00000000 0.00000000 0.00000000 0.00000000 0.00000000 0.00000000 0.00000000 0.00000000 0.00000000 0.00000000 0.00000000 0.00000000 0.00000000 0.00000000 0.00000000 0.00000000 0.00000000 -0.02463955 0.25147606 -0.46388198 2.26015765 1.81809609 -0.38001410 -1.60034877 -0.52084963
0.00000000 0.00000000 0.00000000 0.00000000 0.00000000 0.00000000 0.00000000 0.00000000 0.00000000 0.00000000 0.00000000 0.00000000 0.00000000 0.00000000 0.00000000 0.00000000 0.00000000 0.00000000 0.00000000 0.00000000 0.00000000 1.18614130 0.98692258 1.49749090 0.45409197 0.41761034 0.94775090 0.61951593
0.00000000 0.00000000 0.00000000 0.00000000 0.00000000 0.00000000 0.00000000 0.00000000 0.00000000 0.00000000 0.00000000 0.00000000 0.00000000 0.00000000 0.00000000 0.00000000 0.00000000 0.00000000 0.00000000 0.00000000 0.00000000 0.00000000 -0.95476754 1.04366611 0.06928747 1.77995177 1.11290861 0.29271853
0.00000000 0.00000000 0.00000000 0.00000000 0.00000000 0.00000000 0.00000000 0.00000000 0.00000000 0.00000000 0.00000000 0.00000000 0.00000000 0.00000000 0.00000000 0.00000000 0.00000000 0.00000000 0.00000000 0.00000000 0.00000000 0.00000000 0.00000000 -0.01989057 0.79352968 0.81986180 -0.68593940 -0.10581046
0.00000000 0.00000000 0.00000000 0.00000000 0.00000000 0.00000000 0.00000000 0.00000000 0.00000000 0.00000000 0.00000000 0.00000000 0.00000000 0.00000000 0.00000000 0.00000000 0.00000000 0.00000000 0.00000000 0.00000000 0.00000000 0.00000000 0.00000000 0.00000000 -0.97355413 -0.47739700 1.15760517 -1.87854570
0.00000000 0.00000000 0.00000000 0.00000000 0.00000000 0.00000000 0.00000000 0.00000000 0.00000000 0.00000000 0.00000000 0.00000000 0.00000000 0.00000000 0.00000000 0.00000000 0.00000000 0.00000000 0.00000000 0.00000000 0.00000000 0.00000000 0.00000000 0.00000000 0.00000000 -0.68636079 -0.24398337 1.07795219
0.00000000 0.00000000 0.00000000 0.00000000 0.00000000 0.00000000 0.00000000 0.00000000 0.00000000 0.00000000 0.00000000 0.00000000 0.00000000 0.00000000 0.00000000 0.00000000 0.00000000 0.00000000 0.00000000 0.00000000 0.00000000 0.00000000 0.00000000 0.00000000 0.00000000 0.00000000 -2.50275899 -0.55668448
0.00000000 0.00000000 0.00000000 0.00000000 0.00000000 0.00000000 0.00000000 0.00000000 0.00000000 0.00000000 0.00000000 0.00000000 0.00000000 0.00000000 0.00000000 0.00000000 0.00000000 0.00000000 0.00000000 0.00000000 0.00000000 0.00000000 0.00000000 0.00000000 0.00000000 0.00000000 0.00000000 -0.99691901
