0.620675 0.414305 -0.397560 0.967339 0.390901 -0.487578 1.245061 -0.639462 -0.845003 0.309995 -1.008747 0.856313 -1.065646 -2.096156 1.011344 -0.175901 -0.938648 -2.141157 -1.124967 2.515457 -0.929778 0.259721 -0.780686 1.356732 0.148200 -1.094493 2.379835 -0.491053
0.000000 0.249492 0.747184 -0.711222 0.641053 1.135083 0.654207 -0.144119 0.018051 0.397087 -0.282631 -0.915285 -0.776775 -0.417629 -0.051917 -0.011946 0.220448 -0.089414 -0.836165 -0.122555 -0.354163 -0.477524 -0.419782 0.366109 -0.770753 -0.035651 1.185814 -0.178654
0.000000 0.000000 0.575725 -1.235617 0.128981 0.959847 0.039967 0.567607 -0.732186 0.609892 -0.633890 -1.475682 0.678197 0.439605 -0.921513 1.183449 0.434022 0.341748 -0.264484 -0.933592 -0.549357 0.264863 -0.375404 0.221085 -1.128721 0.566512 -0.205785 -0.005230
0.000000 0.000000 0.000000 0.532441 0.770821 -3.000098 1.411907 -0.928938 -1.101024 1.050154 -1.083641 0.640661 0.939528 -0.713161 0.859378 -0.174364 -0.866115 -3.180782 -0.302457 2.059333 -1.020559 0.785812 -0.240025 1.646700 0.395526 -0.909415 0.754526 0.124133
0.000000 0.000000 0.000000 0.000000 0.687475 0.036017 1.440271 -0.880379 0.067056 0.748531 -0.474933 -1.274350 -0.727565 -0.010341 0.480588 -0.586980 0.289220 -0.818482 -0.991645 0.337313 -0.615764 -0.873195 -0.240766 0.769816 -0.650228 -0.292511 1.374796 0.031399
0.000000 0.000000 0.000000 0.000000 0.000000 0.691373 -0.530057 0.846227 1.296976 -0.438957 0.153673 0.413018 -1.979537 0.616774 0.397740 -1.372559 0.556464 2.439565 -1.461975 -1.597710 0.647862 -0.361199 -0.974965 -1.094929 0.516440 -2.033221 1.162034 -1.177746
0.000000 0.000000 0.000000 0.000000 0.000000 0.000000 0.601322 -0.497570 -1.211887 1.016475 -1.807088 -0.406033 -0.836370 -1.138724 1.196849 -0.548980 -0.044796 -2.086698 -1.481786 1.790439 -1.507389 -0.327195 -0.887758 1.860257 -0.410994 -0.648835 2.300257 -0.334573
0.000000 0.000000 0.000000 0.000000 0.000000 0.000000 0.000000 0.825791 -0.530375 0.128574 -0.054655 1.059597 1.093452 -0.575583 -0.787183 0.320260 0.310407 1.325441 0.488651 -1.276320 0.081163 1.260161 -0.378908 -0.440395 -0.132751 0.196410 -0.692063 -0.680421
0.000000 0.000000 0.000000 0.000000 0.000000 0.000000 0.000000 0.000000 0.647786 -0.809836 2.505057 -0.400470 -1.105022 0.643769 -0.473043 -1.234759 0.581450 2.327579 0.531096 -1.956481 1.709940 -1.416837 0.971014 -1.822802 -0.068086 0.441835 -0.414076 0.233959
0.000000 0.000000 0.000000 0.000000 0.000000 0.000000 0.000000 0.000000 0.000000 0.539005 -0.719930 -0.718514 0.836585 -0.603033 -0.386907 0.380025 0.049110 -1.028980 -0.534292 -0.060926 -0.878435 0.571285 -0.519723 0.928011 -0.969531 -0.154409 0.790114 -0.243146
0.000000 0.000000 0.000000 0.000000 0.000000 0.000000 0.000000 0.000000 0.000000 0.000000 0.690527 -0.473307 0.062939 0.059647 -1.562435 -0.418941 0.621762 2.753822 1.536805 -2.615799 1.933659 -0.928048 1.430458 -2.162599 -0.749089 1.683311 -1.277012 0.427322
0.000000 0.000000 0.000000 0.000000 0.000000 0.000000 0.000000 0.000000 0.000000 0.000000 0.000000 0.816883 -0.272301 -1.390955 1.293824 -1.131083 -1.006237 -0.170035 -0.107379 1.522622 0.187813 1.655768 -0.739305 -0.094404 2.228593 -2.322156 0.514928 -1.218610
0.000000 0.000000 0.000000 0.000000 0.000000 0.000000 0.000000 0.000000 0.000000 0.000000 0.000000 0.000000 0.699280 0.567329 -1.669236 1.579861 0.157485 0.447010 1.450442 -1.278645 -0.279669 1.812264 0.354226 -0.252620 -0.677209 0.827989 -2.264189 0.086000
0.000000 0.000000 0.000000 0.000000 0.000000 0.000000 0.000000 0.000000 0.000000 0.000000 0.000000 0.000000 0.000000 0.625110 0.130946 -0.010099 0.695546 1.574850 0.472098 -1.219777 0.535429 -0.683436 0.719044 -1.143538 0.889384 -0.366592 -2.474328 0.690764
0.000000 0.000000 0.000000 0.000000 0.000000 0.000000 0.000000 0.000000 0.000000 0.000000 0.000000 0.000000 0.000000 0.000000 0.532465 -1.363497 -0.555435 -1.343871 -1.332703 2.501201 -0.656314 -0.290373 -0.712978 0.889690 1.738644 -2.256735 1.493472 -0.464212
0.000000 0.000000 0.000000 0.000000 0.000000 0.000000 0.000000 0.000000 0.000000 0.000000 0.000000 0.000000 0.000000 0.000000 0.000000 0.713698 -0.244915 -1.173167 0.779143 -0.170489 -0.421866 0.681577 0.171785 0.591774 -1.111294 1.905302 -1.222959 0.828432
0.000000 0.000000 0.000000 0.000000 0.000000 0.000000 0.000000 0.000000 0.000000 0.000000 0.000000 0.000000 0.000000 0.000000 0.000000 0.000000 0.722443 1.666573 0.308919 -1.518880 0.303638 -0.606459 0.369970 -0.703609 -0.645881 0.767024 -0.568808 0.050970
0.000000 0.000000 0.000000 0.000000 0.000000 0.000000 0.000000 0.000000 0.000000 0.000000 0.000000 0.000000 0.000000 0.000000 0.000000 0.000000 0.000000 0.462072 1.401305 -3.840299 1.826745 -0.471794 1.072050 -3.391441 -0.083540 0.254441 -2.069866 -0.737155
0.000000 0.000000 0.000000 0.000000 0.000000 0.000000 0.000000 0.000000 0.000000 0.000000 0.000000 0.000000 0.000000 0.000000 0.000000 0.000000 0.000000 0.000000 0.590350 -1.448504 0.962262 0.140700 1.164686 -1.184292 -0.322273 1.942532 -2.304972 0.660526
0.000000 0.000000 0.000000 0.000000 0.000000 0.000000 0.000000 0.000000 0.000000 0.000000 0.000000 0.000000 0.000000 0.000000 0.000000 0.000000 0.000000 0.000000 0.000000 0.496773 -1.620971 0.373959 -0.991576 2.270343 1.560630 -2.015395 2.192445 -0.219706
0.000000 0.000000 0.000000 0.000000 0.000000 0.000000 0.000000 0.000000 0.000000 0.000000 0.000000 0.000000 0.000000 0.000000 0.000000 0.000000 0.000000 0.000000 0.000000 0.000000 0.578913 -0.603851 0.857183 -1.544120 0.159554 0.781245 -1.147679 0.318574
0.000000 0.000000 0.000000 0.000000 0.000000 0.000000 0.000000 0.000000 0.000000 0.000000 0.000000 0.000000 0.000000 0.000000 0.000000 0.000000 0.000000 0.000000 0.000000 0.000000 0.000000 0.552726 -0.744330 0.358407 0.494562 -1.258627 -0.338387 -0.843714
0.000000 0.000000 0.000000 0.000000 0.000000 0.000000 0.000000 0.000000 0.000000 0.000000 0.000000 0.000000 0.000000 0.000000 0.000000 0.000000 0.000000 0.000000 0.000000 0.000000 0.000000 0.000000 0.557858 -0.961952 -0.312833 1.472263 -1.381646 0.732931
0.000000 0.000000 0.000000 0.000000 0.000000 0.000000 0.000000 0.000000 0.000000 0.000000 0.000000 0.000000 0.000000 0.000000 0.000000 0.000000 0.000000 0.000000 0.000000 0.000000 0.000000 0.000000 0.000000 0.527488 -0.227316 -0.323078 1.676945 0.089880
0.000000 0.000000 0.000000 0.000000 0.000000 0.000000 0.000000 0.000000 0.000000 0.000000 0.000000 0.000000 0.000000 0.000000 0.000000 0.000000 0.000000 0.000000 0.000000 0.000000 0.000000 0.000000 0.000000 0.000000 0.752277 -2.359759 -0.187088 -0.498623
0.000000 0.000000 0.000000 0.000000 0.000000 0.000000 0.000000 0.000000 0.000000 0.000000 0.000000 0.000000 0.000000 0.000000 0.000000 0.000000 0.000000 0.000000 0.000000 0.000000 0.000000 0.000000 0.000000 0.000000 0.000000 0.465167 -1.860793 1.796379
0.000000 0.000000 0.000000 0.000000 0.000000 0.000000 0.000000 0.000000 0.000000 0.000000 0.000000 0.000000 0.000000 0.000000 0.000000 0.000000 0.000000 0.000000 0.000000 0.000000 0.000000 0.000000 0.000000 0.000000 0.000000 0.000000 0.030311 -0.982560
0.000000 0.000000 0.000000 0.000000 0.000000 0.000000 0.000000 0.000000 0.000000 0.000000 0.000000 0.000000 0.000000 0.000000 0.000000 0.000000 0.000000 0.000000 0.000000 0.000000 0.000000 0.000000 0.000000 0.000000 0.000000 0.000000 0.000000 0.591669
