0.33604292 -0.37342786 -0.04281663 0.15985278 -0.24240254 -0.18008588 -0.39433728 -0.21956690
-0.32229022 0.01223418 0.59890425 0.11336409 -0.73636059 0.24552617 0.20931419 0.45600170
0.23913032 0.38525453 0.30335973 0.07306908 0.29241626 0.49805788 -0.34306921 -0.68640924
-0.66345216 -0.03981262 1.11905207 0.19449901 0.46535496 0.25094868 0.11081174 -0.43805719
-0.33886870 -1.14492200 0.40058741 0.04271290 -0.11053863 0.40790704 0.26094049 0.56806692
-0.08390509 -0.28979824 -0.19248339 -0.97492954 0.08579624 0.53046219 -0.37343325 -0.09296832
0.17561711 0.40969526 -0.29720943 -0.30760439 0.45137786 -0.16653446 0.03545178 0.39137884
-0.96109088 0.42280594 0.28993176 0.88055072 0.58751880 -0.58935614 0.32098688 -0.54563925
0.52121337 -0.10451025 0.81712995 -1.23985445 -0.13389338 -0.52701873 1.13495955 -0.66661407
0.10733753 -0.36594451 -0.90499725 -0.04454970 -0.29035103 -0.12637207 0.56817407 0.06045913
0.14554076 -0.28645436 -0.81946349 -0.50365161 0.47281761 0.05536005 -0.18215161 0.18547854
-0.37485385 -0.37558514 -0.04441954 -0.02178026 0.36377110 0.63754108 -0.16498058 -0.00153562
-0.21906162 -0.23111063 0.16809631 -0.54705404 0.28556596 0.00713286 -1.10072989 -0.47149376
-0.12429750 0.01954812 -0.72519993 0.45692844 -0.75633925 -0.12901014 0.43378960 -0.75305637
-0.61498069 -0.79389927 -0.92049529 -0.51838506 -0.62788012 0.66354323 0.01729226 -0.68513447
-0.39887030 -0.22445119 -0.65123456 0.01608969 -0.05611346 0.26751433 0.29587532 0.26054219
0.29064618 -0.44404565 -0.12976701 -0.57937460 -0.05762224 -0.45680883 -0.11901345 0.62985650
-0.29713152 -0.60569481 0.48126446 -0.18261492 -0.15782922 -0.24083727 0.61579393 -0.66916804
-0.93213675 0.57750782 -0.01125873 0.18874088 0.59784038 0.05160778 -0.13209575 0.19966933
-1.15527317 0.59868155 0.64598069 -0.61433226 -1.23471242 0.01830797 0.57938450 0.19783900
0.61419672 -0.41752926 0.58729049 -0.20895350 0.24651825 0.70776976 0.49617233 -0.15349490
0.01751291 -0.73704954 0.42396443 -0.14931736 -0.07310716 -0.40827054 -0.61088584 0.26494486
-0.25826118 1.62628935 0.70458868 0.08545970 -0.32512167 1.23197742 -0.35905363 -0.11206260
-0.21073445 0.55452143 0.53610634 -0.54324539 0.16007543 0.29007483 0.52143093 0.58208712
-0.52670898 0.75752983 0.19828048 -0.19947046 0.04413015 0.19675153 0.41699440 -1.01803805
-0.51061144 -0.31387354 0.18428373 -0.20351851 -0.06557378 -0.29729094 -1.46426323 0.56425305
-0.30692628 -0.40046199 -1.06722830 -0.06404597 0.55333721 0.40225174 -0.18458942 0.63047338
0.58663817 -0.24658343 0.08241130 -0.32374816 -0.20778253 0.44875646 -0.30075247 -0.28599620
1.10382902 0.63606531 -0.48988492 -0.27787541 1.34600092 0.58936843 0.79603794 0.59737023
0.44038441 -0.19563631 -0.55905846 0.62835934 0.31914787 -0.07087581 0.38887075 -0.19766054
-0.22066679 0.34579823 0.49118701 -0.21179405 0.12224630 -0.87336910 -0.24753508 0.39016191
0.02748876 0.51347844 -0.51556547 0.71411708 -0.82528626 0.64097467 0.71040849 -0.01559038
-0.38829693 0.06908235 -0.74514017 -0.34907197 0.72670344 0.60305568 -0.20197746 0.63500737
-0.85016311 0.14247128 0.17106539 -0.12617551 0.18917433 -0.17871639 0.49424049 0.37630202
0.90997964 0.01895147 0.42074864 0.44878734 -0.34851858 -0.26350386 -0.25379615 -0.38493465
-0.09520019 0.13123821 -0.57499901 -0.60592632 -0.12477522 -0.24360334 -0.31959242 0.16250130
-0.18361330 -0.29367025 0.10813157 -0.36815955 0.35092478 0.25629564 0.91753587 0.16835480
-0.88005579 -0.58031462 -0.60292662 -0.20792475 0.64281279 -0.33488355 -0.02285572 -0.22886944
1.10921176 0.58581866 0.16663096 0.20056584 0.71514155 -0.43167811 0.45146690 -0.41788967
-0.04172313 -0.41077065 -0.32124369 -0.17599994 0.04314832 0.09346441 0.16993392 -0.42863257
-0.63069991 0.29833506 -0.01202477 -0.65047772 0.23922138 -0.48139520 -0.18228915 -0.32624604
0.82534812 -0.32411223 -0.82467901 0.45760240 -0.68058938 0.47580096 0.45527474 -0.34235007
-0.04736317 0.55670847 0.31379133 -0.37269197 -0.53660694 0.26717200 -0.33954993 -0.13374596
-0.19728894 0.28983899 0.07645953 0.21022870 -0.59122754 -0.28240912 -0.63619146 0.02428490
0.07938049 -0.58385820 0.27872352 -0.14496180 -0.32299264 0.13189088 0.11583255 0.10907207
-0.30884853 0.73922670 -0.00145937 -0.25233540 -0.61269128 0.08927809 -0.02527322 0.02637516
0.15010080 -0.10766657 0.92593356 0.08454074 -0.26725903 0.70785723 0.06401581 -0.59893862
0.27365393 -0.81721051 1.14959322 -0.03733554 0.10850681 0.16685111 0.75428098 -0.68070934
0.25542694 0.16550519 0.46051733 -0.15704788 0.03034284 0.90657675 -0.34050972 0.62132957
0.44001078 0.21809278 -1.09039795 -0.45034580 0.56617373 0.13452130 0.00485005 0.28493666
0.51966050 0.13190816 -0.12530566 -0.08519550 -0.13021901 1.03968211 0.37139135 -0.23747887
0.18080561 0.21702193 -0.93010113 -0.53371344 0.24708225 0.62725758 -1.66203499 -0.36675832
0.15008332 -0.15088887 -0.00300751 0.58626264 0.07766046 -0.24503269 0.24276885 0.17543450
-0.56479884 1.41902227 0.68568425 0.18381539 0.71820819 0.66827840 0.20614119 -0.02649652
0.68549697 -0.12899962 0.77373517 -0.66753591 0.19455237 0.72570701 -0.62811564 -0.23637040
1.10853990 0.40550013 -0.14376015 0.19053872 0.04296349 -0.55762634 0.10096775 0.28955478
0.13878871 -0.32080023 -0.02610649 -0.34041931 0.22519569 -0.60592994 -0.40472128 0.77850466
0.53238066 -0.41724308 0.14145832 0.13032564 -0.50830462 -0.42511784 0.09666806 -0.19452788
-0.27270319 -0.45818043 0.33217198 0.17731674 0.58731767 0.71450692 0.43363591 -0.42966450
-0.69439688 0.22384216 -0.80386668 0.75606085 -0.13172385 -0.51619620 0.19085016 -0.15444241
-0.38006127 0.07694387 0.28273097 -0.46189342 0.51688113 -0.20916304 0.55462903 0.40933100
0.16965243 -0.45285950 -0.17280349 -0.27778081 -0.15412178 -0.15980200 0.08419233 -0.54475490
-0.88409483 -0.03583233 0.48558475 -0.26476584 0.38796824 -0.21991120 0.14133462 0.56730559
0.59729272 0.26106702 -0.01072788 -0.01450195 -0.84719034 -0.74004778 -0.47532794 0.84539376
-0.78408062 -1.25060257 -0.51296278 0.57686330 -0.07822308 -0.26969132 -0.07772093 0.33431594
0.88412973 0.51706435 -0.76999665 -0.22459892 -0.14826066 -0.82258258 -0.49335916 -0.67535307
0.56027470 1.26775117 -0.02415131 0.34013128 -0.68561562 0.20176044 0.12296597 0.33645254
0.62452503 0.09394614 -0.07538723 -0.55206084 -0.56714561 0.00705305 0.58417294 -0.60031875
0.60510578 0.92313807 -1.13613914 0.64694666 0.45700641 -0.32336684 0.64455535 -1.20081069
0.05371514 0.02452281 -0.04867464 0.40050150 -0.18374805 0.26139875 -0.22537635 0.08272505
-0.25401617 0.17296580 0.53555106 -0.00031282 1.40218404 0.00730634 0.64208798 -0.91093409
0.11878990 -0.00477469 0.13055931 -0.30500739 0.03039994 -0.38515166 0.30701131 0.29285542
0.65297458 0.22342039 0.36592092 0.05514620 -0.04172496 -0.32800075 -0.59125994 -0.42129642
-0.52181649 0.57257917 -0.53709360 0.44011370 0.12146817 -0.43938920 -0.53861631 -0.23162516
-0.44863164 -1.13046208 -0.94518699 0.42076478 0.31437765 0.43207490 -0.12425052 0.45855552
-0.06354170 0.04795287 -0.16490334 -0.26245137 0.27575149 1.14987869 0.28286429 -0.09951254
0.28424018 0.75045550 -0.85474494 -0.37914153 -0.25168993 -0.28208100 -1.04669026 -0.05430161
0.65098543 0.03564577 0.15061593 0.50050483 0.95808477 0.56205987 -0.55482976 0.69856189
-0.03191162 0.58205618 -0.21195204 -0.06775594 -0.03200254 -0.39380661 -0.91341927 -0.15904409
-0.51336664 -1.05531565 -0.45070909 0.26422584 0.39273980 0.80529346 0.14932654 -0.63206458
-0.54949605 0.01936409 -0.04708827 -0.96274199 0.20488308 -0.26542675 -0.37474451 -0.27548603
-0.34530810 0.62556049 -0.51069325 -1.04510744 0.42102819 -0.18139956 -0.63709061 1.11201475
0.09076687 0.19815239 -0.37025004 -0.42345727 -0.61131410 0.21957797 -0.46766441 0.53278704
-0.22327979 0.45872093 0.53205058 -0.60106942 0.28647846 -0.62374387 0.79224979 -0.40913315
-0.64509108 -0.12449326 -0.08661595 0.52826983 -0.25975269 -0.59102561 0.86065965 -0.36809205
0.08496808 0.39518263 0.36733096 -0.87889265 -0.50508003 0.55964993 0.55384954 0.64237332
0.59448217 -0.27233292 -0.63464193 -0.06170264 -0.02708504 -0.18647265 -0.13098785 -0.25116632
-0.77091905 -0.34941304 0.16349568 -0.43701033 -0.24027642 -0.29501233 0.43947155 -1.15570615
0.07620367 -0.76818030 -1.42559770 -0.56446540 -0.40708010 -0.21705211 0.49857526 0.32936800
-0.26125623 0.50374917 -0.27248195 -0.05417634 0.16535193 -0.52360175 0.27802183 0.66639015
-0.04137180 0.22838005 -0.13704367 -0.69830054 -0.64738299 -0.68502916 0.41752875 -0.16428821
0.31642039 -0.15977837 -0.19486381 0.32791973 -0.16895402 0.35901975 0.52737396 -0.03471950
0.04732941 -1.09936148 -0.42994108 1.20802207 0.55340091 0.14192249 0.32683655 -0.06233572
-0.10072977 0.45345031 0.05154865 0.62952538 0.79339446 -0.14317745 -0.29069414 0.79620895
-0.66882790 0.71304334 -0.45443048 -0.40147737 0.58373449 1.10295571 0.54937108 -0.75466841
0.45223240 -0.13132392 -0.19380763 -0.41336532 -0.35087040 -0.02347246 0.99851970 0.00746406
-0.22438370 -0.25339353 0.70723961 -1.00851040 -0.24875895 -0.02375592 0.67072545 0.51393519
-0.59898901 0.01708930 -0.57340734 0.79132278 -0.26219709 -0.23060934 -0.08744183 0.16580126
-0.08109920 -0.48075415 0.62829066 0.20863807 0.35556860 -1.00717303 0.15168790 -0.33628434
-0.20388739 1.18515513 -0.24307280 -0.26957133 0.14109755 -0.25992188 0.67991408 -0.42334185
-1.61556709 0.51581389 1.27211320 -0.43655209 -0.28566595 0.24508254 0.77599531 1.33597438
0.76109522 -0.56369886 0.87563809 0.59392156 -0.22850140 -0.88641087 0.32589769 -0.08785023
-0.94777081 -0.05317496 0.40064689 -0.47722539 -0.01661626 -0.02981234 0.76850258 0.53136486
0.38271637 0.33519749 -0.25035515 -0.03372239 0.30887420 -0.81065087 0.18398917 -0.07553514
0.44089564 0.15043643 0.78387184 -0.23663748 -0.07205475 -0.03931913 0.64057086 -0.84695667
0.35385881 0.20904465 0.79662333 0.09809237 -0.47782829 0.42654715 -0.77418803 0.01167743
-0.31222796 -0.32034747 -0.81298653 -0.40110628 -0.18238383 -0.21590816 -0.92652186 0.33487948
0.26997439 0.26773682 -0.23172140 -0.24799438 -0.43208707 -0.34600026 -1.04025991 0.30102788
0.88460125 -0.22308661 0.07621118 -0.40411831 -0.70540415 0.75041919 -0.09030242 -1.06803131
0.05869309 -0.30140791 0.11207547 0.32821965 0.62183606 -0.82133488 1.16106653 0.41750155
0.61514553 1.19626404 -0.31271115 0.74499849 -0.25954643 0.75837234 -0.43568578 0.13263033
-0.73649223 -0.14440707 -0.08299029 -0.53358935 0.17450663 -0.16021387 -0.06667583 0.65049402
-0.03228469 -0.61481071 0.84179420 -0.62949156 0.16950228 0.76771148 0.15592026 -0.85699420
-0.33758738 0.29631612 -0.22494380 0.50934950 -0.54757450 0.17346211 0.40426947 -0.14353155
-0.48207082 -0.65655714 0.22715665 -0.73411044 0.19119526 0.32934284 -0.05608943 -0.29439121
0.27651975 -0.21361907 0.29798807 -0.14642322 -0.28275124 -0.23088431 0.17455366 0.73814311
0.36405002 -0.88084718 -0.58365202 -0.11480251 -0.52414287 -0.26257735 0.47244498 -0.43989185
0.99716629 -0.46938368 -0.66793450 0.47715569 0.37404509 -0.07440459 0.57043230 0.12627006
-1.00777649 -0.68675179 -0.00928748 -0.14153585 -0.21471265 -0.02602726 -0.97072612 -0.17008556
0.71862522 -0.01308225 -0.67734734 1.19109173 -0.38339923 -0.31627940 -0.23444176 0.17639245
1.05135559 0.18515761 -0.81560709 -0.38789364 -0.60161005 0.14922030 -0.18896017 -0.00003190
0.64167293 0.07668338 -0.06912134 0.36638709 -0.01257645 0.22483980 0.38542485 0.00283514
1.22177771 0.50505858 0.72368401 -0.34921945 -0.46818270 0.62907688 -0.74338740 -0.05588593
0.07308914 -0.92974373 0.00560358 -0.00593159 0.10181784 -0.40169265 0.01569210 -0.15321052
-0.52359271 -0.15143379 -0.17010075 -1.18042769 -0.82207516 -0.37933848 -1.51211107 -0.63946218
0.27707317 -0.23672487 -0.69856861 0.00252032 -0.86804922 0.33643099 -0.24540885 -0.13732706
-0.41706743 -0.68249241 -0.17279101 0.02639273 0.09310263 1.13894934 1.27306415 -0.52253948
-0.33044224 -0.36745622 -0.56720089 -0.57244533 0.06697505 0.01379552 0.38540601 0.22999815
-0.89582484 0.15728560 -0.29234488 -0.37890429 -0.13210869 0.24847876 0.60765835 -0.03840739
-0.24618858 -1.02880397 0.59032020 -0.76118605 0.36062065 0.66919423 0.43691897 -0.75887987
-0.23447914 -0.48435870 -0.89631797 -0.49221772 0.20513694 0.21566022 0.31879120 -0.29498692
0.32080225 -0.08965503 0.40002375 -0.27429605 0.14583641 0.58757474 -0.77531710 0.08785989
-0.34925196 0.04895554 -0.40074954 0.42210495 0.37840556 0.06262172 -1.24015590 -0.77263392
-0.01359549 -0.96933309 0.00848903 0.43031889 -0.08968848 1.19898953 0.16059365 -0.35551635
0.59672395 0.43333548 0.17706871 -0.03208917 0.33174460 -0.09022354 0.11746855 -0.28797816
0.55922254 0.07113493 0.41891192 -0.12758402 -1.34701997 0.11232785 -0.41858092 -0.45694780
0.52902492 -0.64827762 -0.17603225 -0.77422352 0.30240131 0.19632827 -0.03771700 -0.43651971
0.21631909 -0.82357452 -0.71261056 0.68022430 -0.00603009 -0.05445372 0.34610326 -0.28125441
-0.37658597 0.62065917 -0.29078916 -0.11122769 0.19568520 1.01464125 -0.85888359 0.14977372
-0.72841704 0.17568762 -1.03598261 0.71116867 0.71169955 -0.07202621 0.41833440 -0.37520747
0.20853212 0.64985675 0.37734178 0.45331806 0.18803125 -0.15363530 -0.33466007 0.14670407
-0.32943938 0.80978174 -0.25135678 0.25543663 0.14459664 0.87155203 0.11115476 0.84978015
0.42029657 0.09823259 -0.13586742 0.16547155 -0.72264868 0.08372466 0.31284504 -0.42964799
0.08891137 -0.75226868 -0.04162989 -0.90870038 0.50617643 0.08706444 -0.05605217 -0.66945919
0.03314333 -0.35761264 0.62195170 -0.57812728 0.16419800 0.49963091 -0.53883668 0.45779974
0.39858714 -0.43077200 0.19747761 0.08291974 0.33942787 -0.35775365 0.06408466 1.38658499
0.59380331 -0.08636853 0.03565482 0.33027620 0.69518665 0.18862870 -0.48884309 0.04503292
-0.25223746 0.30670368 -1.24727309 -0.12551429 -0.79675906 0.04046774 0.47398740 0.16541603
0.21820029 -0.26734107 0.12928431 0.12866850 0.07498909 1.47882629 0.45695453 -0.00451051
-0.31418411 0.19577500 -0.13013621 -0.05748711 -0.20740584 -0.23739832 0.55284239 -0.93071491
-0.22755702 -0.81514478 0.93720981 -0.07963071 0.98115557 0.08065306 -0.16346004 -0.08890190
0.18782327 0.63989375 0.71443924 0.67249118 0.48922883 0.23924966 0.10653315 0.33271325
0.21188908 -0.37664868 0.53211250 -0.48941915 1.18379670 0.08618582 -0.30853521 -0.41479151
0.04413653 0.17549824 -0.20048927 0.21561217 0.23686246 -0.01428383 0.08388182 -0.01748368
-0.13270314 0.17426373 0.12259594 0.41788327 0.23720820 -0.87250685 0.86520593 -0.02928546
-0.14012985 0.12309517 -0.04128489 0.26219760 0.32014806 0.00182016 -0.01761797 -1.15520453
-0.26398831 0.73547073 -0.37255730 0.96616278 0.16725972 0.29334598 -0.63830299 -0.22549977
0.01183313 -0.62899049 0.31472251 0.11738353 -0.54746340 -0.00975033 -0.61320880 0.01458311
-0.17767424 0.22393245 0.02036161 0.27845155 0.09020513 -0.65550194 0.10265463 -0.09523134
-0.00093022 0.06699086 0.54965223 -0.11601052 -0.32712894 -0.96829049 -0.01769716 -0.12627036
0.81640131 -0.10398618 0.30216108 0.51668152 0.37119052 0.20242309 -0.02270291 0.14723241
-0.05544540 -0.41153483 0.09901479 0.15320820 -0.10445733 -0.13436645 0.01363959 -0.98583659
-0.23248598 0.99592632 -0.18302081 0.31900506 -0.51864250 -0.56316265 0.05028111 -0.26412831
0.04709220 0.34622463 0.15527919 0.67130396 0.16474643 0.34829879 -0.01941959 -0.01025819
-0.20273656 -0.01151179 0.07812503 0.30025647 1.66611990 0.05172228 0.57409568 -0.21469039
-0.11350145 -0.55657860 0.63061720 -0.22670894 0.23737808 0.53709212 -0.01321284 0.48965308
0.42422620 0.62111209 0.08727124 -0.02539373 -0.43285619 0.38736217 0.14122151 -0.37392161
0.51229441 0.01153919 -0.14562571 -0.18956938 0.92812453 -0.16849507 0.32534083 0.21325977
-0.05236826 -0.04769349 -0.36270554 -0.75468819 -0.50528381 0.03567795 -0.45521085 -1.11432932
0.34614391 0.05974691 -0.17420465 -0.20238865 -0.24309050 0.88219675 0.11603180 -0.18376781
-0.59873646 0.10858874 0.05233329 -0.10934567 -0.29019749 0.08891421 -0.14674787 0.40127224
-0.24703130 -0.90368379 0.24439177 0.44029207 0.44033085 0.65376157 0.51895741 0.46693330
0.20557978 0.25071089 -0.56462122 0.02135085 0.20420249 0.50541337 -0.36114397 -0.09200967
-0.09521835 -0.18121896 0.36457479 -0.14940144 0.27624294 0.73347319 0.04217786 0.57803872
-0.41407050 0.26597505 -0.10030537 -0.05347065 -0.45863493 0.16708139 1.08421325 0.47657394
0.37207032 -0.71681485 0.01254050 -0.24933158 -0.38872541 0.03521238 0.42409420 -0.30882606
-0.06528321 0.85819789 0.50633998 0.44326173 0.19574886 -0.67995102 0.24906235 0.19655730
-0.62541571 -0.68736926 -0.03864046 0.79668933 0.76290946 -0.09112615 -0.07830957 0.04827419
-0.31179336 -0.52003993 0.33803072 0.56094768 0.42165113 -0.87985372 0.03017004 -0.57091712
0.78203658 0.42998185 0.06280423 0.71227552 0.01735570 0.41580170 0.92672742 0.48195670
0.21584931 -0.39483262 0.03940464 -0.58575628 0.02640337 -0.28621634 -0.17255636 -0.08002766
0.34194572 -0.67887864 -0.60746710 0.37300820 0.00304656 -0.25653118 -0.60586032 -0.12928896
0.10864059 -0.02305377 0.34880568 0.16555909 0.85463309 0.71758781 0.35009052 -0.40298996
0.50835508 -0.95539039 -0.19218474 0.38339437 -0.22508641 -0.07935049 0.52146341 0.13245267
0.24986189 0.14890202 1.12701303 0.88736842 0.74898435 0.83443356 0.64497320 -0.11471584
-0.22501952 -0.50941642 0.49494951 0.10399997 0.50029158 -0.07225308 0.83748962 -0.31673603
0.16177286 -0.51383890 0.43630072 0.57181144 -0.35728589 -0.13615394 -0.82025811 -0.74120221
-0.77006016 -0.23800544 -0.12447251 0.57049335 -0.10652099 -0.75640340 -0.13643192 0.38243776
-0.11669907 0.29319816 0.43656045 -0.23847608 0.93432166 0.52837262 0.44017706 -0.14406879
-0.53060049 0.41150443 -0.29534784 0.22363513 0.73891731 -0.30137111 0.21721538 -0.08097278
-0.53415991 0.43117520 -0.20040629 0.23359449 1.10908306 0.01548163 -0.01780787 0.19990609
0.40090684 0.26807231 0.24638752 0.62171448 0.00128371 0.16816549 -0.47739986 0.06098963
-0.55007158 -0.35300485 -0.80915800 -0.31688638 -0.26603944 0.63592983 -0.03983463 0.59026177
0.33864091 -0.46695044 -0.23397969 -0.10152669 0.45633350 0.18449651 -0.45062061 -0.41799458
-0.96224826 -0.38630255 -0.48627570 -0.43349722 0.30641839 0.36718465 0.45558675 0.34496324
-0.21488627 0.62007388 -0.26332934 0.61037231 -0.18010079 -0.36890075 0.36497236 -0.51633337
0.02508151 0.14012412 -0.18330969 0.34906858 -0.82890170 -0.07718392 0.06338063 -0.12774927
-1.07640877 -0.58218861 0.15353762 -0.36884918 0.72954403 0.14642142 -0.19300831 0.26152055
0.29920195 0.48268215 -0.57727455 0.17515050 0.79105866 0.39579956 0.09861858 -0.66117620
-0.00771603 -1.09948173 0.55689384 -0.85582506 -0.12668457 -0.44272446 -0.71460500 -0.21291565
-0.37376578 -0.45957143 -0.77962542 0.11425544 -0.21444809 0.82136667 0.32307195 0.35665346
-0.63652010 0.38902430 -0.07193762 -0.04050639 -0.14095924 -0.55409373 0.07719060 0.15980064
-0.09655207 -0.22514085 0.34814907 0.68796006 -0.37762678 0.77140541 1.31193717 0.70000236
0.63177050 -0.22249609 0.14268865 -0.10432721 0.08061430 -1.14155590 -0.60766226 0.24481014
-0.24063339 -0.53300322 -0.04744831 0.79229533 1.05334451 -0.78579123 -1.41701802 -0.47721617
0.21953298 -0.56581423 -0.04915497 -0.87594432 -0.06223427 -0.27278520 0.31840571 0.01556665
-0.03754240 -0.54948172 0.22615475 0.41632977 0.07271757 0.37879020 1.54304536 -0.36351566
-1.11169105 -0.06825541 -0.23270253 -0.59826050 0.01967407 -0.60320100 0.27237050 0.87249615
-0.19724088 0.36993163 0.14229829 -0.39268980 0.41712885 0.29557582 0.14834076 -1.00914640
0.21612764 -0.47846557 -0.22516424 0.53285959 0.46357165 1.15533229 -0.00023049 -0.52851853
-0.65758663 -0.67731761 0.32608567 0.54661825 -0.19987381 -0.39138792 -0.65425123 0.09926709
-0.15534567 -0.15919963 0.49459453 -0.39832460 0.86765911 0.20892131 -0.14317367 0.00604083
-0.00912224 -0.07844438 0.32593814 0.63192867 0.70921088 0.14280227 -0.32344352 -0.41109981
-0.35177587 -0.01221200 0.13711864 -0.07302666 0.53805763 0.30521395 0.56649457 -0.33831261
-0.43008022 -0.01762119 -0.06972031 -0.39719364 -0.28577834 0.06103064 -0.24802736 -0.61087886
0.28071017 0.23414584 0.27440161 0.83660682 0.38747625 -1.03848191 -0.11770994 -0.74996176
0.00107957 0.40177680 0.74922305 0.17336540 -0.80028297 -0.14598786 -0.18220226 -0.02200514
-0.29116290 0.30034469 0.23860151 0.25749384 0.74183024 -0.64120896 -0.19670842 0.35596569
-0.90416182 -0.50524810 0.17675627 0.02704388 -1.03698314 -0.38891810 -1.03597567 0.27842473
0.33988365 -0.26421935 -0.21581498 0.11817793 0.61354068 -0.02492295 -0.81948059 -0.07747448
0.50623295 0.17700950 0.38899871 -0.29608353 0.60051749 0.00730674 0.12042785 -0.79501148
-0.54752761 -0.28668855 -0.37669175 0.76060179 -0.25203983 0.08561456 -0.95998894 0.97234013
0.53416506 0.62118704 -0.68753845 0.49387317 0.92822227 0.58100173 -0.11018055 0.65672972
-0.89954405 0.00747572 -0.50175527 -0.31898936 0.11335251 0.74333977 -0.33702658 0.33203127
-0.02266459 0.33008118 0.06805393 -0.51263933 -0.27760532 0.77000032 0.18797723 -0.54601340
-0.43088098 0.79331247 0.44596281 -0.38772112 -0.40100978 1.10424214 -0.50727808 -0.57034112
-0.01047795 -0.32841888 -0.20425668 -0.04648697 -0.23737941 -0.26589422 -0.31811134 -0.07892124
-0.19108997 -0.65875685 -0.55062591 -0.29668500 -0.05177323 -0.34085309 0.86989384 0.27873417
0.70208520 0.68838364 -0.09892645 -0.01217227 -0.09351206 0.29792444 -0.41245971 0.04493368
0.64181929 0.66308345 0.51106826 0.15379870 1.08735366 0.14535524 0.18772312 -0.90179999
-0.58704650 0.10233037 -0.21344706 -0.38374114 -0.66472235 0.03209589 -0.39808119 -0.09360629
-0.77498790 0.37745723 0.67502600 0.17692357 0.85926881 -0.28671740 0.12429436 1.02061305
-0.01592074 -0.71561459 -0.71832507 0.36601633 -0.20252941 -0.08384478 1.07000710 0.61162933
0.57879139 -0.45687199 0.14784060 0.55229580 0.13490048 -0.92027481 0.25718282 0.68518002
0.09168387 0.60094746 -0.54660873 0.44426940 1.12996458 -0.97855037 -0.05519988 0.34046720
0.01801713 -0.81005273 -0.23329045 -0.47545812 -0.46513382 -0.43520037 -0.61319106 0.26358599
0.55555692 0.23257623 0.24542991 0.27387267 -0.18356660 -0.11795216 1.04189657 0.00517477
0.37617481 -0.37081168 -0.06775287 -0.66790260 -0.33054300 0.34649028 -0.78241947 0.15613308
0.53768040 -0.02701965 -0.09929281 -0.66557849 -0.37673853 -0.35160708 -1.20658340 -0.43295805
0.04353447 0.53738599 0.38641489 -0.06931463 0.86387224 0.84617071 -0.18377481 0.40978549
-0.51263305 0.08390679 -0.81349495 0.37891690 0.03849126 -0.00293390 0.43239262 0.27384527
0.55327000 0.01734543 0.68073152 1.06345178 -0.80930945 -0.02729236 -0.27733240 -0.35399233
-0.12337619 0.02583485 0.14041417 0.61979597 -0.91120566 -0.76487423 0.69807398 -0.33178761
0.23979174 -0.57471322 -0.19114308 0.47865140 0.42954174 0.61970376 -1.30189541 0.02920185
-0.59566179 -0.48397077 0.44982938 0.25942436 0.00897818 -0.11686707 -0.53945906 -0.33800118
0.05806956 -0.59573203 0.04855541 1.17769769 -1.01136850 -1.11173366 -0.27498273 0.16648119
0.46625771 -0.68897449 0.30688166 0.91315954 -0.09153996 0.41183459 -0.05393088 0.30020848
-0.19204367 0.59205027 0.23677001 0.23059459 0.63431127 -0.45362883 -0.71559389 -0.03130757
0.30592602 0.17658227 1.22003742 -0.18923728 -0.08748793 0.37672911 0.47178117 0.12515938
-0.10917268 0.49417809 -0.12019543 0.97881637 -0.45748368 -0.43939009 -0.31774103 -0.17643433
0.32411539 -0.10104839 -0.08049247 0.19811898 0.84480240 0.01326715 -0.26011379 -0.49523334
-0.05279003 0.12293939 -0.41170432 -0.03183839 -0.40736402 0.21186109 -0.24768905 -0.38191040
0.67490230 -0.14327191 0.12833560 0.42649883 -0.11939746 0.42260560 -0.26865473 -0.19040257
-0.39672826 -0.41404733 -0.56933958 0.52864654 -0.59516416 -0.32139117 0.69807670 -0.44357321
-0.15007050 -0.41448031 -0.02435626 0.55694490 0.23157742 0.31122310 -0.38926278 -0.19723558
0.58838400 0.35035985 -0.39995587 0.22345161 0.78816298 -0.69302545 0.25579144 -0.17347347
1.04655316 0.32646574 0.65582085 -0.06191546 0.13877819 -0.00263982 -0.13050599 -0.16177766
-1.19954805 -0.01201905 0.18121627 0.22292527 0.41704812 0.10012403 0.02076120 0.56095419
-0.18709798 -0.94114446 -0.33758244 0.44125058 0.15401644 0.09543912 0.08166940 0.29652793
-0.28332511 0.51586347 -0.52545011 -0.79490434 0.03825771 -0.92014853 -0.09798021 -0.14381529
-1.09819282 -0.75514712 -0.24232467 0.11355262 -0.12603222 -0.07351513 0.55386844 -0.37270321
-0.05104875 0.01237432 -0.25559540 0.01463121 0.92127264 -0.28512188 1.13670346 -0.24933973
-0.07453433 -0.28401188 0.09834868 0.32177005 -0.33875412 -0.21225650 -0.39236128 -0.59181729
0.45124799 -0.23749475 0.70585153 0.00104392 0.63540735 -0.80537913 -0.48614087 -0.34767080
0.52307793 -0.94287424 1.01865243 0.05116829 0.00394944 0.75249048 -0.01810121 0.07337488
-0.80753732 -1.01994497 -0.21775778 0.23011358 0.50601365 0.59241074 0.06482324 0.93358708
0.53104117 -0.36576089 0.24848664 0.23254159 0.49132317 0.27089920 0.59163629 -0.17595445
-0.09340781 0.02084199 -1.51593319 -0.57014148 0.06912247 -0.33822174 -0.23790079 0.09577430
1.26387629 -0.11055314 -0.74604285 -0.36214710 0.52993384 -0.10865227 -0.42202653 -0.69425099
0.37759101 0.13578355 0.24364969 -0.87988103 0.15181890 0.32020271 0.61470821 0.06169305
-0.85688055 -0.25241666 0.30846407 -0.25728003 -1.17319025 0.44487145 0.71407451 -0.03517821
-0.37222958 0.10204101 0.35937245 0.37636603 0.47130721 -0.30097436 0.95670407 -0.27829460
-0.21407013 -0.30885756 0.08482048 -0.35756971 0.37959299 0.41422513 0.13455514 0.47407336
1.35017985 -0.40512454 -0.96127624 0.37191841 0.01648059 -0.50883719 0.46133980 0.51145829
-0.06173822 0.08456780 0.58092850 -0.40130306 -0.23519746 -0.77334870 0.01588651 -0.12712892
-0.16029140 -0.11643864 0.08697764 -0.33106341 0.33931492 -0.29185106 0.21023865 -0.04052627
-0.06543845 0.56484841 -0.05750326 0.66967803 -0.45021417 0.97514122 0.39605130 0.15182783
-0.15264518 -0.28551358 0.51275874 -0.36622271 0.64943405 -0.28948536 0.45150629 0.76839655
-0.00953104 0.63126378 -0.78984205 0.70673835 -0.18899064 0.82670307 1.19800475 0.49442426
0.49225330 0.13575514 -0.37508875 -0.84779372 -0.28712255 -0.06975631 0.82970643 0.14929022
0.51076611 0.72132249 0.00013118 -0.01939443 -0.26372327 -0.25377833 -0.02682599 -0.39485855
0.51226280 0.10968117 0.16819099 -0.81954768 -0.35608885 0.39642833 0.04329262 0.44412009
-0.15456612 -0.20971980 0.21012760 0.11694361 0.10546893 0.23271792 -0.49846396 -0.05818429
-1.04553743 0.80859902 0.06415160 -0.41895693 -0.18868608 -0.24035868 -0.51217415 -1.43132767
-0.03933515 -0.05848950 -0.29181488 -0.32559910 0.76546249 0.36519138 -0.76329475 -0.15775028
0.71755317 1.11658616 -0.08026737 -0.21701287 0.65216056 0.34742925 -0.34713622 0.24933097
-0.53119475 -0.14186372 0.91863314 0.11379765 -0.35622832 0.24970076 -0.75086530 1.20204923
0.01626687 -0.49902307 -0.10148413 1.30747053 0.06157120 0.05065356 -0.12567480 0.28104497
0.34724235 -0.00221504 0.06081113 0.16983115 0.46592519 0.17181932 0.43026775 0.13704894
-0.28515953 0.15213666 0.16230234 -0.62635129 -0.75952477 -0.20702696 0.20076478 0.54652736
-0.16640080 -0.29895045 -0.72265986 0.86877122 0.96948466 0.35940744 0.23428095 0.28770336
-0.29412800 0.06904525 0.02188914 0.00072532 -0.28754620 -0.13950485 -0.46488601 -0.36543761
0.95793097 -0.19302061 -0.06831995 -0.34607466 -0.26573455 -0.10146511 0.54911287 0.32959897
0.39855161 0.10894378 0.01937373 0.50801934 0.06926373 0.92682581 -0.49792026 0.97384054
-0.21246524 -0.95596390 -0.33804927 0.21585357 -0.11843022 0.26808267 -0.39610701 -1.29818071
0.23272482 -0.12875822 0.09683408 -0.15781221 -0.33504698 -0.16743114 0.19901652 -0.27882354
-0.26485348 0.01863625 -0.47583589 -0.23026388 -0.73682317 0.59796529 -0.22406423 0.13060628
-0.71416058 0.01560159 -0.61017266 0.32837206 -0.43297082 0.11465092 -0.49896411 0.33919945
0.34084683 0.13041066 0.13009513 -0.54205902 -0.23440767 -0.14160360 -0.82691138 -0.08263172
0.33292025 0.39900275 -0.47313665 -0.26471588 0.51173682 0.39388143 -0.09492980 -0.27336177
