0.57009002 0.89156844 -0.54336150 0.48164715 -0.34407738 -0.49602139 0.29953035 -0.41265282
0.27709416 0.35054143 -0.61672268 0.58809947 0.44543130 0.46842663 0.35683946 0.36887184
-0.18251504 -0.37528641 0.61512701 0.01991739 0.72527519 -0.50379266 -0.07042153 0.20128384
0.01763452 -0.73787158 0.10787383 -0.00949269 -0.35937768 -0.24425492 0.60175374 0.23890264
-0.46203335 0.07368712 0.79733777 0.42923523 -0.49914212 -0.94424398 0.74664986 -0.61736168
0.64119419 0.52505786 -0.28974630 0.58311909 0.46325955 0.00580156 -0.20747296 -0.09121563
-0.15888586 0.38179781 -0.36822704 0.37561089 -0.12272062 0.26443141 0.88386856 0.88729587
0.14282800 0.08559514 0.49949798 -0.21622965 0.57383748 0.46717429 -0.51568645 -0.28694473
0.54136089 -0.00731965 -0.84716713 0.19543926 -0.19319839 -0.77025861 -0.58837484 -0.00137132
0.28873490 0.34549904 0.22050697 -0.35704203 -0.31155442 0.00130805 0.18824573 0.22550285
0.41452048 -0.37323467 -0.66455149 0.62213833 -0.41749434 0.07115683 0.10474447 0.29215038
-0.29939857 0.52151722 -0.54584962 0.73382207 0.27493806 -1.06448489 -0.17997101 -0.43603537
-0.67497334 0.02334742 -0.99705606 0.05746816 0.35918920 -0.17159220 0.22841528 -0.36645595
-1.15359479 0.03722721 0.02770816 1.32458786 -0.75408322 0.94051026 0.83081911 -0.10057627
0.52670370 -0.27717597 -0.32929524 -0.24415939 0.33972509 0.45147313 0.19763828 -0.31633902
-0.13416601 0.53369685 -0.41885799 0.78697077 0.13134157 0.00669968 0.50267512 -0.15496756
0.95330996 -1.34874100 -0.68102900 -0.59818333 -0.06458815 -0.51781484 0.15678538 -0.96213780
0.07706349 -0.00854008 -0.75621348 -0.22224758 -0.16916549 -0.34294723 0.19274765 0.63721103
-0.18066929 0.09593655 0.61636773 -0.04411325 0.61416585 0.11916015 -0.77984505 0.07008403
-0.27497330 -0.14796001 0.66454162 -0.07524014 -0.19168272 0.07817009 0.49569201 -0.28784894
0.03362906 0.08019993 0.29769025 -0.00744216 0.33416863 0.05198545 -0.09588021 -0.29705642
0.65300985 0.18201625 -0.28714505 -0.26285069 -0.33214971 -0.35127638 0.89033079 0.35509044
-0.09989132 0.11936150 0.36529358 0.12909677 -0.94263578 -0.09759042 -0.34467760 -0.07248126
-0.14069129 0.04881479 0.58436380 0.15426147 0.66134179 0.03774659 0.12606684 0.44516992
-1.09308788 1.11724374 0.94530991 -0.65259510 0.22303055 0.74845702 -0.52057133 -0.09026873
0.42851849 0.58392213 -0.33908322 -0.35975391 0.02360421 -0.18327833 0.44473344 0.20134512
0.12129442 1.06560274 -0.29746505 0.57804054 0.60418286 0.68151576 0.40075887 -0.45786099
0.28795341 0.30421550 -0.48387153 0.71026370 0.22059506 -0.18020660 -1.50989424 0.54672678
-0.69949189 0.55781906 0.17108474 0.96096149 -0.10336074 -1.02659216 0.97258992 -0.38059589
-0.03888412 0.27725015 -0.34625465 0.51529373 -0.07671874 -0.41026559 0.56274401 -0.32670297
0.30618787 -0.41832113 -0.26291315 0.42155939 0.03046595 0.03979541 -0.47698226 1.04792418
-0.07317562 -0.70249919 0.77453100 -0.57374953 0.18467351 0.55884869 -0.81577082 0.97611959
1.10380326 -0.28148265 0.12885331 0.78757897 0.45074313 -0.67454513 0.43445181 -0.15232022
0.51254715 0.60706453 0.14161776 -0.46317409 0.01736168 -0.32587439 1.11703925 -0.34767765
-0.03113860 -0.37684464 0.10112128 -0.19617301 0.67355756 -0.01443627 0.64502173 0.13367335
0.24380834 -0.43944451 -0.09727369 -0.15815693 0.04890930 0.02249981 -0.13032153 0.32044527
-0.29882909 0.18824502 0.35394448 -0.38918628 -0.74151316 0.42146301 -0.87203691 -1.63659853
0.26151537 -0.60884959 0.03669483 -0.26572038 -0.58815941 0.37584791 0.75196031 0.14385806
-0.04923909 -0.65559962 -0.15345094 -0.78512977 0.13560462 0.33583837 0.30682959 0.82065080
-0.09221633 0.17198656 0.22618667 0.32812035 -0.67234571 -0.89086793 -0.64266495 0.52732331
-0.32696073 0.29184469 -0.38866824 -0.91150608 0.70141846 0.64326371 0.24342725 0.86649529
-0.60916000 0.08239300 -0.03571293 -0.18554259 -0.21464811 -0.48181983 -0.15415562 -1.04995899
-0.82904651 -0.45602142 0.40455203 0.45395329 0.32522235 -0.32887081 -0.39230081 0.04775395
0.07100373 -0.01288780 0.36553253 -0.10249572 0.15319781 0.90365605 -0.76168438 0.00907949
-0.85783302 0.20322193 0.07409883 0.11723315 -0.03396626 0.37846360 -0.66747963 0.21550314
-0.03045344 0.14109193 -0.11632423 -0.45518171 0.41339727 -0.03190601 0.23265665 0.30975701
0.24620273 0.18175267 0.02436406 0.35758924 -0.20511948 -0.38516302 0.10110626 0.35830216
-0.24335757 -0.15856799 -0.22460035 -0.27083455 0.08194611 0.26607136 0.68039078 -0.70976453
0.69453114 0.95605082 -0.40473586 -0.27427273 0.46050853 0.26838443 0.21162681 -0.03391371
0.11954327 -0.32088502 0.35258950 0.42959290 -0.14508529 0.37282956 0.95136464 -0.19746535
-0.68694812 -0.33407837 0.22410336 0.68951357 0.89354181 0.34477969 -0.77502393 -0.12009120
-0.27689679 -0.23519595 0.27171625 0.42081482 -0.17819137 0.61620143 0.15141702 -0.41070367
0.02149064 -0.39836942 1.13921200 -0.54344718 0.12452897 0.04612921 0.33325459 -0.48618490
0.15065235 0.94741970 -0.44929371 -0.64440241 0.28209499 -0.67015962 -0.60476624 -0.18989066
0.05489439 1.01327949 -0.36628552 0.73947666 0.95124138 0.35337870 -0.08247964 -0.94221368
1.56599140 -0.41623108 -0.10517513 0.98267172 0.21052069 -0.26078145 0.02619313 0.15720115
-0.91933181 0.06087312 -0.03659087 0.04487337 -0.62709046 0.05248277 -0.23987951 -0.89421557
0.35521386 0.56058350 0.46136628 1.06031868 -0.56775782 -0.32742416 -0.07435885 0.15924501
-1.00712952 -0.14375642 -0.57776342 0.53586122 0.25709481 -0.70849378 0.11943046 -0.51689452
0.31789679 0.78980665 0.12138646 -0.45336558 0.33740898 -0.47699920 -0.17705551 -0.14970672
0.29777978 -0.04040682 -0.26131892 0.58801780 0.42750402 -0.29143304 -0.36892685 0.70349912
0.48194281 -0.17759049 0.32679391 -0.19390175 -0.28631272 0.51356219 -0.62371999 -0.53211341
0.26850872 -0.68849498 0.34893730 0.48129732 0.25528753 0.10094404 -0.20910534 -0.13316350
-0.31171645 0.18023890 -0.03343445 0.19085142 -0.25174318 -0.20356005 -0.06406353 0.10374436
-0.74381470 0.50959945 -0.05957045 -0.20155068 0.10530446 0.40340735 -0.11904393 -0.06966808
0.82314566 0.09557409 0.10169220 -1.26220092 -0.06241288 0.40551263 0.12859695 -0.98434304
-0.01010318 0.27454101 -0.77155257 0.30820408 0.31424698 -0.25465667 -0.69216956 0.03818513
-0.40666658 -0.59214376 0.05091416 -0.64561188 -1.17429844 0.35739435 0.00375530 0.94250691
-0.16522326 0.13393227 -0.34534089 -0.43092444 0.18828788 0.62622082 -0.14252953 -0.82031350
0.38777858 -0.72681323 0.04491978 -0.93065587 0.00729167 -0.17336641 -0.55434335 -0.03833014
-0.99952937 -0.01924457 -0.22492991 -0.48924964 0.43296919 0.03817322 -0.24079119 -0.69988061
-0.00302285 0.47472912 0.63347201 0.42416702 0.45043822 -0.17752158 0.09025156 0.45157233
0.79920776 -0.65052989 0.03839874 -0.65935058 0.36805108 0.22170081 -0.51434828 -0.11156077
0.96391295 -0.68056496 0.25554592 0.34740449 -0.73848151 0.66655943 -0.00933841 0.54065201
-0.10348333 0.20360790 0.08810779 -0.61637011 -0.09882089 0.51626720 -0.38039150 0.32582900
0.17672040 0.52888729 -0.47469605 0.80721295 0.04919866 0.37092366 0.02743061 -0.94112374
0.04223353 0.26969346 0.35900968 0.19757228 -0.13094288 0.68841392 -0.10025091 1.08533987
-0.86728820 -0.14134983 -1.25233922 0.16371967 0.73663138 0.45402372 -0.04864514 -0.95016576
0.06934228 -0.33248491 0.36515320 0.01148581 0.05906454 -0.59104964 -0.30792066 0.58247071
-0.06357432 0.42968497 -0.27459323 0.02555070 0.06395521 -0.26040470 0.10027450 0.55193979
-0.10948444 0.43257453 1.26080919 -0.94831067 0.42502639 -0.45483267 0.62233401 0.71881651
-0.44542610 -0.87203686 1.08121906 0.56349689 -0.19341775 -0.51524334 0.32913838 -0.12061150
-0.52936050 -0.97164413 -0.30216053 0.09388600 0.61191526 0.68626497 0.26750668 -0.26897096
0.99889636 0.32074099 -0.38500322 -0.18288965 -0.12125130 -0.15523330 0.00039095 0.68151230
0.30342156 -0.07293607 -0.88375812 0.38629442 -0.03588616 -0.28402542 -0.05998814 -0.17857183
-0.48349571 -0.59240720 0.12128934 -0.21626325 0.39672291 0.41812066 0.66335153 0.11549710
-0.66012648 -0.52748984 -0.15440577 -0.14758407 -0.19918017 0.72700925 -0.44008498 -0.78285455
0.11097973 0.07346668 -0.13483118 -0.48776823 -0.32831071 -0.58924586 0.01674025 -0.04064409
-0.42614544 -0.50743375 -0.02946202 0.59681493 0.44229267 -0.37975813 1.11915645 -0.46674729
-0.07655345 -0.05502661 -0.00081042 -0.88878036 -0.29610304 -0.13408894 -0.65511664 0.04949390
0.41086145 -0.32268100 0.46346016 -0.93849355 0.34540062 -0.70604130 -0.83774077 0.44030046
-0.25490484 0.10155415 0.18697727 0.06763680 -0.18867109 -0.27097098 -0.27211335 -0.92070691
-0.30968626 -0.62386613 0.22242981 -0.16533690 -0.00344096 0.18420897 0.71381920 -0.08939055
-0.40794979 -0.11493796 0.48886846 -0.75290765 -0.11922958 -0.22641938 1.01613200 -0.03967044
-0.54918908 0.61078094 0.05800471 0.40426362 -0.67899444 -0.23255236 0.75576666 0.39390307
-0.13017074 -0.62214703 -0.27819459 -0.43122044 0.38829781 0.06548282 -0.12578585 0.41801105
0.05043717 -0.00819278 0.22609750 -0.00097357 0.90108200 1.07398038 0.32234323 -0.15705035
0.25581056 0.10513915 -0.18042246 -0.29475378 -0.37416409 -0.14651693 -0.35797445 -1.02975297
-0.34225950 0.32306435 0.05658665 1.20051394 0.73924068 0.47303371 -0.05828520 0.06421990
0.70316230 -1.38127853 -0.10827853 -0.76427253 0.62921211 -0.85756312 0.27849473 0.02786018
-0.18416876 0.44121317 -0.06813118 0.64945959 0.84242783 -0.01816894 -0.03201482 0.07225242
0.36856522 -1.31547844 -0.38424746 -0.00457198 0.00793611 -0.08377448 -0.82084040 0.18219501
0.70835688 0.30169644 0.63490152 0.78852748 0.15831681 -0.42916904 -0.20068120 -1.55142006
-0.16955662 -0.15433810 -0.14951996 -0.21699663 -0.20975520 -0.48789792 0.23473503 -0.09084187
0.19274471 0.26513370 -0.43753207 -0.55417432 0.38254662 -0.60484443 -0.52074779 -0.71956004
-0.69109210 0.84642595 -0.35154738 -0.11008661 0.01446899 0.71040777 1.15249760 -0.33353985
0.82782000 0.47767369 -0.23016044 0.12454753 0.49760743 0.26404853 -0.39443571 -0.04617834
0.89866020 0.67025280 0.07519242 -0.33643663 0.91695554 0.36078250 0.40836872 -0.06025311
-0.32112340 -0.50761980 0.77897635 -0.48752712 0.51841078 0.62300638 -0.02441763 0.32402644
-0.27378961 0.02778543 -0.11920644 0.64658596 0.01824066 -0.07934118 -0.07399226 -0.15217331
-0.16813194 1.20321436 -0.65160941 0.28292268 0.38839440 0.05666364 0.33164394 0.23151220
0.29257151 -0.74903761 -0.29838759 -0.62968274 -0.90026612 0.14917749 0.96845700 -0.60432031
0.29561347 -1.15381653 -0.43966865 -0.16345462 0.27439832 -0.63715563 0.12662886 0.04056783
-0.34458081 1.10431141 0.32958462 -0.25650873 -0.29820202 -0.86199688 -0.47378168 -0.10493770
0.13553500 0.23735265 -0.10275604 -0.52828722 -0.28106843 -0.56787081 0.45683831 0.20289946
0.11845271 0.60352286 0.88257113 -0.59842823 -0.67869620 -0.11890676 0.56458275 0.58007719
0.16528448 0.11338005 -0.39299059 -0.06695045 0.35544332 -0.08518130 -0.09479555 -0.19701479
-0.09203348 0.35316667 0.22278791 0.40622091 -0.06506489 -0.46255811 0.21122871 0.34472346
-0.14031953 0.26034775 0.59899277 -0.13784807 -0.65554548 -0.21553841 -0.28337938 -0.46201934
0.27633719 -0.64077989 0.01878451 0.38859423 -1.11934416 -0.25230353 0.67669550 -0.81087643
0.55181519 -0.75395222 -0.00547094 0.14156274 0.66264722 0.27498234 -0.08297588 0.67833397
0.96764409 -0.59414085 -0.61609848 0.09671638 0.88760523 0.05333904 0.61825279 0.16438614
0.12285458 -1.29071865 0.04479175 0.01526608 0.20525441 -0.07890396 -0.12175128 -0.77294628
-0.35065375 1.08922808 -0.79886846 0.08111092 0.65585381 0.78360619 0.10748793 0.59756877
0.01847641 -0.78834196 -0.00280264 0.35187276 0.10251468 -0.67880501 -0.35544613 -0.22665557
0.52400279 0.27999094 -0.64330946 -0.53042337 0.02160881 -0.95130057 0.08820704 -0.79080144
1.12735749 0.65569796 -0.93913280 0.16244713 0.27926460 -0.16151660 -0.61611706 0.04368255
0.04715456 -0.18435096 -0.26734283 -0.25419092 0.08756930 0.58041296 0.61422467 0.06174974
-0.32797020 0.66076050 -0.26042028 0.55748159 -0.51961395 -0.42216432 -0.25726022 0.22753649
0.82006564 -0.78557198 -0.68429774 -0.14309779 0.53415038 0.34545292 -0.38764514 -0.23681469
0.09139581 0.96874735 0.36618496 0.03519274 -0.00947065 0.41615276 0.23820828 -0.37719795
-0.15887389 -0.41327783 -0.69263870 -0.29339202 -0.84547378 0.57203967 -0.07272753 -0.85510384
0.54088882 0.01175882 -0.37714255 -0.30465427 -0.26962446 0.86055690 -0.60035412 0.18342013
0.06254108 0.57966384 0.05053371 0.00903064 0.19316027 0.24364932 0.14248559 0.41565386
0.55798003 -0.29948299 0.23327856 0.34373121 1.11507961 -0.09417466 0.46007427 0.40916448
0.36387271 -0.20881880 -0.27655020 -0.03307599 -0.37196046 0.01317575 0.93500680 -0.00907477
-0.11351567 0.68518880 -0.20988350 0.18876344 0.21467385 -1.38505336 -0.50920432 -0.08693057
-0.02173393 -0.07139593 -0.04300685 -1.18114848 0.13257561 0.48097653 -0.32906994 0.67230273
-0.02906851 0.31119890 0.60018203 0.19189047 -0.08327534 0.87579411 -0.29963170 0.65260884
0.70983903 0.64137250 -0.27558136 0.57230822 -0.08001472 -0.26178165 0.65845201 -0.01483001
-0.31571489 -0.91520463 1.09331987 -0.25860107 -0.59618011 -0.52838308 0.15568568 0.38205608
-0.35022523 -1.20121867 0.55566745 -0.35556596 0.12989638 -1.12510111 -0.44262816 -0.53264499
-0.81964421 -0.01478044 0.71197451 0.30297516 -0.40220343 0.31786395 0.50919775 -0.86440448
0.37321723 0.31151515 0.84324106 -0.00782740 0.16131529 0.80566226 0.52426872 -0.48995137
-0.02310988 0.68489458 1.03823570 -0.39472175 -0.01416918 -0.50549725 -0.00319582 0.21972567
-0.18466977 -0.78087384 -0.03837138 -0.39233889 0.04417833 -0.20810087 0.47349361 0.36863124
-0.07300492 0.34467471 -0.01822084 0.24744368 -0.34240241 -0.04587660 0.86418949 0.44365334
0.93446521 -0.63020977 -0.25545101 -0.46798545 -0.45692992 -0.23423345 -0.33543613 -0.17840062
0.55409198 -0.90508745 -0.86006027 -0.46374266 -0.26981889 0.09482265 0.03109597 -0.20984861
-0.11274433 0.78493812 0.40650798 -0.10965618 -0.37930270 0.45739461 -0.24982304 -0.01068104
0.45988597 0.25974280 -0.04473090 -0.85344102 0.04279716 -0.19413527 -0.25485093 0.46794394
0.56823200 -0.32201385 -0.39465142 0.13282440 0.55403877 -0.41326550 0.17195970 0.12378072
-0.82890017 -0.22351011 0.02909396 0.25934696 0.54959221 0.88830860 0.25610062 -0.77686481
0.00516102 0.07551110 0.11530896 0.72789641 1.16380131 0.05974370 0.27007018 0.61418095
0.06687294 -0.49362544 -0.30053621 0.77141772 0.14133017 -0.29773981 -1.17413616 0.72130911
1.00760419 0.41395489 -0.68101638 0.00287275 -0.81566889 0.16425667 -0.17002299 0.28694453
0.64361343 -0.31104959 0.20060289 -0.79110788 0.14807450 0.67829680 0.23895711 -0.11005277
0.18613296 -0.46552993 -0.35090254 0.41071570 0.60435757 -0.22339057 1.00938496 0.30792142
-0.40775386 0.46550796 0.07366194 -0.07696920 0.18138789 0.33585401 -0.72888964 0.88293485
0.97568294 0.03105684 -0.06178367 -0.67106995 -0.16662544 -0.27070329 0.51462717 -0.21850118
0.72280982 0.07754193 -0.12876808 -1.01494505 0.44730214 0.54036281 -0.21549203 -0.18682970
-0.50950393 1.05742679 0.24413360 -0.14061088 -0.21411530 0.39826057 -0.25737248 -0.80821100
0.18766406 0.58128782 0.50052987 0.16504439 1.09898387 -0.94836912 -0.34550859 0.51107479
-0.37350091 -0.16092680 0.23486457 0.40015579 -0.00414814 -0.36595080 -0.28294790 0.51261707
0.33444501 0.51960517 -0.33566186 0.40334134 -0.91175871 -0.15101414 0.09946594 0.35820959
-0.60460036 0.19881086 -0.49251143 -0.83420873 0.40667793 0.86674536 0.75312706 -0.02724252
-0.25847339 0.25621048 -0.01252524 -0.72571782 0.00805448 0.05498343 -0.78136841 -0.57501972
0.42290781 1.06392433 -0.24944672 0.41922770 0.34832782 0.84296376 0.38925605 0.52360030
-0.33169525 -0.89967647 -0.20852311 -0.80206783 1.31801067 0.19894453 0.01851476 0.42790604
-0.28853375 0.48812330 0.20109228 0.02237905 0.56634488 -0.03658928 0.18116334 -0.23094092
-0.19366990 0.15275721 1.24844950 -0.73367611 0.80253938 0.10443156 0.49291378 -0.10576499
0.34724927 0.03806539 0.21871852 -0.20740309 -0.08462879 0.37931416 -0.46204938 -0.86850759
-0.82608361 0.35829142 -0.08741198 0.18809233 0.25350700 -1.03059539 0.77779960 0.82641611
0.42620417 -0.81049648 -0.05079449 0.45580723 0.17705764 0.26598755 0.18154887 0.13534151
0.35464867 0.11071706 0.34385335 0.15016763 -0.05442721 1.03020093 0.47276612 0.26288717
0.28917448 0.24311134 0.40405795 -0.52662631 0.46651139 -0.26898153 0.35965695 0.67206483
0.15293390 -0.54506861 -0.71028026 -0.08136338 -0.72184762 -0.47203898 0.46017319 -0.28947148
0.91326283 0.49043943 -0.38822481 -0.50626550 0.45260981 0.41413191 0.22364317 -0.07890833
0.41695890 -0.21167837 -0.87674295 0.22700580 0.12831088 0.68585366 0.09688423 -0.56170789
-0.11453467 -0.33646307 -0.26835374 0.19929647 -0.34957130 -0.21310113 0.27160684 0.94588831
0.01445287 0.42336032 0.16394566 -0.47006247 -0.09928257 0.14197812 0.04582626 0.82744316
-0.22713998 -0.21727636 0.16427886 0.34741084 -0.58367855 0.22194416 -0.71714047 0.01609690
0.18320716 -0.36519586 -0.43222157 0.66226425 1.03896017 0.85326410 0.00777485 0.53256578
0.51854652 0.16585021 -0.45632182 0.60839786 -0.31429548 -0.58262872 -0.05605761 0.22921173
-0.47878458 -0.14695212 0.31114596 -0.42895758 0.40160601 -0.15451070 -0.89936972 -0.61674048
-0.33298287 0.22306188 -1.26367501 -0.29174609 0.51561816 -0.90274047 0.41140334 0.05974980
-0.18946879 0.22676952 0.56071439 0.76678668 0.08369057 -0.45190096 0.89776885 0.25693552
0.80027385 0.66351146 0.26722627 0.93058973 -0.28692196 -0.39680665 0.25934205 0.12614208
0.41397106 -0.61449630 -1.20602786 0.52704965 -0.00796236 -0.00426350 -0.10099036 0.21401388
-0.23247703 -0.53150936 -0.50210386 0.50320964 -0.07301019 -0.48159802 0.80783524 -0.64899217
0.46930466 0.99549285 0.38768307 -0.77946846 -0.07260037 0.62659894 0.57388370 0.03896448
-0.02956780 0.56831349 -0.42833091 -0.14198575 0.78833690 -1.20301133 -0.28422062 0.09788387
-0.08428910 -0.87562555 0.14721109 0.08854078 0.37474348 0.44652639 0.70936335 0.37390742
-0.58278563 0.25982461 -0.16464122 0.03391829 -0.52782417 -0.57074779 -0.20983588 -0.08469253
0.31700848 -0.06441370 -0.45654938 -0.11786688 -0.36016970 -0.56933988 0.53208382 0.20366780
-0.25117272 0.61348142 -0.38054005 0.88086486 0.02644002 -0.47916828 0.02650421 -0.29987762
0.25098119 0.22846315 -0.08126820 -0.04108170 -0.36897213 -0.17351893 -0.31812484 0.43861835
0.01355999 -0.26162250 0.65652355 -0.25955185 0.08195831 0.43133356 0.38653384 0.85348726
-0.39755656 0.34720518 0.30082150 0.42575876 0.06109519 0.68602458 -0.13397214 0.26021262
-0.52094003 0.48370988 0.10404791 -0.76065560 0.16528070 -0.04324048 -0.38367327 0.04004707
-0.11621110 -0.23741249 -0.15437966 -0.34361318 -0.16792061 -0.04938892 0.26543223 0.00770432
-0.57664822 -0.52212841 -0.89234443 -0.01700213 0.24273686 -0.06340582 -0.05362934 0.27753899
1.12445321 0.38938285 -0.52812166 -0.65136685 0.21647103 0.04391473 0.34951888 -0.30278607
-0.54257742 -0.71374750 -0.77136684 -0.77371139 -0.00521276 -1.25185429 0.06423304 -0.85950070
-0.07370381 0.17948597 0.18945734 -0.05696871 -0.43971161 0.32361582 -0.47011386 -0.93369137
-0.17860433 0.07388365 -0.82471629 -0.36052230 0.25715079 0.24793282 0.71266803 -0.21111715
-0.13525298 0.00280324 0.37338280 0.24009731 0.38977262 -0.44773873 -0.23045454 -0.08254978
-0.15511879 -0.35956304 1.17445330 -1.36545621 -0.60728551 -0.00510372 0.48968306 0.42919072
-0.36267412 0.97265765 0.90606311 -0.60357472 -0.07090010 -0.14860762 -0.48830498 -0.64680458
-0.06732248 -0.19168273 0.52450869 1.04043686 -0.17055663 -1.07253783 0.13693227 0.99644947
-0.00044185 -0.34925803 -0.27048201 0.35289828 0.16778868 0.25096268 -0.52805791 -0.12954289
0.35279180 0.94510986 0.21334357 -0.03050365 -0.66911974 0.18025193 0.00027307 -0.37250487
-0.51589907 -0.17276540 0.06824592 0.84062512 0.14247400 -0.97800014 -0.55067603 -0.20491913
-0.15118724 -0.54054410 0.25170014 -0.19960885 0.63259251 0.48602540 0.03857987 -0.76479389
0.10917878 -0.32061048 -0.50005960 -0.10588389 -0.42222245 -0.32930897 0.28507130 0.64015921
-1.04287118 0.03653739 -0.35260803 0.65345857 -0.30355705 0.55605441 -0.73364180 0.84982546
0.43974485 -0.35255793 -0.94681009 0.66821736 -0.23952107 -0.44686968 -0.40640020 0.49584368
-0.47571587 -0.09845876 0.59446267 0.44106399 0.71932884 0.60838572 1.07405815 0.15522285
0.05276427 -0.25203396 -0.32751745 -0.46332265 0.07413286 0.30109092 0.29529185 -0.21885410
-0.22160162 -0.49768808 0.73739212 0.15244998 -0.72704827 0.75916166 0.12575932 0.39892090
-0.74813309 -0.40662447 -0.54949538 -0.06189411 1.09007385 1.12508467 -0.44324090 0.38280598
-0.06149690 0.63868123 0.13127797 0.75230756 -0.05846219 0.45411260 0.86684125 0.10061008
-0.58668608 -0.48700300 -0.07385303 -0.88664638 -0.20368193 -0.32581729 0.57940532 -0.30701766
-0.33438091 0.30379888 -0.87523354 0.16422009 -0.11115111 0.24139438 0.47477192 -0.37941136
-0.50095879 -0.22132877 0.83564496 0.21077967 -0.62628868 0.54797247 0.53889434 0.09777522
-0.30099919 -0.25566045 0.58758525 0.43450981 -0.06470158 -1.02841116 -0.08076131 0.30060679
0.14130310 0.20182324 1.04530692 0.27760921 -0.83771127 -0.03030626 -0.44340952 0.36967702
-0.35693810 -0.36982502 -0.87110340 0.40393388 -0.18148498 0.22049725 -0.06273047 -0.51034492
0.70740011 0.36284984 0.13253603 -0.81657480 1.30582461 0.33842902 -0.17242453 0.28752017
-0.39159013 0.12922475 -0.09297419 -0.32564544 0.26360366 1.02968753 -0.16213423 0.13542266
0.08799366 0.69641626 -0.02036166 -0.35786663 1.01169250 0.11494640 0.51166229 0.69823402
-0.12818749 -0.30597237 -0.11494649 -0.08280311 -0.27450344 -0.36044172 0.27971644 0.33680815
0.46863546 0.35342276 0.36969069 -0.63207438 -0.41226462 -0.19049269 0.14161347 0.24337255
0.04425025 0.55148325 0.48120889 -0.37329798 -0.56073762 0.07892908 -0.40058613 -0.46644848
-1.18939956 0.01181893 -0.01227303 -0.05758498 -0.02555474 -0.00063832 1.11393318 -0.43420709
-0.18575189 0.00001106 -0.11506164 -0.42795681 -0.02172786 0.91456525 -0.54320689 0.51432503
0.24895840 0.25283341 -0.49675910 0.33449319 -0.14474144 0.22104656 0.18266645 -0.46857361
1.66976143 -0.10593686 -0.35600085 0.00973871 -0.01326464 1.22599736 0.75290472 -0.60174901
-0.13762563 0.04931777 -0.28221034 0.97594823 -0.34665107 -0.11472540 0.09137511 0.41439684
0.08787945 0.10198294 -0.17699714 0.31476931 -0.03151174 -0.09534101 -0.31025916 0.25177139
0.67990591 -0.02820938 0.28115707 -0.57460344 -0.79050334 0.04364227 0.16456649 0.30290637
-0.02198294 0.57620645 0.43632342 -0.26483178 0.75784648 0.29083242 0.00509654 0.44588603
0.38132747 -0.21287581 0.71413582 0.62794998 -0.31922873 0.79792798 0.04664852 -0.07806138
0.51973332 -0.58576891 -1.10101585 -0.31439706 -0.46538749 -0.94181936 0.81860383 0.15276083
-0.68577506 1.05338115 -0.13486989 0.90631771 0.51591903 0.31988273 0.66990406 0.59772392
-0.11071959 0.25659085 -0.33948773 0.38530585 0.25971401 -0.87133561 0.35997307 -0.40139710
-1.25297279 -0.14610022 -0.34040241 1.14819431 0.19297802 0.35216704 -0.07662993 -0.51936710
0.36224235 -0.10586614 -0.32896164 0.29626049 0.81523209 -0.72767520 -0.90365938 0.37368997
-0.55584120 -0.37798679 0.11681694 0.54904809 -0.27667671 -0.22543600 -0.73456784 0.18620550
-0.41812487 -1.02280066 -0.43241638 0.03950564 0.21054191 -0.22489790 -0.47140789 -0.48449644
0.03312356 -0.12477704 -0.62618199 0.22486931 -0.05751051 -1.12941413 -0.53267987 -0.47118586
0.26281231 -0.19039429 -0.02437759 0.78761130 0.11670463 0.40688432 -0.10649108 0.38602754
-0.92026516 -0.27181469 -0.43259750 -0.04414940 -0.37232879 0.01717267 0.14058292 0.39543664
0.10019407 -0.44104070 -0.09899916 -0.33365809 -1.36951516 -0.43767905 -0.01989412 0.53431245
0.57104621 -1.29025672 -0.17796580 0.01131075 -0.02403309 -0.04251254 -0.74130137 -0.65431952
-0.13982230 -0.51239387 0.07763382 -0.63488513 -0.51891224 -1.15875363 -0.39109349 0.04349239
0.04463914 0.02249968 0.04339921 0.59825840 0.07144669 1.08622310 -0.28727093 0.10619844
-0.97932561 1.21744590 -0.10576351 -0.23546855 0.35532865 -0.19835973 -0.58888789 0.49955944
0.29485010 0.11223429 -0.02566026 -0.99485094 -0.29346875 0.82559290 -0.25651268 -0.61998832
-0.00978661 -0.30736811 -0.23627761 -0.09912582 -0.44226538 0.22383847 -0.57893607 0.33663778
0.78177695 0.46122982 0.75986967 -0.98528328 0.10081969 0.73293258 1.39428431 -0.10328603
0.46346854 0.46792978 -0.35842786 -0.28384753 0.60883608 -0.22209046 0.57204131 -0.15335763
0.05490732 0.17145858 -0.05274299 0.02394589 -0.09806162 0.67454046 -0.05079705 1.41203399
0.81534601 -0.40935847 -0.00023715 -0.25545244 0.68378185 -0.18811176 -0.36262593 -0.26695429
0.58187172 0.43252465 -0.04927056 -0.38361698 0.19449093 -0.34324361 -0.38517119 0.00173828
0.06669707 -0.24829916 -0.99830093 0.09262749 -0.46153712 -0.81313519 -0.35370651 0.55193243
-0.47205894 -0.34917950 -0.21790230 0.79393399 0.94963464 -0.36590721 -0.85654313 -0.36074211
0.13712447 -0.24345170 0.56701348 0.31453616 -0.71835400 -0.56900874 -0.01079181 -0.69506260
0.26307624 -0.50175795 0.66854779 -0.60021021 1.11072770 -0.43110309 -0.26299810 -0.60364702
-0.58689051 1.34024599 0.46098480 0.79956507 0.37897379 0.25251440 -0.46011217 -0.64626076
-0.02099471 0.30541555 0.43739799 0.28942695 0.29379374 -0.11857872 0.32690862 0.50758086
0.42124301 0.09975604 -0.15370434 -0.30568038 -0.22892136 0.12224619 1.18313369 -0.46509144
0.30978830 0.24459210 -0.41699006 -0.29547329 0.02897306 -0.76837257 0.07511505 -0.53429158
0.23473919 0.17015238 -0.15365862 0.66162428 -0.22418497 -0.46859947 -0.03554156 -0.21124938
0.59361356 -0.99118824 0.18397647 -0.34939023 -0.06856483 -0.08527347 -0.27797127 -0.15017679
0.21958135 0.46617405 0.33013898 -0.74755146 -0.69568183 0.01079365 0.18498116 0.20928185
-0.30749257 -0.06486033 0.38220072 -0.01810937 0.35671320 0.79243244 -0.16317195 0.28248594
0.07406773 -0.35317195 -0.29289578 -0.42678188 -0.40770194 -0.08342455 0.43783420 0.68211470
-0.17762876 0.02214347 0.20357747 0.02867943 1.03177713 -0.15524924 -0.20666869 -0.12041883
-0.02961759 0.77584483 -0.51664296 0.59991462 0.50499770 -0.79452129 0.66265033 -0.20597667
0.17192898 0.25798075 -0.48672900 -0.44664037 0.28000092 -0.06627848 0.10838859 -0.08969968
0.34548831 -0.27436549 0.80379512 -0.30633196 0.44799818 0.62468629 0.18837736 0.49689927
-0.54705076 -0.93342065 0.76489742 0.37644680 0.39783301 0.19990110 1.27073494 0.40661894
0.78065206 0.45038580 -0.46949111 -0.60357013 0.80065495 0.01255307 -0.63259141 0.48391507
0.31660520 -0.22558631 -0.25812802 -0.27524692 0.19906257 0.56398185 -0.83841019 0.39898653
0.04766000 0.15424378 0.53897297 -0.67074866 0.41504900 -0.20882795 -0.25907207 -0.68040580
0.22570320 0.16414453 -0.58613814 0.76691930 0.11249173 -0.29549594 0.62703437 0.47700645
0.09274200 -0.16345721 -0.26730369 -0.41918221 -0.17843771 0.53274309 -0.23786264 0.58777274
0.36206994 0.11526880 0.17257916 0.41885085 0.28706086 0.05901567 -0.37015130 -2.15053765
0.33787222 0.24206348 0.73179932 0.28459325 -0.16467244 -0.37896956 0.12755685 0.23857032
0.61851215 -1.10515482 0.51989274 0.38900183 -0.38431310 -0.46437691 -0.05700307 -0.20966485
0.27758555 -0.42563790 0.46974788 0.91105665 0.29008522 -0.15790964 0.30124745 0.63334606
-0.56217583 -0.59669863 -1.27721379 -0.24697177 -0.99799534 -0.09414148 0.11452317 0.05334499
-0.35989171 0.72013624 -0.00683363 -0.01745463 0.40355896 0.76491637 -0.13535980 0.45464283
0.26745695 -0.06589870 -0.11262739 -0.03024964 0.35480114 -0.30575382 0.84535352 -0.09019384
-0.20307775 0.76836234 0.15604425 0.18376296 -1.00483590 -0.18494688 0.26055025 0.30851660
-0.35916993 0.39938822 0.43080391 -0.09578230 0.31028768 -0.70309351 -0.49260364 -0.04092748
-0.85629505 -0.17696598 0.79720303 1.36418270 0.57684687 0.95819990 0.60312383 0.93901137
0.19648714 0.19810745 1.02216083 0.22363379 -0.56840587 0.05267679 0.61317156 0.25799740
-0.89739471 -1.05932469 -0.45440745 -0.18695911 -0.05360880 -0.31345439 -0.41522260 0.04849309
