-0.69223264 -0.00223974 -0.08546766 -0.58954242 -0.15532501 0.21167116 0.15031378 -0.47743654
-0.67618863 -0.19666528 -0.07679075 -0.73381735 -0.10134028 -0.89851846 1.16658211 0.16218057
0.30198173 0.35355819 -0.63095203 -1.03186983 0.12793638 0.18524014 1.24513645 0.71816116
-0.03437151 0.22443583 0.16476289 -0.13714637 -0.68925434 -0.24054545 0.71895900 0.13800486
-0.03800269 -0.64173557 0.67719435 -0.25766574 -0.29811899 -0.22036457 -0.02003993 -0.04099343
-0.24182758 -1.41373288 0.40438290 0.36365034 0.14557832 -0.60979568 -0.13394492 -0.00255878
0.38231282 -0.52832984 0.05657702 -0.01016096 0.29361997 -0.59620487 0.55140103 0.77430644
-0.50993584 -0.79373777 0.29612329 -0.19794679 0.12005007 0.40039552 -0.59091224 -0.82829257
0.42324493 -0.29561344 -0.55387851 0.21352218 -0.23904295 0.08305036 -0.43800693 -0.06550782
-0.47014790 0.45029762 0.12989146 -0.95528346 -0.36985655 -0.33291000 -0.12063429 0.68566438
0.09892947 -0.02767266 -0.46639486 0.20752638 -0.12570577 0.69849974 -0.13845770 -0.31270311
-0.08668887 0.56366118 -0.57619254 0.09287643 -0.58185402 -0.79257896 0.78880160 0.12156887
-0.26648508 -0.47275434 -0.09609154 0.26108470 -0.67817017 0.03239635 -0.01105343 -0.23233518
0.13574437 -0.22591955 0.33877077 0.39311155 -1.14833698 -0.35400631 -0.67428907 -0.59923957
-1.14451489 -0.06037602 -0.72098985 0.45186119 0.58143973 0.28577441 0.09284473 -0.42625564
-0.43172529 -0.26568958 0.98834321 -0.66469564 -0.17870495 0.20905164 -0.07919754 -1.00721411
-0.65022982 0.39581861 1.46142127 0.07237413 -0.42217341 -0.15496592 0.15528041 -0.56880758
-0.30579537 -0.06089938 0.04590680 0.13601463 -0.97367489 0.27920784 -0.04260439 -0.00839742
0.18928561 -0.31666080 0.02072215 0.12654382 -0.35155648 0.90324902 -0.68931576 -0.42961607
0.19008944 1.10793768 -0.07004576 -0.36765193 -0.36156862 -0.07151107 -0.43356845 -0.01933746
1.25236974 0.32644568 0.12922951 -0.05819509 0.37043458 -0.38127453 1.37234675 0.12069190
-0.22474116 -0.88169284 -0.14445017 0.32147918 -0.51687720 0.02544721 -0.06678294 0.23501349
0.13074334 0.42384513 -0.32446346 0.25025500 0.00044060 0.06557304 0.18358049 -0.78048004
0.25786595 0.08380975 0.00862031 -0.02222191 0.14408200 0.57901619 0.19107983 -0.18677185
1.14576995 -0.17500155 0.13270090 -1.01511084 0.81744690 -0.35484711 -0.53287253 0.22241848
-0.24985541 0.32569042 1.17079466 0.22188058 0.25529400 0.91614491 0.74717597 -0.58086411
-0.42828688 0.30540004 -0.46894305 0.03822901 0.38031594 -0.67800239 0.24269901 0.21535055
-0.18036357 -0.63977182 0.72313585 0.05942726 0.20674093 -0.35501659 -0.09774628 -0.32784785
0.60843962 -0.30774554 -0.01386369 -0.14486788 -0.88221080 -0.02626474 1.08975791 0.19176123
-1.00135188 0.12105868 0.02033265 0.85894059 -0.43614418 0.65325567 -0.05135976 -0.22328626
0.23690258 0.15027512 0.16374847 0.01074160 0.71888929 0.48194535 -1.23029952 -0.68825954
0.29408831 0.30043640 -1.10607839 -1.06384721 0.01970127 0.21537640 -0.00086810 -0.53278466
0.37747522 0.39184588 -0.37927221 0.17651063 0.54279400 0.99663710 0.18980392 -0.45118253
0.04819741 0.50221755 -0.44192307 0.10534855 0.07967687 0.76782664 0.22945356 0.19631198
-0.25122529 -0.14282711 0.46811688 1.05995376 0.19334653 0.02215839 0.45352561 0.38749257
-0.04673073 -0.55703408 0.01435495 0.12567764 -0.15194816 0.17365869 0.36126704 0.17808308
-0.14754634 -0.55721761 0.18834206 0.64343967 -0.86077165 0.03620840 -1.05054638 -0.20419297
-0.56039901 0.21800263 -0.21496212 -0.22262441 0.01229767 0.84358414 0.34741124 0.53573985
0.01754501 -0.02079279 -1.85485554 -0.13222782 0.37499090 0.62284130 0.22786887 0.66110001
0.57082611 0.51125557 -0.41142533 0.48380932 -0.09342028 -0.24880761 -0.12521541 -0.07931240
-1.13096608 0.19974561 -0.32343558 -0.33709231 0.43802511 -0.15358237 0.96556496 -0.44384870
-0.72348505 0.38659915 -0.21339661 -0.03150887 -0.51719305 0.77112799 1.27967707 0.23215335
0.38576125 0.15120953 -0.01975186 0.01663150 -0.93521983 0.39136998 -0.31562996 0.05423779
-1.24163705 -0.24676832 0.11008022 0.59491272 -0.87589596 0.07837625 0.00136818 0.90922989
-0.04937040 0.36522846 -0.71926109 1.24956919 0.19206428 -0.33890237 0.04900212 0.28843195
-0.30838773 -0.52375908 -0.46480385 -0.07130750 -0.15183140 1.02220616 -0.65652037 0.34443406
-0.16081281 1.33453377 -0.76297130 -0.56644501 -0.12145649 -0.18320335 -0.14437458 -0.48980571
-0.77876600 0.31858045 -0.08486996 -0.37863871 -0.17832657 0.09323367 0.04233334 0.12468971
0.08773295 0.01012105 0.46350531 -0.15264060 0.28377792 0.40852106 0.06902176 -0.00622968
0.22818803 0.27134233 0.07763506 -0.26099173 -0.13478686 -0.03256459 -0.31071738 -0.51840819
0.24439645 0.17274561 -0.66988022 -0.57677092 -0.28097352 0.03210573 -0.61361051 -0.07423843
-0.40764954 1.13895978 0.80764305 -0.26022525 -0.76284417 0.55866307 -0.60330640 -0.62294097
-0.57838258 0.86120771 -0.65241448 -1.07333104 0.14322064 -0.66588814 -0.50315129 0.60006515
-1.01918664 -0.75068456 -0.38635180 0.90239712 0.20409775 -0.34838241 0.50946911 -0.32961668
0.51923896 0.14782744 0.66374608 0.07056500 0.37144691 -0.07122757 1.22376918 -0.47111466
-0.73566802 -0.34991501 0.58187674 -0.38111831 -0.28261514 0.41239867 -0.04692609 -0.36457268
0.23644586 0.51037530 -0.39993395 -0.43784727 -0.09133702 0.17736281 0.09673764 -0.88945323
-0.65779023 -0.14583150 -0.43220561 0.33884982 0.29111590 -0.15805348 -0.31628643 -0.52685642
0.08458275 0.32343820 0.10549717 0.71907246 -0.12741762 -0.48277318 0.22358464 0.36892190
0.60368131 -0.90925609 1.06809525 0.02354166 -0.68428247 -1.04127919 -0.42666571 0.28535704
-0.15098380 -0.24694728 0.73045234 0.11372593 0.59204653 -0.92284176 0.07075983 -0.42773433
-0.40933316 0.48445756 0.56112680 0.68504885 -0.81523775 0.50924039 0.27595996 0.34883606
0.09167650 0.07931975 -0.27872052 -0.13147575 -1.02429131 0.03160641 0.43916441 -0.25239536
0.02195674 -0.47918926 0.82635940 -0.21459085 0.22226991 -0.66277116 0.04838803 0.46285250
-0.33725703 0.38291238 -0.18351341 0.24803567 -1.22374120 -0.71034200 -0.05262963 -0.75960839
0.80833364 1.03423574 -0.16328529 0.58956562 0.70830006 0.49012774 -0.02169083 0.64775801
-0.34329574 -0.43455713 0.05402043 -0.28144800 0.30567304 0.29870260 -0.02904111 0.07265566
-0.10050201 0.40197865 -0.20604811 -0.43892670 0.50471258 -0.02362391 -0.54823700 -0.36649868
-0.33216928 0.53944782 -1.04066261 0.94449240 0.49998359 -0.00232030 -0.38208269 0.48718637
-0.56618381 -0.65046993 -0.49945558 -0.45235102 0.16471365 -0.00848784 -0.66733921 0.04931394
0.20673708 1.21711116 -0.21441153 0.91310657 0.14226992 0.82049764 -0.02538781 -0.20464996
0.54903257 0.56072315 0.24796750 0.72900056 0.43408012 0.74339294 -0.43361357 -0.65525096
1.11721362 0.00377824 -0.12629418 -0.01756583 0.06430278 0.62976867 -0.24997772 -0.07857027
-0.82669444 -0.10948446 -0.04935646 -0.29712524 -0.71772913 0.29500109 0.51848267 0.23654849
0.22360883 0.12527113 0.32609476 -0.69755928 0.21163946 -0.01886169 0.10545455 -0.70266834
0.37546305 -0.71541262 0.49576607 0.34628020 -0.64165080 -0.37339443 -0.28139299 1.35695925
0.94067565 -0.73463866 0.13334900 1.05202481 -0.29787225 -0.72037581 -0.18408615 0.34404811
-0.25988262 -0.37062564 -0.51085664 0.92721221 -0.09101259 0.79782865 0.74853100 0.60213261
0.19130641 -1.02814624 -0.26509470 -0.47932553 -0.07821820 -0.06518308 -0.20522416 -0.24647715
0.31692085 0.02873080 -0.34503248 0.12786786 0.09948298 -0.19585876 0.12971937 0.64275720
0.27844337 0.67168220 0.25266615 -0.83526899 -0.09207880 0.16805426 0.03691437 -0.74524187
0.89700089 -0.09049194 0.43381141 0.30349754 -0.16352673 0.37194814 0.10885548 -0.58963312
-0.26024680 -0.39764757 -0.02444222 0.67392381 -0.60836929 0.70575733 -0.02798553 0.72197830
0.22190883 -0.28730915 0.67899079 -0.11343893 0.04978813 0.06641280 -0.17251591 -0.92630957
-0.07152453 0.36089294 0.37045913 -0.23203941 1.20105098 -0.34914311 0.81012567 0.11527164
-0.61189688 -0.38414059 -0.60521678 -0.54345969 -0.28799124 0.17291305 0.57851042 0.78275949
0.66131255 0.21798192 0.30613535 0.41001353 0.30817443 1.03025441 -0.21819719 0.65275052
0.67130065 0.22858682 0.21857641 0.69542990 -0.86696157 0.63644971 -0.66051238 1.12279661
0.55362034 0.95451810 -0.13293838 -0.02384865 0.07858871 -0.43669620 0.16291835 0.64437289
-0.62141264 -0.82312890 -0.47199520 0.09966257 -0.27169456 -0.79897841 -0.39709025 0.27781317
0.13017165 0.19427397 -0.32924040 0.38389019 -0.45020101 0.02366224 -0.44438095 -0.16531140
0.20868187 0.62467205 0.30246107 -0.00327726 0.05852515 -0.01827415 0.00289805 -0.18092312
-0.02990918 0.87698524 -0.63116247 0.64313230 -0.00978938 0.71158682 0.08386001 -0.60527905
0.07770122 0.41814826 -0.10517092 -0.44118990 0.00330767 0.08058425 -0.37515343 -0.41699238
0.65044367 -0.12112230 0.02355060 0.66820813 -0.55795778 -0.77150101 -0.26383184 0.30407580
-0.18096807 0.10522653 -0.42704997 0.03402105 0.24002505 -1.18170019 -0.16946469 0.13962762
-0.35293403 -0.28587237 -0.34940449 0.06706187 -0.08512705 -0.43797045 -0.13184281 -0.48201702
-0.16490188 -0.29690486 0.19715878 -0.53457178 -0.31940278 -0.64656240 0.96157984 0.58719600
0.06558318 0.37738866 0.37350581 0.20049088 0.42318676 -0.24919725 -0.65591776 -0.68287735
-0.18169580 0.34183717 0.03528447 -0.01163156 -0.33676915 -0.22665760 -1.33195400 -0.21462442
0.04714746 -0.09456696 -0.40512716 0.03144805 -0.67007615 -0.62412827 -0.14662949 -0.17104109
0.29629290 0.03576394 -0.22394733 -0.33781635 0.28920809 0.27466814 -0.39221362 0.07766937
-0.49671319 -0.79309292 0.49798236 0.55410289 0.54191375 -0.32840259 -0.35023164 -0.15374639
-0.36678913 -0.13684243 0.99131737 -0.18843777 0.31717265 0.80988345 0.56273647 0.69104142
-0.86210485 -0.24741276 -0.79401314 -0.33914826 0.15682491 0.21694657 0.52357521 0.49216842
-0.21567964 0.08474550 -0.19109016 0.71818940 0.75964133 0.13564044 1.24214362 -0.40661896
-0.47495575 0.38067380 0.46128147 -0.02390142 0.36783361 0.25829625 -0.00942347 0.80341472
0.20062652 0.93507749 0.25678771 -0.34420883 0.09028606 0.69625182 -0.55735787 -0.31141235
0.64976842 0.09746707 -0.89603588 -0.32273936 -0.31839622 0.16504607 -1.11134574 0.49313012
0.35782472 0.26972467 -0.86709727 -0.16771918 0.04712351 -0.28100212 0.45267359 -0.61253473
-0.81760558 -0.06653431 -0.35193849 -0.43245122 0.16292858 -0.24291954 0.20672958 -0.53718260
1.24645757 0.20834698 0.19191338 -0.00200798 0.20913336 1.45211135 0.12755260 -0.28014951
0.26460104 -0.07886193 -0.83392512 0.71232397 0.02319700 -0.23476108 -0.62406685 -0.98996366
-0.38940000 0.24106563 -0.34743742 0.05243752 -0.01820760 0.31952089 -0.42357619 -0.17537108
-0.29241882 0.38736660 -0.10589276 -0.04245226 0.68820789 -0.02048154 0.88644133 0.06781528
0.07646128 0.15068797 0.45073581 0.83943423 -0.73435529 0.81905188 0.70690950 0.13403046
-0.79863523 -0.14218607 0.23824652 -0.09720179 0.01420867 0.52845361 -0.19821789 -0.22409166
0.00788268 -0.35856297 0.55728829 -0.04764848 1.06241265 0.28930883 0.01131372 0.00807473
-0.03763227 0.18613266 0.58159713 0.11082591 -0.33775622 0.50963286 -0.24403090 -0.26681226
0.26015410 -0.38844630 0.19817566 -0.39622714 0.28918050 0.62372997 0.00934206 0.30062429
0.22613267 -0.32794140 -0.38253078 1.05853133 0.32260628 -0.34771357 0.34811932 0.08266543
-0.12710065 0.67127131 -0.69603594 0.49656432 -0.88977265 0.49149367 -0.05471885 -0.00396235
0.02631338 -0.10223061 0.30610233 1.06681621 -0.14812872 0.56683379 0.21943908 0.75663873
0.19434472 -0.05664247 -0.09069589 -1.19600047 0.52196706 -0.49909841 -0.18179393 0.09439141
-0.93861675 0.40833857 -0.07208265 0.93253745 -0.21151337 0.35707461 1.05978312 0.79024995
-0.31888516 -0.10342210 -0.43300178 0.20234291 0.89430836 -0.46580986 -0.13154284 0.26182483
0.54512745 0.04033831 -0.33268884 0.03526164 -0.60388327 0.48619532 -0.19776975 0.20366539
0.07289341 -0.05864667 0.87244163 0.28015716 0.23561863 -0.02277677 0.98311165 -0.40908376
-0.34511068 -0.20909909 -0.32963075 -0.35681359 -0.06184671 -0.24352357 -0.91278073 -0.12908082
-0.03109231 0.24865865 0.08306574 0.20078063 0.41040060 -0.50845238 -0.05572190 -0.71323062
0.47299621 0.26331448 -0.27476072 0.35397334 0.24302697 -0.54087756 -0.46810412 0.45567083
0.87883970 0.81335560 0.26702725 -0.38867801 -0.78308942 0.76950544 0.03334192 -0.30559755
0.16738836 -0.57184086 0.61172791 0.45903393 -0.15397942 0.38857802 -0.51280373 -0.15165612
0.03668131 -0.14184942 0.18169086 -0.34115410 -0.87567928 -0.19401374 0.21409680 0.13020941
-0.20889552 -0.09659518 -0.82944518 -0.06813533 -0.59780687 -0.06757930 0.22263583 -0.84042832
-0.44384426 0.32103506 0.13581631 -0.86460272 0.09429107 -0.14092350 0.51109723 -0.12777530
0.29031085 -0.00128696 0.58400299 0.06225759 -0.20869775 0.76216129 0.30864807 -0.53551783
0.16292046 1.12694953 0.40497501 0.66510670 0.34577073 0.37205706 0.15650986 -0.28250335
-0.28539563 0.28940041 0.09321819 0.47267453 -0.17755174 -0.13122748 0.33440667 -0.83766912
0.87643329 -0.03143712 -0.90783543 0.10592670 -0.73275385 0.57158789 0.06637244 0.34261584
-0.12384577 0.38501159 0.38864546 0.87745021 0.21521341 -0.31010598 -0.21975836 0.15251530
0.28337077 0.55799116 0.21736245 1.58964972 0.16499918 -0.52968604 0.55830291 -0.44767296
-0.21995799 0.09029723 -0.88497521 -0.09374281 -0.24119539 -0.08903339 0.40296633 -0.64486118
0.89567729 -0.03320118 -0.35060486 -0.34067254 -0.20894066 -0.26774403 -0.35689662 -0.93021378
-0.68285201 0.83060023 0.04255584 -0.44360238 0.04211730 -0.00902859 -0.60191477 0.25071767
1.10621856 -0.36757410 -0.65723417 -0.04810859 -0.19333909 0.47344358 -0.16355293 -0.75565299
-0.46482357 -0.20165503 0.06073998 0.82024931 -0.48443918 0.70362423 0.33542425 -0.50469666
0.28633964 -0.18520985 -0.68718134 0.55815332 -0.31825170 0.66943522 1.14779713 -0.55125799
0.75090850 -0.17962275 0.69676773 0.25105586 0.79805419 -0.61589743 -0.25554868 0.35780727
0.60969029 -0.34075420 0.67082184 -0.37375865 0.53806472 0.26155237 -0.19475168 -0.07587195
-0.44894804 -0.50667625 -0.81426717 -1.08715963 0.15718555 0.44933629 -0.94045558 -0.43968381
0.63693652 -1.08652172 -0.15420753 -0.33405650 -0.22514979 0.53064784 0.95048215 -0.09692871
-0.42969835 -0.39427059 0.21177623 -0.11859980 0.42178799 -0.94796901 -0.42359186 0.67125625
0.02899749 0.21943264 -0.24039465 0.17114876 -0.28698166 0.46990226 0.06454225 -0.22806125
-0.21187505 0.78025328 -0.32488293 -0.32938589 0.16569487 -0.47533734 -0.17722296 -0.40115401
0.53096854 0.04975759 0.56051889 1.30445334 0.06202935 0.18049244 -0.51132960 0.17001007
0.00611234 0.36430066 0.97994343 0.36762376 0.42733886 -0.51128711 0.17454899 -0.66129775
0.05159074 0.20756813 0.28070724 -0.72835269 0.35540150 -0.09105682 -0.02248788 -0.91915094
-0.39713078 -0.39918192 -0.30093905 0.66153444 0.13109119 0.29523859 -0.45445469 -0.43316906
-0.26726947 -0.39565150 -1.06311875 -0.44874303 0.81649364 -0.24016266 0.14851458 0.06686577
-0.31289247 0.28186313 -0.10299972 -0.08377043 -0.01841638 -0.35251971 0.52269058 0.37843405
0.41461544 0.59503726 -0.25561750 -0.12639769 0.19117798 -1.06411570 -0.88759418 0.32178485
0.49903140 0.57936414 -0.65955777 0.39388543 -0.34951272 0.25123273 -0.04229808 0.64616825
-0.68428660 -0.36128061 0.16796987 -0.18954704 0.05419533 -1.04545108 0.50758712 -0.13908570
-0.15589726 -0.59725194 0.00367271 -0.39498846 0.41914654 -0.46638434 0.16473808 0.10796781
-0.27602286 0.44049730 0.19320129 -0.71834023 0.87929597 -0.34309339 0.46586939 -0.42968865
0.10771135 0.41950455 0.54191142 0.73813786 0.02139711 0.54792781 0.38823286 0.92073313
0.42474797 -0.21377369 0.65164553 -0.22988400 -1.03736799 0.15710120 -1.03674868 -0.32489641
-0.25692091 0.10214224 0.97936679 0.19242237 -0.76682287 0.81573645 0.93489717 -0.54668087
-0.29655519 -0.41958757 -0.15983747 0.42060038 0.12157283 0.25966714 0.93017042 0.36321056
-0.26237321 -0.88600614 0.61265605 0.14764773 -0.33895350 -0.29663873 -0.00696273 -0.54207374
-0.54348686 -0.79332095 0.14799088 -0.15835300 0.30949407 0.18150113 0.26954675 -0.04667201
-0.35126348 -0.14788166 0.70682362 -0.87859048 -0.39215669 0.04480550 0.38974465 -0.01943126
0.11742674 -0.29552142 0.00291302 -1.09227067 0.16166789 -0.12627048 -0.18891985 -0.17486677
0.59997736 -0.47764812 0.15607028 -0.33109100 -0.20869974 -0.32676093 -0.46046942 -0.07362773
-0.30710763 -1.09223966 -0.58055854 0.69345005 0.48373953 -0.59796490 -0.93807039 -0.10963113
-0.54795082 0.61161752 0.64481280 -0.05386124 0.26913255 0.73573276 -0.48443187 0.06686614
1.33212765 -0.24876128 -0.04527133 0.46630678 -0.23000600 -0.13643324 -0.09647456 -0.48534823
-0.60560348 0.21142963 0.48176623 -0.55655247 0.48301141 -0.31529107 -1.02450692 -0.11059410
0.03067855 -0.05011739 -0.24897271 -0.52355036 -0.37701929 -0.17855183 1.18443990 0.78237545
0.44152468 -0.08631144 -0.82924378 -0.26960582 0.18643305 0.48071434 0.20397539 0.05294271
-0.30175244 0.19019992 -0.01362095 0.31419185 -0.54481045 0.05062480 -0.34945374 0.42205922
-0.63930727 0.96172659 -0.54828122 -0.77993375 0.09825689 -0.05478918 0.09579026 -0.02274186
0.15771510 0.43407338 0.14402511 -1.10341197 0.59897446 -0.96214711 0.21628635 0.48130664
0.43441408 -0.90418456 -0.52697889 0.12341585 -0.65963641 -0.11457982 0.24035148 -0.64121719
0.52979227 0.53446943 0.65733690 -0.38997536 0.49233315 -0.83914526 -0.17910227 -0.08593605
-0.39013498 0.19917710 -0.64000423 -0.23253111 -0.13493670 0.17934783 0.60472252 0.09001585
-0.36843231 -0.13756140 -1.51940326 0.07034699 0.46192649 1.46596061 0.47413554 -0.25987761
-0.33355751 0.07576440 -0.21906787 0.60005258 0.57596554 0.33251067 0.86384703 0.10876756
-0.14266715 -0.15698743 -0.98125944 -0.51095962 -0.04827463 -0.91929483 -0.11489606 0.28152179
-0.63135942 0.29067924 0.09970453 0.11960157 -0.47215999 -0.65579099 -0.23123084 0.14679319
-0.03929155 -0.30417934 0.04420397 -0.00660120 -0.37985004 -0.31116766 -0.37282604 1.03549986
0.28406408 -0.49492056 -0.17310546 -0.40163245 0.56173080 0.13596182 0.73166757 0.01525200
-0.25288175 -1.26833714 0.19022548 0.57483400 0.27875744 -0.36956463 -0.26689731 -0.12475803
0.17892915 -0.21776412 -0.36228462 0.18420266 0.06933907 -0.52001739 0.48920220 -0.22168793
-0.18911605 0.02466550 0.37623233 -0.41984646 -0.26942354 -0.15097010 0.60603699 -0.42572948
-0.37449460 0.29950377 0.14604428 0.22150302 0.65271498 -0.39504941 -0.73570314 0.26959191
0.70294247 -0.22281716 -0.44511831 -0.25910981 -0.11572005 -0.19738963 0.12241327 -0.10151399
-0.00012480 -0.25690671 0.14255409 0.61178466 -0.06270473 0.19146370 0.20762696 -0.16758488
-0.69174034 0.33305143 0.08692022 0.16116050 0.11454254 -0.49474281 0.18150983 0.38721562
-0.08406632 0.11427953 -0.56159420 0.04902784 0.67516101 -0.19421128 0.55271760 0.53643925
-0.23735857 0.70684859 0.14146006 -0.20484304 0.19880621 -0.71686607 -0.13131701 -0.91811470
-0.72408832 -0.84202954 0.00254981 0.51216069 0.48836276 0.74902861 -0.54995525 0.22725461
-0.69335390 0.11193180 0.65887460 -0.28851134 -0.93456175 0.26647697 -0.57705643 0.33220289
1.37554519 -0.19157263 0.58565475 -0.57509154 -0.11326999 -0.22486109 0.17201030 -0.00105578
-0.48443561 0.18079698 -0.79649935 -0.47680459 0.15474138 -0.56703592 -0.14802830 0.24401159
-0.27698378 -0.48572740 0.14656045 0.47147459 -0.49090264 0.83526189 0.07477964 0.37311460
0.16996564 0.18144481 -0.77295651 0.43805448 0.09721823 -0.38944292 -0.52600105 -0.13460042
1.39598656 -0.17190717 0.73410415 -0.46248328 -0.00486951 0.82604061 -0.59832991 -0.28721613
-0.27466206 0.49573505 -0.27232482 1.09170202 -0.12325760 -0.52923131 -0.21694842 0.87366187
-0.37637449 -0.53349605 0.41754290 0.08507897 0.54031292 -0.54197190 -0.35531725 0.00419363
0.54438032 -0.35024278 -0.06015683 1.19191031 -0.35045273 1.05993406 1.01962550 -0.98023821
0.50080799 0.29525733 -0.09010704 -0.35250852 -1.13918043 0.05078878 -1.53204367 -0.17076201
-0.69382259 -0.14095981 0.79736760 0.93311772 0.18204298 0.59309770 -0.35176619 0.86043664
0.42783267 0.04682474 -0.85785279 0.07006338 -0.48002753 0.26323592 0.13937416 -0.10243231
-0.43825652 0.15467263 0.35525082 0.15870777 -0.35128607 0.07072664 0.08555629 0.12529867
-0.42689404 0.03058093 0.27523054 -0.30495654 0.80804668 0.00118583 0.65720191 -0.11184313
-0.46357126 -0.25051234 0.46697601 0.77116853 -0.44318849 -0.06168551 0.66038616 -0.30706801
-0.56057095 -0.17271706 -0.24783763 1.07867968 -0.49687489 0.01494451 0.45704706 -0.23871688
-0.01989630 -0.10765753 -0.39728710 -0.54923704 0.03596097 -0.20293402 -0.25481131 0.83979648
-0.59709403 -0.52155025 -0.05999248 -0.04688208 0.13392405 0.17788127 -0.31352904 0.19682817
0.32537091 -0.98799963 0.57634989 0.15914825 0.78384957 -0.18779215 0.32469901 -0.03320833
0.51559255 0.12112969 0.38971196 0.40335509 -0.02070288 0.36309147 0.87477898 0.58536642
0.99900131 0.68627057 -0.38111035 -1.02220100 -0.29536742 0.03751607 0.01592363 -0.71246610
-0.03966857 -0.23454487 -0.38923110 0.58608475 0.29391565 0.35014036 -0.73667901 0.27387678
0.32240299 -0.19113851 0.02018440 0.38455688 -0.34594054 -0.66311151 -0.26021414 -0.12145758
-0.96803584 0.69528103 -0.34798866 0.86412677 0.22580966 -0.12673569 -0.57410104 -1.04176871
0.80656003 0.07619226 -0.84968448 -0.22367063 -0.41090987 0.77526368 0.77972747 0.42452793
0.85156771 -0.55905368 0.16268310 -0.53831089 -0.11692438 0.20569675 -0.82082220 -0.70305770
-0.28977768 0.05436952 -0.48914162 1.60201738 0.73206994 -0.35815255 0.46384172 -0.34304902
0.22722533 -0.08146464 0.43337407 0.30653667 0.13343355 0.18281904 0.80637181 -0.22308544
0.55681920 0.80030356 0.40676994 -0.31816097 -0.69400138 -0.47671203 0.33938811 0.03051635
-0.95662769 0.70812582 0.00850782 -0.39379724 0.80617969 0.23469126 -0.60943129 0.47482507
-0.18242880 -0.17630559 -0.20788667 0.96615573 -0.80560721 0.12702881 -0.47349684 -0.39053658
0.65724947 -0.02184442 -0.28674770 -0.06978756 -0.47888968 0.49519707 0.61571100 0.16821459
-0.28061231 0.90899805 -0.14600336 1.00529741 -0.25421572 -0.08138364 0.28954978 -0.86053920
-0.55093220 -0.19011239 0.19034828 0.03977110 -0.22380842 0.03097501 -0.46332589 -0.38790545
-1.15102358 0.35573065 0.06055368 -0.22306084 -0.48753061 0.05759336 -0.18356884 -0.19152648
0.27772708 -0.34933706 -0.17035291 0.18373247 0.42386425 -0.09373435 0.24150390 -0.42300594
0.03159479 -0.08713382 -0.81538376 1.38801628 -0.18155114 -0.70405538 -0.59770664 0.86068003
0.59310032 -0.56213080 0.37034660 -0.11791303 -0.92616219 0.78069573 -0.99284830 -0.02380377
-0.78443989 -0.54264129 0.15259376 0.00780857 -0.44101541 1.04808007 0.43968295 -0.74127333
0.17773197 -0.85872175 0.70582589 -0.57773298 0.04251479 0.78916962 -0.34065112 -0.18840132
-0.06731126 0.16669495 0.55458553 0.25364084 0.64260969 0.16728549 -0.51144078 0.69563512
-0.02415768 -0.26764841 -0.43433552 0.00611707 -0.40983546 0.61668459 -0.10652020 0.11478702
-0.28507528 -0.36271037 0.48885835 -0.15965766 0.10492736 -0.51800144 -0.16325532 0.54758104
-0.57908222 -0.37970015 0.11170020 0.65494750 -0.86770571 -0.49046697 -0.11912157 0.58167602
0.76419111 0.45007392 0.18156468 -0.33416754 -0.12456578 -0.43195738 -0.99304872 -0.96314950
0.31896153 -0.17132457 -0.46708390 -0.73988645 0.26571283 0.38046534 0.26143563 0.50756411
0.48715008 0.35983152 -0.30715740 0.08880466 -0.29237670 -0.63287293 0.61756893 -0.15523491
0.24043402 -0.74586058 0.39284719 -0.32108627 -0.34050758 -0.10687490 0.32277007 0.22389281
1.10955579 -0.62438975 0.40238906 -0.53286275 0.35845426 0.35646749 -0.03178133 -0.51412572
-0.07284605 0.94804514 0.77406190 -0.08246437 0.19403865 -0.10666742 -0.22698771 -0.41148373
-0.75167652 0.17250198 -0.72464159 -0.71596536 -1.12552544 0.53495496 -0.39354052 0.02657937
-0.28131333 -0.57638097 -0.50710327 0.64998629 -0.21390375 0.03882076 -0.30601702 0.00481646
-0.62473208 1.09592257 -0.26342993 0.16805798 -0.12101225 -0.71594410 -0.48220371 0.98813709
-0.31841685 0.94721779 0.78050526 0.77742940 0.31938545 -0.33514883 -0.15208354 -1.08565890
-0.37867297 0.39889432 -0.52289219 0.35805483 0.67506420 -0.17687329 0.49738065 0.01466154
-0.08356570 0.12329960 -0.06338937 -0.43163223 0.55340221 0.12422150 -0.06236133 0.36228504
0.16555368 -0.49143448 -0.22319963 -0.22158837 0.08751907 0.13878460 -0.20396594 -0.74330428
0.36673400 -1.52572717 0.03821477 0.25692506 0.51190728 0.48254009 0.72971968 0.33456194
0.04788806 0.54770051 0.64583952 1.37028901 -0.40637083 0.24753512 -0.71751179 0.43799853
0.28834668 0.52316605 0.55878112 0.48365658 -0.22523724 -0.56792869 -0.14604770 -0.08307744
0.00871947 -0.23421538 0.75308938 0.13350340 0.28535686 -0.53124113 -0.52352935 -0.26980943
0.20934988 0.12714310 0.14198580 0.45229775 -0.22395698 0.06565241 -0.03291058 0.20860508
-0.18041973 -1.26141105 -0.03064930 0.06485714 0.23211056 0.43984337 -0.57264821 0.10775093
0.04410325 0.46832586 0.00809880 0.96015627 -0.33157643 1.15135806 0.36351506 -0.40462450
0.10433870 -0.07337585 -0.03819274 -0.15481451 -0.67194032 -0.22977637 -0.14602917 -0.34673110
-1.18472595 0.98490138 -0.56443697 -0.40795113 0.41421915 0.46649762 -0.24154361 0.30518349
-0.43358838 -0.30780019 -0.32545128 0.49696976 -0.40941108 -0.29872761 1.35262070 -0.28194856
-0.10426953 0.36614263 -0.47571566 -0.06921093 0.11127136 0.16843739 -0.03580480 0.44705184
0.11902906 0.14873427 0.82423799 0.02105491 0.34331232 0.56357661 -0.83626897 -0.17607174
0.18784785 -0.94070259 -0.25824996 0.58343917 0.42555462 -0.47419828 0.28161364 -0.69899447
-0.62469464 -0.05650683 -0.04686508 1.07024590 0.78768521 0.89463864 0.36689737 0.02829967
0.51779430 -0.07244283 -0.23533064 -0.72127788 0.31370263 -0.94065117 -0.10278766 0.81252799
-0.12648890 0.16627663 -0.86534805 0.40275698 0.48335895 0.61836340 -0.66430971 0.15086249
0.75392885 0.34170598 0.39833230 -0.23860562 0.25130311 -0.17138311 -0.47235244 -0.36367631
0.01663960 -0.54284826 -0.67194385 -0.47280263 -0.88062723 0.26304255 -0.10286148 0.01019984
-0.49050236 0.02983203 1.31970820 0.35667676 0.44136402 0.39303754 -0.85135682 -0.36715969
-0.02868443 0.34753925 -1.02186115 0.04891126 -0.15337655 0.23399217 0.02240766 -1.12870047
0.00541007 0.82913236 0.77159589 -0.20559543 0.71927763 0.40507695 0.90630807 0.12731380
0.00587466 0.12890982 0.20636103 0.23976103 0.50435651 0.48358974 0.33714218 0.16502497
-0.17082999 0.09040613 0.29014373 -0.64674993 0.60544217 0.50701612 -0.05110653 -0.14861648
0.02470333 -0.80411007 0.15886400 -0.52623432 0.38527356 0.70178001 -0.02059940 1.10090569
0.25782191 0.04476904 -0.00221261 -0.41576127 0.03779148 0.29242528 -0.46900003 -0.10146118
0.31908051 0.19031580 0.00482892 -0.63718990 0.31367338 -0.24842964 -0.07153670 0.04713410
-0.14744299 1.33513461 0.58627589 -0.57560600 -0.78705171 -0.53392284 -0.01500977 0.43972938
-0.19725919 0.05214502 0.06061886 -0.72758867 0.40405274 0.06706794 -0.54054585 0.07086124
-0.43355858 -0.18237144 0.05573729 -0.52449791 -0.07264963 0.44887953 -0.30115602 0.92440200
-0.25745910 0.29241196 0.62812096 -0.20849304 0.37895797 0.21606717 0.80735324 0.38524965
0.10370215 -0.19422372 -0.09150938 -0.04644315 -0.72212752 0.44523741 0.36564416 -0.77664421
-0.44255422 -0.03482122 -0.25477652 0.76338325 -0.20574513 -0.07108047 -0.15656815 0.33555725
0.51839118 0.03407007 -0.13174909 -0.43255665 1.42508642 0.01626808 0.34912294 -0.20016193
-1.08214146 0.00291904 -1.29895923 0.53478222 0.40501375 0.29537160 0.18631533 0.42164755
0.12163756 -0.23975618 -0.00790128 -0.43038964 -0.29514165 -0.21290816 -0.64471598 -0.29161263
-0.01672936 0.31001514 -0.34273233 0.99134398 0.08897842 0.19571139 0.26889402 -0.01721619
-0.67719992 0.99261914 -0.68463317 -0.31291203 0.52240747 0.49335288 -0.87357298 0.17047201
0.10891452 0.00371440 -0.18017489 0.49506965 -0.18008826 0.33418057 1.01253454 -0.69132824
-0.69937270 0.12887245 -0.02421080 0.19715479 -0.04174041 0.18621386 -0.72970779 0.61820015
-0.36367749 -0.57874896 0.56696572 0.53597883 0.44674572 -0.57555312 0.57018753 0.35624565
