1.08163604 0.72539012 0.22785473 -0.68170046 -0.10656340 0.19589383 0.51380212 0.04360084
-0.42751503 0.07098783 0.00045523 -0.50808493 -0.57469654 0.16283202 0.62633762 -0.03900463
-0.59786591 0.29854572 0.23650160 -0.58338463 0.11809684 0.46862154 0.65940131 0.13740889
0.93922793 0.34600197 -0.01925395 0.03552247 -0.49852859 -0.07284538 -0.23197446 -0.22540076
-0.15700821 -0.95310182 -0.41453062 -0.66862509 -0.66034160 0.09932150 1.12169678 -1.11474273
-0.47132891 -0.21619831 0.32728846 0.01461869 -0.51347387 -0.62177088 0.52583601 -0.17491052
-0.20166430 0.48206190 0.15730915 -0.03976588 0.44284282 -0.21133540 -0.30740701 -0.35216922
-0.18925135 0.20293675 -0.39673382 0.44438816 -0.60476577 0.10060304 0.41828510 -0.47213671
0.20859704 0.30634539 -0.62466668 -0.78832462 0.54339800 -0.36535803 -0.73663463 0.41407235
1.24167720 -0.11546211 0.68740350 -0.47078490 0.16540872 -0.01575135 0.82823073 0.35092873
-0.55402948 -0.46802197 -0.73388807 0.77022362 0.26154237 -0.30195469 -0.03747351 0.45512841
-0.02207586 -0.07613341 -0.30003268 0.62035235 0.32646890 1.45785856 0.43100884 -0.96735348
0.51357624 -0.30407701 0.38635351 0.15992361 -1.02417025 -0.10292570 0.05969138 -0.28604511
-0.32514413 -0.51082015 0.30572913 -0.60971940 0.17486637 -0.15717198 -0.29108801 0.16302520
-0.87080741 -0.18213339 0.22509531 0.14138982 -0.26971611 1.21953484 -0.06018298 1.18715841
-0.07855238 0.26541251 -0.09761945 -0.67487865 0.12576590 -0.36923006 0.35928194 0.03420755
-0.39849538 -0.08529806 -0.07992800 0.90466090 0.29311920 0.17655151 1.09274465 -0.18378614
0.98276324 0.12995003 -0.57974410 -1.15223729 -0.00522366 0.68557084 -0.37844910 0.58517037
0.76952486 -0.66377190 0.24750204 -0.49981928 0.58106485 0.03893587 0.08188722 -0.70384609
0.19762359 0.05722354 -0.43481478 -0.17177009 -0.35356684 2.11530027 -0.10562795 0.19158038
-0.71114871 0.24538629 0.25217633 0.60491482 0.22140017 -0.47642219 0.13804334 -0.19774229
0.14380778 0.16190117 -0.23967886 0.08462826 0.25664924 0.15681798 -0.13221722 0.50172353
-1.17905225 0.53212477 0.34522190 -0.44590294 0.33484686 0.72705919 -0.44888128 0.64136657
0.01854369 0.36523017 0.38567070 0.52457792 0.14398129 0.87692271 0.14250357 -0.80650171
-0.07767611 0.38248474 -0.63058883 -0.73176734 -0.03977236 -0.79211249 -0.41958645 0.89726898
0.08782560 0.33645659 0.38366247 -0.72041033 -0.16634338 -0.87608610 0.27261413 0.07588411
-0.20359598 -0.13112644 -0.06368999 0.56219324 -0.29543159 -0.36644670 0.30851496 -0.55057931
-0.32334275 -0.40925085 0.91517801 0.17462601 -0.99988946 0.07412151 0.51219737 -0.23959013
0.26228891 -0.03351598 -0.79798932 -0.28569747 0.90662498 0.32881112 -0.11948180 0.34760760
-0.45133041 0.02704022 -0.13319655 1.04994260 -1.42715167 -0.14001256 0.26773925 0.03137893
-0.07760634 0.77495061 0.05906844 -0.40886611 -0.07410294 0.74098455 0.23725125 0.33807622
0.47356869 -0.55022568 0.51217300 -0.02511679 -0.93287997 -0.28997414 -0.38963441 0.32926499
0.08105154 0.49194406 -0.13938758 -0.04768226 0.08757980 -0.09616163 -0.30246943 1.02137601
0.39233384 0.40532276 0.93882399 -0.43660318 0.44807282 -0.41935308 -0.47430022 0.15387325
-0.27181075 0.73491208 0.40524274 0.34045256 0.95694618 -0.50552654 -0.19664118 -0.81850338
0.01428608 0.44871423 -0.17345889 -0.55753002 0.23050577 0.21331903 0.97579890 0.39528795
-0.36693425 -0.16930848 -0.89493171 -0.40792753 -0.20735675 0.21020879 1.07327122 -0.15792132
-0.13190198 -0.58503174 0.18673937 0.38236364 -0.61399678 -0.03016668 -0.30708905 0.42935412
0.56305493 0.60004836 -0.16402463 0.05085695 1.30937544 0.17836245 0.30856305 0.35686004
-1.10641005 0.74946222 0.35593091 0.07056285 1.55873284 -0.95644902 0.19458550 0.39124339
0.29262063 -0.32069306 -0.50875218 0.38070674 -0.15925732 0.00662384 0.13173889 -0.53797950
0.16814214 -0.16697140 -0.01502011 -0.62692658 0.15612115 0.61862777 -0.95413899 0.06674098
-0.29681241 0.33398712 0.29555100 -0.30465964 0.11891397 0.32557662 -0.12631292 0.19001453
0.63555292 1.21902397 0.62599057 0.10306767 0.27662533 0.17696713 0.10325569 1.20664215
-0.14250081 -0.71097098 0.35250376 -0.11986081 -0.27536616 0.78005014 0.53707164 -0.63748797
0.30716465 0.91248871 0.38950217 0.32431829 0.39070531 -0.12807007 0.43089821 -0.29778443
-0.21900189 -0.70633382 0.21783378 0.09629798 -0.23752446 -0.46420943 0.04097849 0.32518948
-0.13857281 -0.23889821 0.02066319 -0.13318292 0.08802360 -0.44040381 0.35531429 0.88365902
0.99669158 0.18332974 0.04336466 -0.78129425 -0.37278052 0.12969502 -0.62693650 0.43671830
1.43897312 -0.84148353 -0.43224682 -0.69022201 -0.06395581 0.39767919 -0.02770069 0.11901401
1.15024445 0.14189718 0.77834788 0.94124023 -0.58541281 -0.61827552 0.81564860 0.72528863
-0.74678561 -0.15749184 1.53736340 0.45975341 0.68755313 0.28804320 -0.83921921 -0.06189610
-0.47049646 -0.00691325 -0.17199168 -0.12840614 -0.11548607 -0.67435217 0.52358922 -0.30326031
0.27482152 -0.22518720 -0.38111220 -0.43248091 -0.03530850 -0.39070755 0.17777100 0.34461543
0.37974598 -0.97632703 -0.46744749 0.37555578 -0.33942392 0.89505190 0.21359466 -0.47951834
-1.00226949 0.64054585 -0.17879287 -0.42430615 -0.21272145 0.05138873 -0.06101237 -0.20385542
-0.33275047 0.25633476 0.76031784 -0.11159306 0.01106762 -0.29637385 0.51060716 -0.58989957
0.49399570 0.63444505 0.38424319 0.41173056 -0.34551138 0.07295028 0.90946620 -0.02586702
-0.32817260 -0.10693714 -1.44012074 0.53880636 -0.15313200 0.49253694 -0.07328906 0.02743417
-0.67039160 -0.01594513 0.84110147 0.18509453 0.48146532 -0.12609530 -0.54913867 1.11337504
1.01688380 -0.30899260 -0.17105414 0.41241530 0.22697462 -0.78502116 -0.55057257 -0.15874325
-0.79883368 0.10358016 0.00483529 0.47591064 0.00656176 -0.34749971 -0.70319055 -0.47599501
0.51903414 -0.85228471 0.02834744 0.47948131 -0.31886411 -0.16036810 0.48634972 -1.97797607
0.15621505 0.27939814 -0.60587595 0.51784795 0.57078077 -0.31933036 -0.01615297 -0.91803593
-0.15869041 -0.21672673 -0.13244966 -0.09513704 -0.46354869 -0.22549702 -0.43412683 0.11775202
-0.11522742 0.34054267 0.14689656 0.26135262 0.40105719 -0.15084545 0.09373189 -0.22884562
-0.12895826 0.94073766 -0.02670361 1.21827644 -0.88274629 -0.84810296 -0.42166031 -0.25501620
0.02823095 1.01621944 -0.12471659 0.21779712 0.14562082 0.66280046 -0.54180877 0.48978938
0.73210740 -0.06918085 0.74323068 -0.21547700 0.41771020 -0.24083362 0.26233429 0.02411458
-0.83299967 -0.05733520 -0.06857082 -0.74459808 0.14433746 0.34642440 -0.44264360 0.72789894
0.27738016 -0.34017864 -0.14596125 -0.62491672 0.33914066 -0.51472985 0.41920320 0.89303911
-0.46825735 -0.06325225 -0.27130004 -0.06281354 -0.28273437 0.24943680 -0.44495629 0.40287124
-0.33680038 -0.18945632 -0.06235286 0.74239767 -0.21297911 0.12378519 -0.09965213 -0.27584793
-1.25553527 -0.05960785 0.43323152 0.48237557 0.29000031 -0.13870489 -0.04592827 0.19447725
-0.52631614 0.20847584 0.68216544 0.34792675 -0.02847861 -0.48833893 0.25239153 -0.91240526
0.29218763 0.22922230 -0.12342939 -0.57250770 -0.01753778 0.18899082 0.80573581 -0.29319134
-0.43575517 -0.04965705 -0.15980718 0.46424147 -0.44080275 -0.40830123 0.07271596 0.84697111
0.10030200 0.95130822 -0.00904238 -0.05301965 0.65079603 -0.24592092 -0.49240717 0.65778089
0.54900662 -0.61569595 1.13295108 -0.33301908 -0.26321588 -0.37588737 -0.25454122 -0.43801852
0.12463255 -0.42389695 -0.09835176 -0.60486015 -0.31150645 0.22206448 0.29743063 0.58412084
0.25268236 0.63647974 0.69750246 0.53948247 -0.71935883 -0.08486201 -1.04852467 0.59115259
-0.31321184 1.18882701 -0.26989160 0.60735308 0.03185334 -0.35787628 0.62113374 0.13726140
-0.22087002 -0.35652079 -0.14959858 -0.03061494 -0.89642515 -0.66223112 -0.57268378 -0.11178337
-0.42910670 -0.09240997 -0.11904537 1.22087267 1.18978762 0.42673924 1.03770780 -0.66011990
0.27097422 -0.13080125 0.07871612 0.53782183 0.22419716 -0.26311222 -0.07436781 -0.01395008
0.73028959 0.60168543 -1.07024313 -0.21681907 -0.74602240 0.10421991 0.29828302 0.20288727
0.26509175 0.06352960 0.47561313 0.04455265 0.34357281 0.57710743 -0.10763660 0.57323968
0.03553267 0.23413959 -0.95607240 0.49194585 -0.01225152 -0.50759311 -0.61049725 0.10479516
0.67268495 0.18905430 -0.03403042 0.21164822 -0.04213291 0.38638736 0.39306874 -0.23952809
-0.97464350 0.13172120 0.22671502 -0.08640853 -0.49453079 0.18568415 -0.16080291 0.21169588
-0.06323791 -0.11101677 0.19820306 -0.24248662 -0.41171947 0.19178429 0.51460772 -0.28468635
0.29637722 0.01474366 -0.08016954 -0.23482397 -0.50049761 0.18147644 0.83105597 -0.11130309
-0.00007557 -0.65493214 0.17326400 0.47111422 0.26302824 0.74061599 0.17799394 0.36416019
-0.66567880 0.51592607 -0.16233361 -0.71845829 -0.80059635 -0.19434173 -1.28448208 -0.76291993
-0.79497156 -0.41206352 -0.28592439 0.12800038 -0.29368657 -0.02924653 -0.70592404 -0.25642289
0.57139604 0.36419679 0.15174839 -0.30760253 0.16955154 0.46091972 -0.33234005 0.53970805
0.04070954 0.09483332 -0.42153923 -0.64144663 0.22876086 0.48922596 -0.52162087 -0.18420958
0.25430344 0.09976262 -0.50657584 0.22099216 -0.30795416 0.88614398 0.67701205 -0.02910595
-1.10298101 0.60142344 -0.28736545 0.94744532 0.41792620 -0.23889162 0.63119590 -0.08697375
0.34870717 -0.20168233 -0.60522946 -0.38362519 -0.03500416 -0.05806719 -0.67296200 -0.47132076
-0.21366150 0.72556073 -0.26378698 -0.18901871 -0.30278440 0.01321698 -0.31888436 0.33153778
0.82611724 -0.20123077 -0.06505647 -0.39545511 -0.38234162 -0.30904401 0.90180311 -0.05397372
-0.45920740 -0.66011472 -0.03878574 0.35545973 -0.15519116 1.16571828 -0.23563449 0.56187976
-0.66045921 0.79663455 -0.85239341 -0.60006773 0.23570067 -0.35131016 0.27999126 -0.61372313
0.34226226 0.25539906 0.00784201 0.99117073 -0.41335406 -0.39751538 -0.63808697 -0.73653392
0.68977565 0.32611536 -0.15803561 -0.15214477 0.36653635 0.16211237 0.53300648 -0.14724412
-0.00049306 -0.50231425 -0.51657455 1.29100400 0.48153791 0.51008116 0.28021736 -1.40232570
0.29079636 -0.37643590 -0.07037670 0.36620320 -0.38906826 0.21098318 0.92918205 -0.02306255
-0.52519611 -1.03434292 -0.48929283 0.19745109 0.83574297 -0.45406880 -0.32010483 -0.61955270
0.08228934 -0.72008606 -0.11158816 0.14472380 0.43640633 0.33760977 0.24135110 0.56454331
-0.17413275 -0.48828769 0.83989961 0.80967726 -0.28209565 0.33270645 0.30366597 1.00418343
-0.59468379 -0.34458056 0.57317959 -0.29338942 0.55902218 0.42661689 0.95201421 0.34697364
-0.41297590 0.28532157 0.40922109 -0.18745424 -0.39440940 0.40718387 -0.81201015 0.25295271
-0.76955248 0.03127546 -0.31286825 0.63330813 -0.48402912 0.00570334 -0.29479064 0.26170994
-0.23216334 -0.24758689 -0.32967204 0.00965010 0.02468658 0.28421936 0.31760365 0.13141443
-0.06503541 -0.24289228 0.13551620 -0.18209223 -0.42417328 0.85651095 -0.09515581 -0.18077853
-0.26970677 0.54412186 -0.36368575 -0.00205366 0.40381479 0.40525673 -0.29535366 0.29414667
-0.26512555 0.24687043 -0.91366876 0.71626471 -1.14367907 -0.46447912 -0.01092156 0.36761230
0.36102460 -0.17134247 -0.61809914 0.57570592 -0.11840895 0.15487175 0.90029810 -0.03840325
0.34207748 -0.57688645 -0.22011786 0.12056410 -0.64952430 0.39848177 0.47718539 -0.59881441
-0.55318699 -0.17018842 -0.83576230 -0.94679714 1.05208762 0.02673526 0.32148075 0.28090414
0.40895031 0.28934660 -0.12134442 0.20429112 -0.36566387 0.43894049 0.38669314 -0.15137975
0.09287539 0.09837724 -0.03692710 -0.15995760 -0.73260610 -0.28078912 -0.67640342 -0.67209745
0.18681242 -0.03693232 -0.04276082 0.46326248 -0.11313536 0.57882907 0.65706849 -0.20234779
-0.18447735 0.31362957 0.71425079 -0.09055411 -0.59018851 -0.17207347 0.38428821 -0.31891651
0.42772440 -0.66374271 0.14770716 0.72392515 -0.18986802 0.20262774 0.08747918 -0.21105631
0.63588246 -0.76839801 0.35231486 -0.18967115 -0.38164551 0.66955774 -0.80609565 -0.70562300
0.28002024 -0.53171868 -0.33424461 -0.37770406 0.28756921 -0.14314037 0.46488502 0.73485856
-0.11968573 -0.16396501 0.55138427 0.69065574 -0.76783178 0.13594655 -0.22183810 0.61473460
-0.05501981 0.41590409 -0.78067804 -0.15899734 0.40103876 -0.20067979 0.11902243 0.86166770
-0.63644100 -0.18787973 -0.09567019 0.50336552 -0.53858649 0.11596121 0.21685379 0.14889377
0.46215844 0.28549582 0.38977301 -0.09309660 -0.08136366 0.40538939 0.01031329 0.44421215
0.01284069 0.33914567 0.26965849 0.03871134 0.48393494 0.18582822 0.38919757 -0.08301215
-0.46559612 0.03160883 -1.13618218 0.46367485 0.66328746 -0.45873969 -0.17115950 -0.17865441
-0.17173991 0.73056761 0.42659375 0.01867288 -0.14446464 0.26402985 0.51370726 -0.54712323
-0.67934189 0.16947131 -0.00667473 0.31319311 0.12961451 -0.11652036 -1.13278330 -0.13152657
0.02608511 -0.64084061 -0.33721008 0.08930311 0.20830940 0.12775730 0.42465322 0.02309279
0.41424226 -0.32948910 0.33047205 -0.24017463 0.40671965 0.25652078 -0.55174122 -0.68016964
0.59447917 0.10930281 -0.16536032 0.24650795 -0.50516786 0.00277879 -0.37859863 -0.21755684
0.35856203 -0.28569237 -0.74059360 -0.21436033 0.44440141 0.47125995 -0.90877004 -0.15565714
-0.08814396 -0.24946380 -0.40439028 -0.08850097 -0.22228031 1.37102589 -0.48181491 0.68253851
-0.09728764 0.54691062 0.82467092 0.34951968 0.22904524 0.29840625 -0.50731838 1.07831273
-0.96166710 -0.07712758 -0.16242606 0.10220096 -0.37631916 0.09431119 0.07619320 -0.74805333
0.79468332 -0.26703052 0.97601748 0.31878577 0.07306600 0.40800962 0.46500591 -0.22358680
-0.23462132 0.16132242 -0.36311571 -0.99398517 0.18043259 -0.19586462 -0.49775254 -0.06628196
-0.64390723 -0.26742660 -0.38682082 0.29124787 0.58303468 -0.59201252 -0.03319223 0.34157835
-0.14592682 -1.46133451 0.19524378 0.65930179 -0.31557770 0.68542568 0.48973688 0.52274762
-0.69580881 0.53633823 -0.01287527 -0.22928380 -0.15382066 -0.21630464 0.36792987 -0.49146587
-1.01900154 -0.02926963 -0.56119352 -0.15046146 0.17283535 0.13917115 -0.33370829 0.15898298
0.41729408 -0.52265287 0.64401687 -0.42133114 0.43835965 -0.00204013 -0.05299307 -0.77828625
0.47789418 0.34684873 -0.22005348 0.20887109 -0.15675145 -0.16891907 -0.59690011 0.35116265
-0.50960291 0.22352999 0.12351233 -0.31160679 0.50559068 -0.54417878 0.02742678 -0.59027789
-0.18429683 0.57078582 -0.50077367 -0.36103731 -0.38523747 0.47263250 -0.02897560 -0.09735290
0.74895811 0.64680872 0.16272611 -0.36486491 -0.06072510 0.52644559 -0.10873435 0.95073581
0.06862447 0.50815407 0.92933112 -0.48586138 -0.29415203 0.94090075 0.39512428 0.97426469
1.03689952 0.90659083 0.15119945 -0.60043497 -0.11004666 -0.09947210 0.26723595 0.51016664
0.10974497 -0.29228544 0.02797190 -0.29970932 0.53295603 0.33831707 0.56221042 -0.30633720
0.67808245 -0.81676951 -0.35566140 0.49003154 -0.36401886 0.31127485 -0.73314790 0.50244852
0.37945102 -0.69324465 0.21383298 -0.18323388 -0.77444652 -1.20023411 0.38156792 0.27828905
-1.02888485 0.55036396 -1.51617761 -0.38071236 0.81453315 0.62730985 0.15076999 0.49001613
0.59362562 0.88810824 -0.91159908 0.29492413 0.06499100 0.33433438 -0.06580389 -0.82502933
-0.20665794 0.99100458 -0.65079940 0.43278522 0.68206776 0.74516680 -0.19576169 0.03390406
-0.60384081 0.59118703 -0.93707840 -0.18508514 0.60564733 0.92874765 -0.35025787 0.83647429
-0.49092016 -0.57887550 0.06070484 -1.07901480 0.09536091 -0.00228998 1.26388607 0.35072416
0.23869785 0.03581662 -0.14528245 -0.37173648 -0.56005449 -0.27036373 0.64696275 -0.40289086
0.42210329 0.55871015 0.61950358 0.47276233 0.73758058 0.80186973 0.08424257 -0.36742620
0.14561700 0.27323388 0.28632148 0.56045924 0.48918331 0.45523288 1.03315294 0.36966053
-0.64830431 -0.06896084 0.69697888 -0.51639360 -0.07009080 0.44960633 -0.34672433 -0.09036856
-0.46430798 0.16449491 -0.11343112 -0.21183513 0.39480546 0.24609667 0.24173344 0.16869420
0.12614252 0.28979150 -0.14992567 -0.47650686 -0.56578273 -0.14795112 -0.60328867 -0.02548437
-0.68498915 0.43707055 -0.31026834 0.25844746 0.29134217 0.71420677 -0.78487069 0.27973965
-0.18843142 -0.43584991 -0.36319848 0.50881813 -0.02193325 0.50777780 0.08511717 -0.75188352
0.01199081 0.31257972 -0.56786286 -1.38743856 -0.14229940 -0.02795415 0.69359542 -0.45175307
-0.61555527 0.29723589 -0.59288466 0.38189298 -0.67728369 -0.42044565 -0.80773329 0.12753482
0.41951707 0.50781817 0.03955338 -0.03642681 -0.43959349 -0.22924485 0.33118799 0.25937657
0.47296465 -0.80373969 0.63325706 -0.95422735 -0.69655217 0.79369902 -0.24335199 0.12238203
-0.27570070 -0.40068450 0.17499978 -0.59901093 0.23777042 -0.37976727 -0.14821041 -0.13381045
-0.25554207 -0.77074413 -0.28564597 -0.42858122 0.48639756 0.58493050 -0.22273183 0.15236113
0.29905068 -0.52555160 -0.98790711 -0.30584643 0.26022359 0.33485511 0.01691810 -0.47212357
-0.53000311 0.18289138 -0.27352656 -0.27608588 -1.02733107 -0.46028822 -0.30658225 -0.60698709
0.05396038 -1.04131099 -0.00045853 0.29770429 -0.40150394 0.35414948 -0.16057388 -0.11562614
-0.55781978 0.37231844 -0.16628919 -0.47958101 -0.44015835 0.13981676 -0.05385666 -0.32257997
0.01406908 0.38785912 -0.51055182 -0.67033373 0.14607668 -0.47474942 -0.34974121 0.33368232
0.03938324 0.13882868 -0.15355761 -0.03143807 -0.19764332 -0.24606324 -0.18279688 -0.73830463
0.20766966 0.71075658 -0.37740084 0.27213159 0.13041438 -0.22582788 -0.63336477 0.17504101
0.64042179 0.14191910 -0.04299189 0.34092419 -0.45082646 -0.79822799 1.01611599 -0.10163698
0.14659365 0.18379466 0.20092771 0.11832380 -0.67512290 -0.01144363 0.74638544 0.95129428
0.17972287 0.10334849 0.71789839 0.17109902 -0.46835183 -0.26342621 0.45483735 0.26156062
0.46884792 1.01270402 -0.01678411 -0.53251293 0.37300285 -0.71570762 -0.64104662 0.91947862
-0.46598531 0.94480445 0.63506330 0.19175777 -0.22890735 -0.25171610 0.13873335 -0.33389638
0.74597930 0.57182591 -0.36420747 -0.14678281 0.96062275 0.53250978 -0.44848464 -0.09126582
-0.64285018 -0.01483964 0.63834627 0.35289376 -1.08484603 0.03038428 -0.58457790 0.16441887
0.65491996 0.07484067 0.19761735 -0.07368237 0.06850249 0.62672052 -0.30195267 -0.44400115
-0.71683595 0.55987173 0.47662551 0.54442927 0.28026614 0.45664696 -0.42842434 0.01897110
-0.38769208 -0.11418517 -0.61992494 -0.36564457 0.07159289 -0.02927289 -0.64144656 -0.20261276
-0.25554811 -0.08005425 -1.07636137 -0.39405169 0.26785628 -1.03333560 -0.60122653 0.83551446
-0.31793777 0.56382055 0.82845370 0.51800143 -0.80642770 -0.58555154 -0.38583913 0.09666793
0.45137529 0.37692419 -0.69710067 -0.95946967 0.54189641 -0.57957706 -1.21084449 0.76392407
0.08594912 -0.23078739 0.15455746 -0.07009275 -0.00590917 -0.47354420 -0.27092204 -0.00053166
0.08218802 0.04341973 -0.28188389 0.13984705 -0.40868102 -0.11670887 0.50869716 -0.06909554
1.27450833 0.36373223 0.19570586 0.04599459 0.36861617 0.34859185 -0.91274092 -0.35981922
-0.23901620 -0.31982338 0.13344201 0.11291174 0.27292614 0.36349730 0.41675649 -0.07174218
0.08305383 -0.04131623 0.20751294 0.08992975 0.43541499 0.14322808 -0.35433667 -0.74190739
-0.37591904 -0.26023060 -0.04037578 -0.08652769 -0.55060839 -0.50879062 -0.70446287 0.19582464
-0.38601503 -0.53711222 -0.23714916 0.42956228 -0.13427097 0.36533800 0.48772723 -0.78023809
0.15291766 0.06835620 0.42665313 -0.70941283 0.20368686 1.03769532 -0.02818645 0.79110620
0.38147658 -0.80966409 -0.64405126 0.38470969 0.28176873 0.26725594 0.56389593 0.59853140
-1.11159001 0.46496527 -0.04494816 0.11493095 0.05398223 0.50543775 0.17446131 0.37249785
-0.25880620 0.25908566 -0.04678871 -0.14415843 0.47597805 -0.11929540 -0.36326585 0.49605225
-0.32265741 -0.35956302 -0.49800704 -0.07144200 0.35903861 0.38335519 0.18964162 0.23635948
0.23317593 -0.05740909 0.32373435 -1.50465474 -0.24134614 -0.30958642 0.22530135 0.23181818
0.41074686 0.46684733 0.18614810 -0.35140489 0.55607310 -0.47706537 -0.18498251 0.29625824
-0.06346864 0.36655908 -0.78525771 -0.15270022 -0.63321781 0.03650596 0.53854321 0.46811039
-0.24759709 0.03155905 0.70062898 -0.65203765 -0.37740572 -0.35286700 0.34348021 -0.54840876
-0.39857135 -0.35124832 0.28347584 -0.11855356 -0.51070998 -0.56552411 0.38321314 -0.27030723
0.99023669 -0.12308816 0.16409105 0.04117257 -0.11081458 0.40457067 -0.10390129 -0.15268550
0.23355749 -1.24452847 0.82490039 1.41381038 0.83636259 0.65979458 -0.18881844 -0.72404722
0.22006066 -1.29826451 0.34702056 0.03653998 0.00954787 -0.57246157 0.60114596 0.15482367
0.17525005 -1.06924979 0.48616872 0.28244227 0.20727008 -0.48019904 -0.08028987 -0.60083845
0.13626316 -0.50420843 0.76869445 -0.14932532 0.78964012 0.09385140 -0.38439536 0.65718211
0.03526012 0.41143256 0.83815215 0.38755402 0.12289417 -0.06251818 -0.09994244 -0.10941352
-0.44877242 0.44367191 0.21184091 1.06149993 -0.36430242 -0.19889880 -0.27761732 0.51313015
-0.38181517 -0.14771715 0.13776277 -0.71069407 -0.31741624 -0.47222159 -0.86521041 0.29812291
-0.12155605 -0.07041101 -0.08783230 -0.24885066 -0.26539384 0.10477282 0.12397597 0.75557061
1.05466373 0.88949394 -0.56545232 0.41730136 0.41397487 0.65886190 -0.72144859 0.06423721
-0.01600951 0.59826224 -0.43899117 -0.24495857 -0.70582495 -1.06025144 0.18725636 -0.82331152
-0.55790174 -0.17132901 0.16509991 0.10600062 0.46437059 0.27110753 0.66089739 -0.20600550
0.63726938 -0.21592405 -0.02426029 0.60107747 -0.34000941 0.68989433 -1.57091257 -0.13309627
0.88444376 -0.32207822 -0.22760888 0.01217542 -0.61648779 -0.81164616 -0.15013673 -0.50198562
-0.25398253 0.53037806 0.08159716 0.44234447 -0.06167860 -0.75279746 -0.56277500 -0.07965992
0.27967977 0.46976480 -0.06603447 -0.10926027 1.25503597 0.26284117 -0.68707655 0.35082171
-0.96001654 1.07582416 -0.56662013 -0.16067700 -0.96894390 0.43472195 -0.01554735 -0.50559535
-0.14532437 0.51291534 0.02039278 0.52808183 1.01246123 0.06255643 0.06925143 1.15853183
-0.50588417 -0.42341390 -0.76333521 0.06915007 -0.24484621 0.76553131 0.96287226 0.18113931
0.00906009 0.16748903 -0.61026299 0.74222120 0.63485802 -0.28056774 -0.19198513 1.43674509
-0.35964228 -0.25666723 1.29696567 0.46945661 -0.86518751 -0.56249538 -0.20402188 0.20018402
0.92769186 -0.85853366 -1.13466608 -0.11754927 -0.29671675 -0.20129761 -0.84381961 -0.47943940
-0.86221217 -0.35652409 0.82558397 -0.43768450 0.23364673 -1.24117225 0.60953368 0.25356556
0.09766395 0.04631052 0.51245209 0.27633890 0.41153131 -0.73009947 -0.50054468 -0.24475102
-0.52251200 0.35094240 -0.58848021 0.34715480 0.20731353 -0.34756794 -0.45378135 0.17755285
-0.22363403 0.34199613 -0.14430927 -0.03934851 -0.09170525 -0.40404489 -0.14775798 -0.48933756
-0.10036121 -0.37144492 0.90558646 -0.43380139 -0.57938687 -0.39986374 0.33278591 -0.39735090
-0.53789132 0.00756798 -0.20018318 -0.92669520 -0.03192457 0.06175696 0.41267289 -0.43615547
-0.12284528 0.60095750 0.41797192 -0.79428885 -0.93744508 0.01467311 -0.92413270 0.05629980
-0.18156829 -0.46931256 -0.13159805 -0.30643454 -0.06846149 -0.35312347 -0.41832811 -0.44534229
0.03948911 0.67624176 -0.44868596 -0.12416152 0.46779084 -0.15171047 0.56945675 0.19389176
-0.68392356 -0.29017504 0.05700222 -0.20054887 -0.27959915 -0.48985166 -0.41845202 -0.06663631
0.17832156 -1.62417311 -0.65522427 0.44264537 -0.65026974 -0.07897129 -1.14156620 0.91659152
0.18907153 -0.70196903 -0.93257179 0.06661845 -0.42324631 0.13188953 0.79413106 0.12414882
-0.58483382 0.21414610 0.20857383 0.74097073 0.67109250 0.24569739 1.21632822 -0.49685727
-0.57405514 0.34108181 1.03157125 -0.73377309 -0.47704364 0.20246413 -0.40083654 1.12273815
-0.69003288 -0.52958235 -1.00767533 -0.16462132 0.17210667 -0.71637009 -0.19376499 -0.65761675
-0.39192636 -0.50700130 0.28678085 -0.05145848 -0.32842227 -0.48377945 0.32224573 -0.65409460
0.62589353 -0.40677650 0.60527798 0.25610437 0.59706495 -0.47561425 -0.95534601 0.10372435
-0.67212296 -0.08065323 -0.66621110 0.54105705 -0.16015201 1.02621849 0.16171506 0.12888122
-0.03064511 -0.02887928 -0.64688205 -0.04945722 -0.45313304 -0.47802431 -0.17282696 -0.66814928
-1.43212624 0.21645326 -0.57887327 -0.29786976 -0.22823178 0.26245940 0.46990122 -0.19928647
0.43461095 0.13801973 -0.78630824 0.09392578 -0.38828370 0.61244848 -0.34127068 0.63019392
0.80931674 0.15549815 0.19434594 -0.38354146 -0.30105167 0.20213615 0.50269435 0.44087079
-0.06827528 0.01579899 -0.38652797 0.65594690 -0.07808368 0.23002682 -0.55704443 -0.05558233
0.39618331 -0.44826277 0.16971099 -0.45763206 -0.33919583 0.61716723 0.77476162 -0.73530819
0.55547268 -0.14344302 -0.59476925 0.45744098 -1.12925626 0.16945491 -0.23740624 0.19258288
-0.94300772 0.17662911 -0.52815013 0.53481009 -0.61558947 0.49444311 -0.02910272 0.50798812
0.14321565 -0.46358059 0.01126126 0.60756373 1.08130743 0.13542456 -0.81428306 0.24607407
-1.09055129 0.34618467 -0.34327854 0.14326522 -0.53515796 -0.64891950 0.24651582 0.35086316
0.02734625 0.53347864 -0.06484617 -0.52938308 -0.86538210 -0.36804474 0.74194623 0.37706996
0.28377465 0.50037350 -0.06157244 0.22418661 -0.24784379 0.36980412 0.78321584 -0.25525082
0.45464901 0.22984264 -0.04695896 -0.68639746 0.45221743 0.33145756 -0.14382816 -0.18171021
0.33201896 1.01940486 0.06409705 0.15947548 0.31367732 0.06841282 0.58887851 -0.37882418
0.55422506 0.20275461 -0.40000652 -0.07310947 -0.08379551 0.02540145 0.68541128 -0.52642965
0.15252560 0.12081785 0.19836497 0.55286143 0.46003042 0.16334879 1.19105225 0.38881332
-1.16775787 -0.03885957 -1.01629074 -0.43188095 0.34226738 -0.15312319 0.29872817 -0.15026287
0.60113638 -0.82933439 0.35752002 0.42733764 1.00325044 0.07592823 0.85830990 -0.04281001
-0.22538600 -0.11827692 0.19709436 0.28656502 0.23554639 -0.07341859 -0.32296194 0.40631367
-0.22983252 -0.23009560 -1.03376308 0.39608809 0.01518218 -0.40237982 -0.38262408 -0.46227182
-0.19988716 0.22749151 0.50300159 -1.02395743 -0.77087929 0.52174289 0.08573750 -0.40552192
0.01445759 0.29579543 0.13596063 -1.01821629 0.67017147 -0.20316723 -0.24155189 -0.01186205
-0.28615845 0.54398724 0.41127757 0.52066315 -0.11296197 -0.02056867 -0.15762685 0.87562425
0.24245166 0.11963277 0.33451220 0.44842807 0.31126053 -0.20638032 0.82890197 -0.31458872
0.06390238 0.06587888 0.83801452 -0.29132201 -0.24405378 0.71055944 -0.74099227 0.54468054
-0.07487085 -0.12107878 0.69849855 -0.17830183 0.13263211 -0.22997530 0.49135722 0.10070991
0.48354397 -0.19227035 0.49748457 0.53873867 -0.74490291 -0.48853259 -0.54121235 -0.40643532
0.40772744 0.11783488 -0.33724065 0.43813726 -0.16782012 -0.48394444 -0.27710084 -0.28040866
0.88298350 -0.26766753 0.53485622 -0.63313830 0.09630816 -0.46869987 -0.01462304 -0.04085291
-0.64890931 0.18017346 0.46462682 0.09738891 -0.20024350 0.15362974 0.55668334 -0.54923839
-0.61293339 -0.05789519 -0.05601224 -0.01211397 0.77623480 -0.16150732 -0.32481843 0.41762062
0.93199650 0.24156737 -0.18626601 0.61780171 0.37002134 0.67031980 0.45527593 -0.42616419
-0.04328952 -0.36491499 -0.18739658 0.93689652 0.56648487 0.02056537 0.08379619 0.07883765
-0.24063259 0.00101192 0.60460569 0.51813019 0.45413779 0.38303999 0.33515933 0.07001819
0.95795934 0.55237047 -0.66396450 0.04433401 -0.58279384 0.06279707 -0.79110180 -0.60757548
-0.39846041 0.85446466 0.06749646 0.04142511 -0.45676365 0.95475490 0.52420169 0.02432305
-0.40948596 -0.10878713 -0.79827180 -0.37018600 0.33804105 0.64420857 -0.22717642 -0.21446899
-0.02473841 -0.36651122 -0.55819254 0.90095313 -0.77683143 -0.00220567 -0.17034807 -0.05018426
0.20696490 0.07905956 -0.11958892 -0.29623521 0.76282294 0.56089928 -0.70550669 0.12781364
0.18175783 0.49961706 0.42402822 -0.35763589 0.05455166 0.87421805 0.51911266 -0.30796636
-0.36013169 -0.25401713 0.03017690 0.52066387 -1.04603083 -0.14722090 -0.24078547 -0.83867432
-0.56430759 0.05447520 0.30860634 -0.59973858 0.47292435 -0.11103963 -0.51883967 0.65145351
-0.23253484 0.24856211 -0.48787238 1.10370726 -0.34979176 0.22136251 -0.38067810 0.49341344
-0.28045873 -0.11409667 0.38160781 0.01772055 0.68866465 -0.35827247 0.34509483 -0.59428093
0.90710707 0.32122628 0.03880933 0.92391787 -0.12783656 0.37452906 0.29506503 -0.18443539
