-0.07837831 -0.78627023 0.81254882 0.04701654 -0.15399928 0.01354770 0.75386039 0.68994083
-0.21378239 1.09986711 0.45730527 0.38197816 0.24947285 0.40014510 -0.34976545 -0.19074165
0.29069205 -0.35878593 -0.13123276 0.07810915 -0.11378601 0.47529027 0.76900886 0.11691337
0.30960071 0.06438377 -0.08915269 0.49611147 0.10638232 0.31028197 0.26311443 0.64690458
0.77337609 -0.42597060 0.12818943 -1.32977102 0.00134196 0.10437409 0.28967589 -0.86259338
0.21090978 -0.96208368 -0.60021576 -0.00952977 0.24707178 -0.04299692 -0.83214817 0.38712896
0.66577410 -0.31426212 0.13557078 -0.95462852 -0.13996793 -0.34088662 0.55874785 -0.12430469
-0.35512299 -0.22302417 -0.65083930 0.23388664 -0.74999769 -0.02595858 -0.07806337 -0.26521907
0.31102151 0.36795012 -0.25546664 -0.36615892 -0.49565383 -1.17533171 0.41093691 -0.38031274
-0.01166699 0.16672702 0.78357745 -0.30955490 -0.35030015 -0.03727858 0.24252232 0.38340801
0.24800503 -0.24524633 -0.55767344 -0.06561439 0.35178399 -1.09501566 -0.20823336 0.62973715
-0.92255913 0.09722688 0.37184786 0.40188264 0.05796045 -0.02830734 -0.27574875 0.22091340
-0.59018149 -0.55853421 -0.39389514 1.10142389 -0.11096678 -0.55865506 0.06676325 -0.64039837
-0.23039002 0.36820827 -0.35160781 0.63775132 0.37048236 0.21000833 -0.66271644 -1.00173374
0.18861955 0.29976911 0.03461030 -0.09138204 0.45833098 0.66300771 -0.35567295 0.24926464
-1.14939233 0.42538718 -0.09637336 -0.03194090 0.63660382 0.18179716 -0.06796562 0.04091355
0.05671710 0.56403914 -0.15903298 -0.45780746 -0.38334772 -0.53739400 -1.40990713 0.36698502
0.50722256 0.03565331 0.26580926 -0.47780210 -0.19530223 0.44938516 0.01009198 0.28463602
0.49333030 -0.37204063 0.51032382 0.91743948 0.23263853 -0.72422905 0.53912753 0.70982830
0.46305935 0.58085508 0.22493974 -0.05980348 0.19959045 0.54031641 -0.45333340 0.25060355
0.65165212 0.23972144 0.27510081 0.39723856 -0.86649732 0.52353471 -0.17443953 0.11722137
-0.44147402 0.49409652 0.03920147 0.52336917 -0.04624697 0.28762914 0.34387940 -0.26052314
-0.81871429 -0.18488316 1.12011200 -0.10785386 0.04935366 0.43913391 -0.29676859 0.11482785
-0.35808299 0.05882558 0.38885564 0.31948365 -0.12875757 -0.05046050 -0.66435407 0.30644279
0.22983311 -0.31841346 -0.46742228 -0.55442685 -0.59857611 0.60505546 0.37684514 0.18138239
-0.51166715 0.31680629 -0.39905910 -0.11791049 0.24905176 0.55248273 0.57890696 0.23426476
-0.20569838 0.01272308 -0.12306586 1.07651964 -0.02804948 -0.32347216 -0.65825176 -0.25048297
0.41201036 -0.58824683 0.60475898 -1.07972543 0.77863191 0.32623035 0.26482165 0.82230895
0.19810047 0.04743471 0.57186381 -0.84811729 -0.38551252 0.81723373 0.45624224 0.45622210
-0.38762157 -0.15413675 -0.66994801 0.17293043 -0.49262535 -0.37727416 -0.38043091 0.04693906
0.78104374 0.21099129 -0.43535792 -0.00137844 0.62461824 -0.28277745 0.96999897 0.83055734
0.54437949 -0.38106707 0.01418011 -0.65302805 0.19248527 0.53173944 -0.62852150 -0.16656880
0.62008506 -0.58962712 0.27134425 0.20159497 0.08795912 1.21290008 0.45309666 -0.00029298
0.10047657 0.09588748 -0.73270681 -0.39913134 0.77069580 -0.52824057 0.57122285 0.03703590
0.93877807 0.19521874 -0.94064239 0.27969611 -0.29443486 0.45739334 1.19212733 0.68358508
-0.09623116 0.40423460 0.95625547 0.70551134 -0.77482088 -0.45799060 0.22919974 -0.00701925
0.10334986 -0.20061876 0.50598878 -0.49278238 0.11219858 -0.25283203 0.55797782 -0.03591200
0.06115681 0.23035774 0.02590388 0.07627592 -0.14715709 -0.51884749 0.42777660 0.35562144
0.07317324 0.98172491 -0.05073092 0.24668322 0.79625594 0.11122074 -0.27475835 -0.22958030
0.06655382 -0.11695426 -0.07183153 0.19094177 -0.23324467 -0.24517545 0.41927233 0.02219067
-0.22756509 -0.43793946 0.38359497 -0.04698504 -0.00047556 0.11681717 0.03274258 -0.13626999
0.65480928 0.05167708 -0.00873764 -0.29563219 1.45893114 -0.19496592 -0.21744990 0.78638754
0.35667403 0.44139522 0.24457822 0.52689037 -0.18155851 -0.05281427 -0.46553523 0.06815319
-0.29684999 -1.00734260 0.22546721 0.43884327 -0.37056883 -0.03147433 -0.13684333 0.29308308
0.17384855 0.10122974 -0.71896928 -0.40783267 -0.73713618 0.07920243 -0.17090105 0.37935861
0.65460245 0.76515635 -0.75639302 -0.06064879 0.68585560 0.63337183 0.04543197 -0.89486222
-0.06182067 -0.06556331 -0.59631530 -0.24681810 -0.93772944 1.51327825 0.28728664 -0.87359502
-0.39223735 0.03411781 0.50779080 -0.54527989 0.17628364 -0.03926509 -0.21870442 -0.10944351
0.45561422 -0.48765756 -0.04387666 -0.41441762 -0.74020527 0.54677984 -0.61871614 0.60566402
0.81747224 -0.06200746 0.46802781 -0.15389127 -0.28551773 0.26635128 0.14377711 0.15306051
-0.18259269 -0.95188289 0.48869998 -0.56655063 -0.56370809 0.52742565 -0.11755102 0.64183686
-0.44140077 0.55792548 -0.40596965 0.20124820 0.01200138 0.21030921 -0.08358431 0.10923274
-0.22387795 -0.33149181 0.02492427 0.40004994 0.27888823 0.43659577 -0.29957095 0.02079512
-0.17454461 -0.14329282 -0.35395792 -0.23603721 0.31674092 0.11130028 0.35476951 -0.70176585
0.73522374 0.11317485 0.45975917 -0.72751490 -0.05342162 0.19755757 -0.06774033 0.42610000
0.52307011 0.83519013 0.12354197 -0.54639250 -0.55548716 0.04929710 0.42173335 0.20831079
-0.57345735 -0.50075288 0.86691651 0.30454658 0.21082186 0.67655736 -0.09773796 -0.07782225
-0.24421996 0.53188118 0.20886933 0.22506765 0.92056256 0.22485946 -0.02361818 -0.75108959
0.52675629 0.27630027 -1.39093652 -0.89094277 0.08240026 0.42399828 -0.59725885 -0.16632155
0.12067619 -0.94950743 0.95528292 0.00496088 -0.01704623 0.52284581 0.16691285 0.37261682
-0.00031080 0.11092715 0.17023050 -0.06241567 0.32029365 -0.23795333 -0.20468057 -0.32539387
0.27721886 -0.70916227 0.20877280 -0.29814519 0.07630469 -0.79134616 -0.07519540 -0.90488783
-0.25073852 -0.41029713 0.47588461 -0.07815801 0.22282226 -0.74884945 -0.21200084 -0.20538552
-0.34150737 -0.81504647 0.15222641 -0.28861975 0.58201410 -0.46489827 0.11964707 -0.35965661
0.19953883 -0.60287968 -0.24606011 -0.18673681 0.00111560 0.39231980 -0.28693427 -0.64505318
1.02299539 0.40499879 -0.65757827 -0.54294773 0.42843230 -0.71056198 -0.56678043 -0.44435840
0.37115410 0.18229332 -0.34649689 0.27184072 0.24329448 -0.10412073 0.38423158 0.21710403
-0.13653043 0.47291887 -0.35003537 0.50044808 -0.33362922 0.16373016 -0.46083025 -0.26290843
0.42505770 0.56729437 -0.17601577 0.29274961 0.36301783 0.77258213 0.61192765 -0.20033716
1.09019184 0.12817859 -0.75193918 -0.06332778 0.00343341 -0.16140229 0.48097881 -0.82256929
0.26659052 0.30010871 0.01968630 0.50718072 0.02693845 -0.03916932 0.66393629 0.19596259
0.73321416 0.15875412 -0.65915196 0.34317762 0.98920154 -0.13171573 0.04352626 -0.93769744
0.53480177 -0.15337855 -0.02415931 -0.42583114 0.31469670 -0.56071145 -0.04827519 -0.08238659
-0.49938366 0.27181626 0.06234964 -0.65562944 0.09693500 -0.69292408 -0.53111543 -0.33302701
0.14956916 0.28460991 0.53238209 0.67332452 0.70449255 1.03544133 0.20958877 0.44488812
-0.67619343 0.21014565 0.18225033 -0.12394517 -0.32880937 0.35185428 0.77755394 -0.13989649
0.59817319 0.83402409 1.01240888 -0.31620688 -0.44683774 -0.50056897 -0.67077904 -0.07607819
-0.46414413 0.40708264 -0.64405127 0.78650085 0.10713810 0.67053071 0.72844924 0.37140237
0.36949849 -0.26900161 0.77466699 -0.29852854 -0.77129059 -1.05254066 -0.11092974 -0.71970262
-0.17226964 -0.11821227 -0.45578783 0.16259208 -0.44582876 0.05298222 -0.39920617 0.26294761
-0.14482794 0.32225768 0.11647132 -0.29366606 0.53200898 -0.66996975 -0.58879198 -0.26991089
0.66986296 -0.91977679 0.32255834 -0.21606029 0.14568129 0.02519442 0.84918082 -0.24752207
-0.77978062 0.73299899 0.40567186 -0.44114132 -0.14933325 -1.17056537 0.00073612 -0.59098718
-0.00537463 -0.29627334 -0.19273499 0.36309077 -0.24331912 -0.82682790 0.50587063 -0.17066464
-0.23653832 0.44267875 0.46629774 -0.18384742 -0.76211363 0.47093936 -0.22746401 -0.14061601
-0.20541569 -0.53661690 -0.59847250 -0.16408696 0.72136214 -0.41900939 -0.02937205 -0.30169681
0.21053513 0.05728101 0.64080143 0.56438190 -0.51805306 0.47499618 -0.27293945 0.49162510
-0.68238657 0.18774288 -0.11415156 0.51187543 0.20836739 0.29690790 0.16505012 -0.32830874
0.62101152 -0.46303050 -0.09614177 -1.01060940 -0.15210213 0.22331589 0.07159259 1.27998064
0.12872755 -0.02529800 -0.15404153 -0.35185537 1.02535514 0.29595291 0.66341964 0.75275424
0.55019670 0.49040700 -0.60516666 -0.14090628 0.06259862 -0.54623453 -0.04821800 -0.40819362
-0.78862803 -0.81122612 -0.13269456 -0.43645930 -1.18016955 0.41836370 0.17928795 -0.16000963
0.28416828 -0.39289274 -0.26762420 0.28381245 0.46486457 0.31116752 0.16848148 0.46748843
0.30911886 0.45139046 0.10184941 0.19022408 0.11175741 -0.00708540 0.15490589 -0.25547527
0.12386433 0.04601875 0.68049505 -0.28538692 -0.53428844 0.13407821 0.09713088 0.13766211
-0.37394502 -0.64444252 0.65534343 0.10403330 -0.26913505 -0.20161786 -0.33218323 0.54163571
-0.61750088 0.07980381 -0.84107039 -0.78251136 -0.86301165 -0.02621359 -0.25950477 -0.57892099
0.58186407 0.17529166 -1.20226550 -0.23215728 0.54854010 0.42745968 -0.09103026 -0.00563221
0.50261710 -0.58164936 -0.21758260 0.07364379 -0.32600256 -0.21651224 0.39448665 -0.89268017
-0.17966202 0.16559176 -0.24068942 -0.04309527 0.22325910 -0.55275579 -0.43497070 -0.03716978
-0.24241513 -0.61433617 0.43728338 -0.21325012 -0.08638853 1.03651978 0.14776832 0.32353453
-0.06618013 0.24081556 -0.18481175 0.10432381 -0.07088397 0.40261298 0.22706564 -0.26227455
0.41754577 -0.19194760 0.47091132 0.56911683 0.22233168 -0.42090429 0.18893642 0.14943522
0.44482053 -0.25078890 0.05961442 -0.87401160 -0.36402882 -0.31062384 0.26050274 -0.40407894
0.30175986 -0.78002365 0.54214915 0.09518610 0.50289135 -0.31670693 0.02525517 -0.04918527
-0.43163077 0.98077920 -0.62611778 1.00331242 1.14673611 0.77305912 -0.19979704 0.62432459
0.28946523 -0.25222028 -0.05338164 -0.10345405 0.33505017 0.03720786 1.02567693 0.86200441
-0.23865221 0.11488105 0.03619880 0.87127936 0.92684042 0.11864724 -0.04678874 -0.21158953
0.29941144 0.45760727 0.63730850 0.54689295 -0.06295037 0.30945683 -0.35321391 0.07713400
0.07974501 0.45639286 -0.17178524 0.74672048 0.25610084 0.78609228 0.59905837 0.82894092
-0.24195113 0.38400517 0.40655543 -0.19816140 -0.68472356 0.62764331 0.38456389 0.88193028
-0.51370020 -0.17728321 0.42279627 0.71704898 0.25071353 -0.87800842 0.57325663 0.40084568
0.49973709 -0.16978346 0.80995720 -0.30020969 -0.41950298 -0.37543111 0.76815285 0.42631662
-0.20334769 0.06717634 0.25551246 -0.79901426 -0.16365727 -0.90475377 0.38875612 0.74817997
-0.13486311 0.14496006 -0.28356953 -0.31192996 -0.62061944 0.89431511 -0.14404763 0.46613422
-0.63467990 0.74122492 -0.07863128 -0.71180251 -0.61854687 -0.62677946 0.54776589 -0.04838901
-0.11831784 0.30413484 -0.16220494 0.60916150 0.18335770 0.27208798 -0.81225656 0.25661627
0.08174777 -0.47829614 0.15143600 -0.36141858 -0.29295640 0.34255824 -0.31858122 -0.12136259
0.02716112 0.22171572 0.04765556 -0.18547821 -0.31553266 0.12451937 0.08987371 0.34542290
-0.29555906 0.19415022 1.08991524 -0.75253173 -0.14283769 -0.04867840 -0.12703428 -0.33219417
0.75614669 -0.28317076 -0.16211872 -0.17570130 0.33067028 0.61733718 -0.07293533 0.51943445
-0.02372279 -0.44323611 0.38553410 0.32916683 -0.61917966 -0.19067956 -0.25430000 -0.80074650
-0.06853924 -0.34267774 -0.17274163 0.13922685 0.01805849 0.01584296 0.26814805 0.22652930
-0.48577356 0.22386406 0.19567075 0.11272430 -0.58701263 0.35565823 -0.36871475 0.13679677
0.05402463 0.06102360 -0.56068716 0.30060064 0.25689313 0.48912658 -0.20971739 -0.56622239
0.20560437 1.01317247 0.71473830 -0.42676126 -1.09118000 0.60143046 0.32712693 0.57033847
-0.37413320 -0.35216776 -0.13582069 0.25625148 -0.03316393 0.84045988 -0.15960734 -0.62057829
-0.26840400 0.28833465 0.61922630 0.43294814 0.20135144 -0.58923951 0.02338283 0.56922661
0.70706462 0.48891601 0.38553965 -0.35406970 0.02631337 0.26330765 0.35560749 -0.55766599
-1.14554293 -0.11711419 0.01915860 -0.05540430 0.28009475 0.48823726 -1.26664432 -0.03521505
-0.54961590 0.75752862 0.26168786 -0.39027982 0.22251349 -0.13873238 0.52245951 -0.00878981
-0.97217486 0.10363743 0.91356818 0.59653554 0.27124154 0.35296282 0.65661573 0.78476937
0.23144114 -0.00693564 0.63924516 -0.07084959 0.95553124 -0.53521821 -0.18735528 -0.01705406
0.45483206 -0.08957998 0.65117604 0.53537935 0.16101722 0.04696759 -0.20811601 -0.31262073
0.44795958 0.20876581 0.63342809 0.43001660 -0.60666105 0.55985722 0.10113486 -0.19804825
-0.30578299 -0.22022526 0.10053561 -0.24232700 -0.53618730 0.35123851 0.19320723 -1.09070836
-0.16264048 0.22040785 0.37654120 -0.25028527 -0.50955393 -0.52073578 -0.68780423 0.06780917
0.01568980 0.66282703 -0.51475515 0.36530172 0.01923550 0.12219012 -0.06830079 -0.42227305
-0.28907439 0.32247330 -0.59273894 -0.36886561 0.01516581 0.82423559 -0.88299638 0.73437641
0.52512892 -0.10074774 0.25653539 -0.21327253 -0.90472262 -0.68879648 -0.99016930 0.45152637
-0.86989925 -0.15776227 0.75829607 0.33510379 -0.14430263 -0.71246913 -0.36279468 1.36691274
-0.67365162 0.89549113 -0.81145696 0.68053934 -0.14188085 -0.27378690 0.17640750 -0.41329654
0.68348567 0.17503118 0.32734054 -0.48381527 0.33611699 0.85004837 0.17850159 0.48818409
0.07830448 -0.32867648 -0.92778683 -0.97751004 0.60537249 -0.13523563 0.10297774 -0.36053254
0.16031271 0.25936654 -0.47458378 -0.98443830 -0.14504637 0.44123643 -0.68118719 0.15712079
0.77393422 -0.74963934 0.39816912 0.19025920 0.80420637 -0.06895171 0.73497434 -0.35056307
-0.00341224 0.17736109 -0.38056713 -0.49108586 -0.11491459 0.17851249 0.46818088 0.23310341
-0.02243216 0.24513121 -0.30651855 -0.26776399 -0.55427795 -0.89588124 -0.29290710 0.29851232
0.20228708 -0.41221183 -0.60366991 0.95510649 0.47994325 0.06802888 -0.29543680 -0.32140120
0.99541140 0.14965110 0.39538852 -0.03494612 1.02644347 -0.31846187 -0.52769401 -0.76147469
-0.08587444 -0.23661293 -0.33846896 0.30730337 1.40807333 -0.13384710 0.74925566 -0.53863795
0.31316018 0.20365279 -0.48733249 0.73397572 0.50084191 1.21471419 -0.01276619 0.49434010
-0.39563882 0.28125596 -1.18231855 1.12033042 0.27201203 0.19416949 0.31315292 -0.05941554
-0.47126786 -0.53299382 0.16150347 0.35204439 0.14160466 0.05657299 -0.02720679 0.02674727
-0.03263156 -0.43206084 -0.73982151 -0.34361358 -0.57879799 0.21966878 0.50085943 0.43195722
0.04754477 0.39466385 0.22058146 -0.43168252 -0.79908567 -0.08886776 -0.31494224 -0.88030018
0.20641019 -0.01107320 -0.20581927 -0.17118636 0.55217209 -1.86431651 0.23549854 -0.99451574
-0.48806487 0.09687055 0.15069609 0.08419298 -0.09336400 -0.07096641 -0.45067173 0.02633734
-0.67180467 -0.08329966 0.34868338 -0.41353160 0.03459352 0.09629553 -0.91103075 -0.31064094
-0.15912962 0.15668349 0.72528255 0.21233164 0.28343645 -0.06954937 0.59840604 0.32337928
0.05243114 0.30791762 -1.26962472 -0.17208870 0.53858867 0.46681596 -0.33622944 0.46070565
0.33386281 -0.07139310 -0.25967028 -0.10931400 -0.50173891 -0.11753179 0.06325907 -0.00623667
-0.31755338 0.51043915 0.41416685 0.97960090 -0.27790560 -0.62541622 -0.06889763 0.04815787
-0.35306835 0.02597908 0.42290886 -0.06726142 0.80032880 0.57645716 -0.32646414 -0.15280842
0.17835523 -0.56333823 0.52598952 -0.16423966 0.05924066 0.04723189 0.26457894 0.07600539
0.75462884 0.76478675 0.26656604 0.20112271 1.29133013 -0.73317955 0.03291602 0.40310044
-0.09019645 -0.40441384 0.32345008 -0.10322031 -0.29992096 -0.53533803 0.08436114 0.24843406
0.20033295 -1.31650018 0.42996086 0.43081917 0.44836040 -0.00497445 0.09786056 0.75874327
0.23918727 0.37344016 -0.76661730 -0.50191709 -0.83015587 -0.94105947 0.04486267 0.31376062
0.12364601 0.56544858 0.20190386 -0.57528106 -0.12698157 -0.76624786 0.08199295 -0.60399772
-0.34619126 -0.06176304 0.17767509 -0.09574569 0.59880658 -0.07881683 -0.87637221 0.91353178
-0.14375768 -0.76176847 -0.26097560 -0.06849710 -0.17158197 -0.51487607 0.07110825 0.07509194
0.17865855 -0.50274756 0.84015903 -0.53164059 0.85929834 0.29069223 0.05741558 0.33972797
0.21533405 -0.60732422 -0.51295313 -0.28351304 -0.23662341 -0.33589979 -0.28651205 0.00166267
-0.64121741 0.12876618 0.17972738 -0.62956902 0.09305976 0.45562325 0.04942913 -0.79590607
0.04897345 -0.36963116 -0.30299500 0.41609626 0.32632970 -0.86448317 0.34739928 -0.22515117
0.10978354 -0.60382595 -0.25016988 -0.11846093 0.15434864 -1.06024001 -0.65752949 0.34653199
0.41010495 0.34203436 0.00035627 -0.09619780 -0.03334127 -0.20921801 0.00560376 -0.15379222
0.35591223 -0.40491340 0.60733036 -0.03907711 -0.46429037 0.10609729 -0.44619633 0.70327408
0.28568256 -0.07228104 -0.19451276 -0.06182857 -0.97303194 0.07882468 -0.09657722 0.57677297
-0.13472234 -0.05094132 0.48066134 0.40814418 -1.17313582 -0.73782989 0.14075590 0.00787542
0.97669795 0.58571451 -0.25674715 0.10247472 0.37258257 -0.38412453 0.25619913 0.10265415
0.26627403 0.13468989 0.44118396 0.01764871 -0.06027440 1.12218171 0.03186503 0.16251066
0.23390010 0.20018085 -0.22602466 0.60667373 -0.59799059 0.07625344 0.33208917 -0.03308118
0.42583766 0.44516285 -0.73285322 0.36052880 -0.04097518 -0.76592158 -0.07072741 0.46127678
-0.36957669 -0.25592087 0.02055147 -0.15478497 -0.54585341 0.13541081 0.42625582 0.96227806
-0.06913345 -0.06058358 -0.51790012 -0.76384831 0.23051563 0.00396408 -0.62336949 0.24536760
-0.29792068 0.26128558 -0.84925109 -0.90866415 0.09258127 0.27845693 -0.03740454 -0.31825854
0.60357014 -0.03416885 -1.03020302 0.05048038 0.78224713 0.58567473 0.93112465 0.44210832
-0.35175203 0.29358715 0.06981274 0.15569854 -0.60136980 -0.51019828 -0.21945102 -0.19533776
-1.00119025 -0.53404651 -0.43859436 0.06404377 -0.44117450 -0.08253729 0.25311395 -0.50690754
-0.54497496 0.77719209 0.10745154 -0.09521232 -0.56604931 0.56345526 0.04580669 -0.00752789
-0.77698577 0.25195584 -0.71755321 0.24872726 -0.39135686 -0.25076906 -0.04171595 0.28124003
0.11423902 0.59033776 1.15414524 -0.55373673 -0.38708486 0.48127147 -0.48468869 -0.07296393
-0.12819440 -0.42276175 -0.06602861 -0.62963058 -0.68270352 -0.34394728 -0.22202890 -0.01980564
-0.69786325 0.11067497 -0.43285814 0.95066443 0.67703794 -0.01925856 0.18553202 -0.73546998
-0.21100854 -0.07977364 -0.22639181 0.52532207 0.75620267 -0.53659647 0.54980315 -0.52415382
0.29585547 0.25569728 -0.08988328 0.75375616 0.30853037 -0.42579146 0.61022121 0.20194049
0.38136555 0.51323394 0.28068816 0.53357183 0.27945447 0.28218681 0.50957449 -0.61526964
-0.31497429 0.19648960 0.60888594 0.37070001 -0.04208901 -0.37487038 -0.44185935 -0.14091607
-0.16598597 0.49893939 -0.04810500 -0.53024079 0.03479381 0.39546178 -1.10002501 -0.38945146
0.56820062 0.43104666 -0.23462872 0.16455237 -0.02740384 0.49488707 -0.61531214 -0.93297296
0.17215953 0.58747361 -0.11636300 -0.17835335 -0.25283666 0.00839939 0.68132026 -0.41449419
-0.81826171 -0.00811235 0.07235350 0.36286112 0.34677666 -0.38806207 0.42507724 -0.32152819
0.92226829 0.54586980 0.18361308 -0.23423042 -0.44827325 -0.37355546 0.37397862 -0.33150142
-2.31316301 -0.14067573 -0.09385562 -0.08829998 0.40815557 -0.68671260 0.17481816 -0.59029474
-0.16264645 0.34787781 0.20264294 -1.01658632 0.97754586 -0.83134346 -0.11111566 0.68267529
-0.15124154 0.06459991 0.57095072 0.59578409 -0.42776086 0.01703381 0.08820876 -0.07362844
-0.47451931 -0.18915442 0.55162105 -0.41402339 0.60417750 -0.21979432 -0.09294770 0.15257479
0.83877895 0.86842396 0.10138954 -0.50662878 -0.19912112 0.19651727 -0.20948138 0.00368052
-0.57655875 0.31613182 0.40510002 -0.20433310 0.06239236 -0.07433570 0.52673330 0.04592115
0.26929927 0.31344413 0.00265854 -0.15377427 0.42611525 0.97377826 -0.36836781 0.60726499
0.54443971 -0.13603479 -0.78605514 0.22708597 -0.94873148 0.52280583 0.73095012 -0.21679631
-0.21793368 -0.21505900 0.38962540 0.27232658 -0.18744237 0.09120564 -0.05592543 0.54835668
-0.71270566 -0.63764129 -0.11040825 0.06341060 0.18998369 0.21324326 -0.17205065 1.22943616
-0.45834230 0.74267221 0.32311006 -0.25336988 0.40509719 -0.13546675 -0.19057015 -0.31922831
0.26640887 -0.90553974 -0.15970074 0.27675140 0.67805693 0.24703921 -0.00814166 0.06018875
-0.17517889 1.11407143 -0.16994711 -0.33123987 -0.09047494 -0.20473426 0.39706912 -1.13927020
0.38304505 -0.00100989 0.27495623 -0.71702077 0.38925254 -0.80713444 -0.81390120 -0.79169489
0.16166610 0.56779972 -0.90890397 -0.70729472 -1.02162692 -0.83973862 0.40733160 0.62987125
-0.40007615 -0.51049016 0.03838403 0.87261671 -0.71814220 0.08662285 -0.49584012 -0.82391135
0.87594839 0.62191434 -0.61656349 -1.12449070 0.17614803 0.42476596 -0.12676103 -0.12138342
-0.09829953 0.05699611 0.45181479 0.39092739 0.07546460 0.36529477 0.13309317 0.00595128
0.06443842 0.49533062 0.39550360 0.05045151 0.08394681 -0.57016727 -0.48098270 -0.28218204
-0.12389596 0.05311594 -0.18140927 0.11360674 0.21577388 -0.68833178 0.89734457 0.34360070
-0.84377077 -0.13959782 0.08812833 -0.81967294 -0.39746011 0.28512478 -0.16974151 -0.41979105
0.24126389 -0.92748315 0.15575655 -0.41867873 0.82706725 -0.82110786 -0.29643264 0.00193072
-0.35611686 -0.64967845 0.55508143 -1.11080219 -1.20052798 -0.04429101 -0.64194355 -0.09826676
-0.25921607 -0.85167377 -0.62893693 -0.35047316 0.21365227 -0.54297307 -0.32889089 0.98057972
0.03056152 0.15840157 0.02707186 0.35168927 -0.76290430 0.30392887 0.61025523 -0.00336404
-0.31850471 -0.07293207 0.23456867 -0.27648875 0.50889790 0.47643585 0.14237197 0.30088438
0.56002455 0.20401727 -0.33306820 -0.23970582 -0.09163700 0.07257600 -0.48977939 -0.72503967
-0.32282105 0.44674686 0.82531149 1.25304277 -0.12146955 -0.57588222 0.55282259 0.30192594
0.11007784 0.02036716 0.31934739 0.49583020 -0.25058790 -0.55624957 -0.97953619 -0.04308423
-0.47599407 -0.01112509 0.64029780 -0.80094401 0.14351999 -0.16944598 0.27505607 1.02870872
0.13179647 -0.32167152 0.80906279 -0.88020317 0.11061147 0.83127936 0.79108040 0.26431658
-0.29385268 -0.34463500 0.22707873 -0.82592405 0.12846572 -0.47804061 -0.35426392 0.31195232
-0.49159195 -0.17335222 -0.10618690 -0.88817959 0.14452883 0.13271938 0.11483171 -0.42860078
0.73572057 0.10029190 -0.05744227 0.83049624 0.30379327 -0.74604605 -0.60952032 -0.80596246
-0.22771001 0.23333303 0.34232119 -1.11990163 -0.12458698 0.31951687 -0.08412130 0.67763452
0.35324000 0.37402874 0.69710446 0.42546537 -0.20544045 -0.29957845 -0.36088396 -0.12321008
0.37657977 -0.52676574 -0.46649884 0.52158310 -0.38419003 0.67018574 -0.20932092 -0.66605745
0.51890417 -0.57616144 -0.18783282 0.19491614 -0.24429447 -0.76400686 -0.27786835 -0.51923275
0.43252000 -0.26831282 -0.15089945 0.09874300 -0.51804169 0.60260525 -0.24839107 -0.67184574
0.68204714 0.16256860 0.04922655 -0.72997519 0.55482624 0.04144004 1.05110585 0.10428352
0.11968893 1.41511684 0.44022099 0.27405310 0.43186668 0.70258581 0.29508739 0.62417822
0.27887559 -0.50440792 0.09311308 -0.64776882 0.50736888 0.74023154 0.18019923 -0.23497569
0.07401625 -0.11641548 0.63959319 -0.57836810 0.43585177 -0.22399144 -0.22051739 0.61209915
0.29658126 -0.52719719 -0.12400220 0.39918877 -0.41109916 -0.24817254 -0.09722244 0.34647620
-0.00617257 0.48700589 0.73503213 0.00548606 -0.60501094 0.26777134 -0.14009276 0.75710989
0.48348945 0.49074131 0.58103392 -0.38834581 -0.67024325 -0.28498412 0.21089586 0.66299602
-0.34332583 -0.69873326 -0.28982879 -0.25619143 -0.39282997 0.49309325 0.23284658 -0.26024921
0.41678313 -0.02041473 -0.71445711 0.13541691 -0.24786996 0.00676290 -0.35261976 0.18258846
0.49206718 -0.31439177 0.10473327 0.11026843 0.15067447 0.97847898 -0.78917219 -0.92159262
0.55196168 0.03332475 -0.30871147 -0.21018911 -0.77201356 0.47980603 -0.44236426 0.95573281
0.75242202 0.05457985 0.51827157 0.35143326 -0.90164905 -0.27599260 -0.57958140 0.72944059
0.35131315 -0.06544480 -1.12564360 -0.59146599 -0.99246996 0.01169631 0.21138679 -0.29748209
-0.26799746 -0.69151723 0.50783478 -1.07467020 -0.26570264 -0.73773035 -0.60296621 -0.33716128
-0.15230924 -1.03080202 -0.62629190 0.15953218 -0.26779570 0.28325643 0.57374858 -0.10587811
0.30614195 -0.15821835 -0.44350407 -0.02851862 -0.16414226 0.03554306 -0.11453197 0.19385509
0.01666428 -0.19463836 0.64643476 0.13554751 0.53686821 -0.88685857 -0.55193597 0.02177976
0.46830559 0.40986924 0.29353223 0.37910395 -0.50434098 -0.46952138 -0.87846523 -1.06014520
-0.10992548 0.17424116 0.27916278 0.80747907 -1.07756259 0.49628575 0.68333863 -0.07565752
0.09501659 0.05924695 -0.86001239 0.54671660 0.41078483 -0.82167164 0.13993094 -0.06801800
-0.16284195 0.01456645 0.82131588 -0.67923715 -1.09151262 -0.47329290 0.03445548 0.06654639
-0.26830194 0.17733340 -0.15291889 -0.96811548 0.50707254 0.22476871 -0.63984080 -0.44239405
-0.37011532 0.14200196 -0.01819822 -0.58055880 -0.44166130 0.12819765 0.21637088 0.54994838
-0.25140033 -0.71714436 0.57376931 -0.40777774 -0.13940453 0.69537917 -0.71312293 -0.18282771
0.87897479 1.24558968 0.26373649 0.61275649 -0.87549489 0.57901853 -0.55851118 -0.62008578
0.17437942 0.13901165 0.65667769 -0.09905989 0.52166695 -0.75549544 -0.24664870 0.42822020
-0.45887902 -0.21276509 0.08198092 0.30755077 0.40046449 -1.39032867 0.06699667 -0.81048503
-0.07531351 -0.38084633 0.94840906 0.25691522 -0.36004874 -0.13328174 -0.13859206 -0.15049107
0.13987791 0.40510830 0.64161416 -0.39639125 0.38390169 -0.99925518 -0.35062453 0.59985842
-0.21788834 -0.20148898 0.51180431 0.68096969 -0.08987689 0.56743758 0.45275022 0.41904506
0.03527009 0.31714996 -0.15264665 -0.16419955 -0.22804024 0.04561809 -0.39382033 -0.11730810
-0.23499968 0.18548271 0.03086511 0.35804201 0.59562956 -0.33565809 -0.11900632 -0.23734049
0.24351816 0.22064493 -0.20417646 1.10251016 -0.62992505 -0.20647761 0.12080053 -0.49094077
0.26186653 -0.15214577 0.37245762 0.41359743 -0.33622991 -1.06488343 0.18522684 -0.24993451
-0.29932296 0.81470049 0.43436459 -0.25238259 -0.34418368 0.26076156 -0.37294137 -0.32037988
0.60101840 -0.77396390 0.74466950 -1.34930827 -0.06012669 0.69810316 0.28501973 -0.10869429
-0.04910267 0.41135682 0.45125514 -1.59839195 -0.34419386 0.17013000 0.13285254 -0.64905807
-0.56268944 -0.52615207 -0.39024321 -0.40540841 0.40987305 0.55436113 -0.21951210 -0.11539662
0.20207080 -0.56313831 -0.47073070 0.33907079 -0.69133979 -0.16401548 0.07270723 0.04597816
-0.10490213 -0.05883033 0.29976540 -0.38755890 -0.76680477 -0.21283100 0.50494935 0.75353142
-0.32191691 -0.44634945 0.34023259 0.29796424 -0.23687892 0.19843774 0.03649784 -0.74136531
-0.45668660 -0.24218036 0.03409578 -0.36218126 -0.06073960 0.46216723 -0.86162516 0.41685570
0.25772910 -0.30798420 0.19477275 0.16045969 -0.56966874 -0.47641628 -0.62073218 -0.36843766
-0.59323065 0.23023596 0.31938074 -0.14873173 -0.18454975 -0.48929885 -0.16067520 0.61903870
0.38554916 1.04534109 1.00751159 -0.69604343 -0.22786262 -0.46202800 0.49263575 -0.28067158
0.58316428 0.27012992 -0.14408411 -0.18019152 0.76876040 -0.34717338 -0.20669716 -0.16555026
-0.60548212 -0.18037250 -0.16506502 -0.66447446 -0.37052212 0.37803235 0.34940224 0.47876065
-0.88971387 -0.71798665 0.09862064 -1.49194234 -0.36764978 -0.37171481 0.43033811 -0.24455696
-0.22183054 -0.10346353 -0.31574533 0.43744202 -0.38700452 0.95549602 -0.79047159 0.94193815
0.24138678 0.07544146 0.21126277 0.29996929 0.18139924 -0.05195515 -0.38366442 0.11883759
-0.13665388 0.87909057 -0.01210114 0.67326008 -0.15676663 0.49304219 -0.26513839 -0.53850195
0.47003012 -0.03097555 0.12124568 0.24685356 -0.59316726 0.48949153 0.66027651 0.19529615
0.28043370 -1.16734014 1.18286541 0.94495326 0.12119740 -0.06223051 -0.55851705 0.25908063
0.11434241 -0.38515918 -1.18094541 -0.65943316 0.29700117 -0.36338331 0.37224072 -0.77628792
-0.48426360 -0.31256550 -0.56443564 1.14729067 -0.11969247 -0.88150240 0.20707630 0.01234080
0.27161195 -1.02787111 -0.48419158 -0.85858077 -0.53228162 -0.02243786 -0.40774244 -0.34102862
