-0.48088548 0.38901269 -0.49340670 -0.29471727 0.91884856 -0.56331276 0.07588543 -0.86136200
-0.11500019 -0.11470886 -0.10850112 -0.28316908 0.50111877 0.09430528 -0.27276797 -0.87656998
-0.16958964 0.39687230 0.08689516 -0.07310248 0.30995454 -0.26437850 1.04896644 -0.46630310
-0.29327169 1.08655938 -0.30292725 0.75541871 -0.67997200 0.35690602 -0.17398518 -0.10388630
0.01395583 -0.47031822 0.04750857 0.44486510 0.17058637 -0.39354599 -0.12751346 0.01030012
-0.87778068 0.24812268 -0.03511607 0.18624260 0.30538580 0.22828547 0.76041931 -0.58301843
0.77988357 -0.02298705 0.00150289 0.08321654 0.37816950 -0.04844146 -1.27347290 -0.74348274
-0.23204539 -0.43849672 -0.38851293 0.02188170 -0.96423079 -1.09637956 0.09050593 0.02600931
-0.23226405 0.31570409 -0.84190025 -0.09380189 0.60153615 0.33192887 0.43787456 -0.80177489
-0.21121981 -0.08853386 -0.41711680 0.53803740 -0.30043208 -0.06111621 -0.00741145 0.40363447
0.57176449 0.01857627 0.44873087 -0.04962777 -0.39531937 -0.56519053 -0.17846073 0.51548070
0.25392294 0.42211875 0.29656079 0.18952917 -0.92606098 1.27884984 -0.98882704 0.25215019
0.93917015 0.47113577 -0.47304567 -0.06834653 -0.17191813 -0.22726838 -0.14053994 0.16779373
-0.88691152 0.26612611 -0.05664069 -0.18250870 0.08097205 0.72342950 1.10880150 0.44881975
0.56036872 -0.42114528 -0.37421566 -0.07123820 1.04045166 -0.42011906 -0.84184340 -1.00325933
-0.17076702 0.67030922 -0.56803405 -0.56394258 -0.23893445 -0.56173925 1.03749864 0.38681532
0.64905313 -0.09417332 0.00573643 -0.14727387 0.42111043 -0.16788673 -0.42959196 0.29203559
0.07158812 0.00820106 0.72888246 0.39597566 -0.36418533 -0.06541686 0.45556728 0.00693082
-0.18605667 -0.28683226 0.35843786 0.23630862 -0.33008703 0.08586648 0.61775544 -0.30343554
0.15535512 -0.69758097 0.24331078 -0.36521169 0.24051471 0.55239244 -0.03666691 0.00126690
-0.57975742 0.17669511 0.53903219 -0.44904648 1.27091958 0.32274922 -0.20984048 0.30004382
0.24636139 -0.38337746 0.35777513 -0.20044094 0.59597004 -0.29829688 -0.31948633 -0.05987083
-0.40870493 -0.29098672 -0.96717331 0.20299908 1.42061442 -0.13101421 0.30435516 0.01798212
0.11135232 0.68612817 0.23558777 -0.37978643 0.76152462 -0.17820908 0.89961114 -0.12231166
0.53453282 -0.62314902 0.59438366 0.18061194 0.51465806 0.00893658 -0.23293417 -0.12487281
0.79200968 -0.40051601 0.75251897 0.28633451 -0.23584275 0.04791146 -0.36278221 -0.77168384
-0.55982447 -0.29647497 -0.03281879 1.01432157 -0.21618267 0.24364599 -0.34894918 0.21911450
-0.19111452 -0.10066176 0.01332883 -1.37511890 0.24501841 -0.46599288 -0.49588951 -0.20173717
0.04286504 0.92368538 0.36961758 0.11156301 0.23136832 -0.01640268 -0.06441916 0.48003634
-0.30637487 0.25063967 0.84160780 -0.24905886 -0.03761682 -0.63972727 -0.40541204 0.25808095
0.30499579 -0.63033555 -0.15956645 0.61021618 1.04043083 0.31400502 0.47218726 0.87229161
0.47150144 0.66952455 0.32064034 0.11543993 0.37331727 0.46782990 -0.15196857 -0.38991253
-0.75485280 -0.33507490 0.85822495 0.09857427 0.73257304 -0.31625074 0.00639849 -0.44942577
0.44967918 -0.43387673 -0.61632064 -0.03944384 0.62211735 -0.27097486 0.05586629 -0.25476709
0.35616505 0.17329741 0.14037786 -0.15212167 -0.44104011 0.63760949 -0.30771959 0.98429608
-0.33586500 -0.67239966 -0.79798474 0.38180274 0.34988587 -0.44582359 -0.01467371 0.01686502
0.51367652 -0.36426568 1.31321917 0.03085841 -0.42516229 -0.44046395 -0.05818710 -0.53666042
0.63073784 -0.07620154 0.07339310 -0.60664185 0.26044100 -0.18375353 0.25147290 -0.12129242
-0.11185005 -1.16571396 0.08794555 0.20610214 -0.48637275 -0.08060308 0.23255889 0.08777340
-0.90860303 -0.43677936 -0.87239121 -0.98819977 -0.10006476 0.28213871 -0.10239641 0.42821831
-0.56000366 -0.54437653 0.04901741 -0.74948929 -0.98894376 -0.38071360 -0.45371911 -0.56869132
0.41058676 -0.01931461 0.95182586 -0.18074014 1.02585789 -0.44288933 0.18545976 0.14450686
-0.96817858 0.49609075 0.66586272 -0.57815739 0.07690202 -0.51989680 0.12158735 -0.31448179
0.85717489 0.00248947 -0.10186975 0.00746934 -0.12204067 -0.49089993 -0.09006637 -0.28727412
-0.04683477 -0.29437081 -0.31074746 0.44651631 -0.57915765 0.00027206 0.61425951 -0.34497866
-0.14736615 -0.47801898 0.17607897 -0.17387862 0.52765226 0.19528813 -0.67570409 -0.66570261
-0.28936761 -0.23906942 -1.46175652 -0.13939899 -0.28194131 0.50061661 0.43177128 0.10627313
-0.07396491 -0.25804074 -0.52582712 0.29628426 -0.55093708 0.00034855 0.58092902 -0.37150720
0.24062778 -1.07333172 -0.67290570 0.73496795 -0.16312373 -0.07796441 -0.63875159 0.07711538
0.69312009 0.03109915 0.19717987 -0.25205642 0.79809967 0.09742690 -0.78058632 0.09659350
-0.09147315 -0.80643226 -0.37241849 0.09826244 -0.31247463 -0.05389514 1.27347393 -0.50265171
0.54264277 -0.42701720 -0.26083321 -1.01581933 0.56313632 0.14193613 0.84077644 0.95372765
0.45699988 0.20169905 -0.28171038 -0.68697767 0.25611857 0.12237963 -0.60953141 -0.42360325
0.02786356 -0.18778247 0.26825413 0.01759010 -0.16475098 0.09199368 0.06788450 0.65084578
-0.58474902 -0.09351570 -0.18040947 -0.50118898 0.36502910 -0.67198496 0.15558019 -0.44208676
0.21627980 1.27666715 -0.47532780 0.24283906 -0.01871546 -0.38595929 0.02565671 0.19905429
-0.21744499 0.20304031 -1.51694083 0.88844242 -0.10941494 0.21821995 -1.03036600 0.33662171
0.44389282 0.50066668 0.33211644 0.68635527 0.69423334 -0.44689529 0.43858518 -0.03447377
-0.09941476 0.44524617 0.33327244 -0.64077901 0.68591954 -0.39037851 0.55420495 0.34868417
0.38797066 0.14104132 -0.04231715 0.05734887 -0.48949664 0.42412409 -0.06297918 0.99194166
-0.04771088 -0.29288600 0.16656951 -0.28836005 0.50601903 0.49274113 -0.82229006 -0.95806266
0.45096447 -0.20273441 0.23866447 0.62212898 0.19359577 -0.28363998 0.89525168 0.45079712
0.40010902 -1.40207164 0.07278435 -0.25899632 0.61782918 0.54349389 0.39565609 1.21857708
-0.52857178 0.49588052 -0.91937463 -0.38482620 -0.39898268 0.10035718 0.70673112 0.15988099
0.34977307 0.52163563 -0.10427583 -0.12269802 -0.13945118 0.29074025 -0.15029179 -0.23525032
0.46298351 -0.25086249 0.03371281 0.25825790 0.22627046 0.37902202 0.46579477 0.24778281
0.22534086 -1.23940266 -0.23828860 -0.36518877 0.64327438 -0.22929601 0.26099176 -0.47311746
-0.93909277 0.51840764 -0.03799337 -0.20658250 -0.16183159 -0.31834718 -1.06315825 -0.27265817
-0.50441730 0.07457300 0.39402259 -0.66344400 0.33670844 0.21634084 0.04130269 0.07751628
-0.18456054 -0.00447243 -1.42842306 0.75339304 0.55883912 -0.65994237 0.53983983 -0.68801287
-0.36357771 0.42781673 -0.67148059 -1.32703744 0.20264878 0.52886556 -0.57143196 0.20787630
-0.08278535 0.35921560 0.66608354 1.19905452 0.19922752 -0.31738346 0.91720797 -0.75961069
-0.22885594 -0.46392661 -0.62919106 -0.46577752 -0.75474968 -0.40242597 0.63744053 -1.48231530
0.18491490 0.45017158 -0.13109032 0.33389078 -0.04192680 0.88414184 -0.12032412 0.61742083
-0.70988050 0.04057971 0.13096270 0.36331069 0.29897654 0.36256927 -0.30203967 0.59976690
0.22950245 -0.20855708 0.24473914 -0.38019131 1.16929494 0.51104089 -0.48231640 -0.02145347
0.32174634 0.89089067 -0.00129106 0.27889141 0.01428998 0.62882083 -0.02613355 0.71993325
0.64234544 0.26482021 -0.02913790 0.37715985 0.28234300 -0.48056768 0.37555038 0.13832226
-0.50433704 -0.15270937 0.13327268 0.09379829 0.24260595 -0.67996199 0.31007199 0.36107792
-0.33075084 -0.68341949 -0.31120750 0.29509763 -0.48148836 0.22906867 0.10943413 -0.78274267
0.42508387 0.02100882 -0.52323675 -0.16691749 -0.27941615 -0.21001258 -0.27861989 -0.18819806
0.24077846 0.59708296 0.41169661 -0.05061271 -0.74682664 0.10330902 -1.13263826 -0.10757083
0.19965818 -0.59110882 -0.28264040 -0.43308607 -0.64366620 -0.47389477 -0.86262910 0.49626685
-1.44741349 0.04019380 0.48382393 0.17695186 0.33633525 -0.27713131 1.44842484 1.12217373
0.19089465 0.09644884 -0.37168809 -0.10072651 -0.06945176 0.63225425 0.36450573 -0.21626459
-0.33057307 -0.52177091 0.03481300 0.15502661 -0.15429452 0.55793325 -0.17037849 -0.16215553
0.11282736 -0.12651239 -0.15168617 -0.07989303 1.00774895 0.03408322 -0.33640042 0.28384735
-0.72928433 -0.40322609 -0.03297771 0.62382073 0.06760340 0.09216208 0.14265250 -0.68218680
0.50106046 0.12505272 -0.16402094 0.36399393 1.21842061 -0.27589385 0.11492356 -0.81175878
-0.34069961 -0.01178556 0.76337557 1.63970433 0.01241057 -0.25514257 -0.98919706 -0.87002359
-0.46221763 -0.15285535 -0.53473221 -0.12527281 0.30521680 -0.30643395 0.03110874 0.28881726
0.21706120 -0.50292180 0.44992753 0.66642795 0.49165385 -0.21129529 0.01327854 -0.12617939
0.14807454 0.07859057 -0.43716278 0.23241860 0.44445076 0.12530791 -0.12369971 -0.20180873
-0.06803035 0.37400709 -0.28490802 0.09486551 0.50131742 0.22495812 0.06124563 0.08954108
0.26005371 0.11290505 0.05551711 0.82462737 0.38966191 0.52601674 0.12716246 -0.41104666
0.31304782 -0.59964168 1.02055752 -0.13583247 0.38469097 -0.45565928 0.02870626 0.39635978
0.00224816 -0.51534803 -0.14875312 -0.25517131 0.09357749 0.24012786 -0.07234348 -0.14215359
-0.06557042 0.12936955 -0.08874072 0.08241355 -0.18054755 0.12560344 0.09627212 -0.36092062
0.37884281 -0.12126818 -0.68706784 -0.05964079 0.07744846 0.15141384 0.25313307 0.00490418
0.39895450 0.56662999 -0.20060547 -0.57380572 -0.20343975 0.36455448 -0.34670197 -0.28798564
-0.84658231 0.42069052 -0.28692318 -0.08745231 -0.20646149 0.75093656 -0.83409791 -0.54336469
-0.40460177 -0.29871463 0.74497314 0.25519214 0.30251499 0.52625576 -0.05615833 0.68961229
-0.46748541 -0.23132291 0.47033865 -0.14716065 -0.11606270 -0.23510174 0.32070922 -0.57474126
0.25055368 -0.48752505 0.04347196 0.53042784 -0.24223725 -0.16659464 -0.54443821 0.53644432
-0.09905151 -0.41158784 -0.28174580 -0.05818333 -0.50266291 -0.86855008 -0.71478674 -0.07120923
-0.11951603 -0.14787552 -0.65695608 -0.18822524 -0.94422370 0.29844029 -0.13863484 0.42676437
0.48079159 -0.48940398 0.50869679 -0.13862510 -0.42858083 -0.02003831 -0.03528846 0.45671287
0.23283864 0.01969691 0.55146123 -0.09002586 -0.20071183 -0.66783211 0.27116627 0.90306940
-0.33121355 -0.43673337 -0.35849143 0.49584506 0.48852582 0.45545124 0.25830600 0.67903741
-0.14333358 -0.12644969 0.27839679 1.52638172 0.24589646 0.24553538 0.37156645 0.03603367
0.71891785 -0.96275874 0.01697186 -0.52027892 0.45502586 -0.07301471 -0.39049142 -0.81283755
0.26123128 0.12250711 1.18948768 0.56679070 0.24908696 0.06330876 -0.63603562 -0.34816902
0.58883234 0.54978111 -0.24519613 0.06841570 0.36959646 0.34384593 0.24873334 0.15644390
-0.72094054 0.31008781 -0.24015967 0.32319583 0.53881743 -0.09058630 0.14467163 0.00375692
-0.88592279 -0.21929860 -0.21685377 -0.55054752 -0.17572080 -0.82407209 -0.58189808 0.65622581
-0.08429939 0.75455593 0.65101303 0.13163928 -0.45855522 0.46595548 0.53612883 -0.99815700
-0.87688816 0.02780292 -0.46381259 -0.45215411 -0.26931031 -0.23252256 0.43106657 -0.61780121
-0.47654492 0.53750952 0.31568159 -0.44015047 0.61190162 -0.22704612 -0.51059496 0.43630853
-0.43327334 -1.04009709 -0.23516016 -1.72472210 0.08203873 -0.42021200 0.03117231 -0.37216674
-0.35753788 0.71637343 -0.06486934 0.21627715 0.25857380 -0.83310999 -0.38422858 -0.08933785
0.26749178 -1.05273138 -0.28294020 0.34363677 -0.77816623 -0.90012957 -0.33500135 -0.20963230
-0.23231394 -0.19190467 -0.11385411 -0.13760778 -0.31101010 -0.20184152 0.78124497 0.66998903
0.19566970 -0.94896082 0.41189977 0.14722137 0.08373296 -0.16550019 -0.02496379 0.37037258
-0.65210037 0.61685543 0.40213627 -0.54973832 -0.04797876 0.13538106 -0.60442695 -0.25772021
-0.14327559 -0.38835221 -0.02024444 0.94118482 -0.22370029 0.31739439 0.01471530 -0.14290035
0.70523556 0.52443401 0.87216829 -0.49421336 -0.92299493 0.76058324 0.13653178 0.08787387
-0.08184083 -1.00948099 -0.28250872 -0.55622552 0.82652559 0.38733412 0.75652638 -0.26008539
-0.10786255 -0.58352028 -0.08885470 -0.39052099 -0.98368841 0.44400634 0.32294446 -0.69794019
-0.20879496 0.22453082 -1.33052737 -0.57823043 0.61374041 0.15586635 -0.09820991 -0.59662405
-0.35175155 0.83173782 0.50936443 0.28025585 -0.02743902 0.06956943 0.31571900 0.71496728
-0.75867080 0.17508097 -0.10861316 -1.15639357 0.00667896 0.02668956 1.40041751 -0.03110756
-0.39659689 0.57915181 -0.98804627 0.21816846 -0.11416687 -0.12756398 0.98203427 0.24136834
0.26662958 0.40249570 0.51862385 -0.71585837 0.17495265 -0.66964821 0.61490917 0.01413935
-0.42144650 0.30306004 0.38154391 -0.06576205 0.54669349 0.44053964 -0.59736371 0.20441148
-0.05775184 0.90792565 0.47455340 0.53115484 -0.02728680 -0.18887015 0.66775442 0.27164992
-0.44860931 0.42657827 0.19136662 -1.04425808 0.40906554 0.52413302 0.16840864 0.12078899
0.38403448 -0.72373893 -0.19400350 -0.24886268 -0.69895790 -0.31213816 -0.13451082 0.62920136
0.01872410 0.17062913 0.37803085 -0.09177221 -0.59536006 -0.45856385 -0.55451419 -0.32035333
-0.02190113 0.27725544 -0.47847546 -0.76508945 -0.78645830 0.26740834 0.30799610 0.26314269
-0.18751285 0.49841741 0.26495787 0.98069941 0.87441398 0.60140780 0.17976790 0.39997887
-0.83630953 0.34212620 -0.29151060 0.29831716 0.48530559 0.15551134 0.31979076 -0.40902601
-0.43814947 0.25924271 0.22055328 -0.52182767 -0.12918653 0.10505442 0.45531855 0.02608449
-0.56142706 -0.03237897 -0.55141947 -0.64569128 -0.99574620 0.12482918 -0.15732255 -0.60849511
1.38125321 0.26673885 0.49414824 0.01575955 -0.67125460 -0.13093599 0.29794142 -0.67470735
0.33206277 -0.31724778 -0.87461121 -0.14384557 -0.04558615 0.17130419 0.25019848 -0.67682983
0.33603714 -0.21927805 0.49176249 -0.05221171 0.38451508 0.27871312 0.29093790 0.35813724
-0.08727308 0.11013219 -0.44309199 0.96587623 -0.31993676 -0.03405963 0.67420693 -0.01831298
-0.22067214 -0.02389533 0.37730357 0.47641082 -0.50391993 0.49037065 -0.30847936 0.14518879
-0.99383671 -0.15640869 -0.56398379 -0.01963836 -0.85882649 -0.23942202 0.01327160 -0.42815957
-0.38997833 -0.02391216 -0.79661771 -0.53404235 -0.01362217 -0.55252209 -0.32631166 -0.01376354
0.43281396 0.21973165 -0.50876470 -0.42218000 0.53769546 -0.31823518 0.07733703 -0.20610419
-0.63484991 -0.84387507 -0.32246964 0.50752530 -0.31842748 -0.02821642 0.18684749 0.73506915
0.33186798 0.17472585 0.43438626 -0.14046532 -0.35239660 -0.80930970 0.06349683 0.40218746
-0.12428150 -0.30976711 0.28186593 -0.95057736 0.52432343 0.01625174 0.00540882 -0.04811590
-0.06188238 -0.63108007 0.32135555 0.49706655 0.65616999 -0.17482242 -0.88223684 0.07035273
0.07025206 0.96565280 -0.16601487 -0.14502303 0.13954129 -0.05815895 0.16228891 -0.27047221
0.86789541 0.22830083 0.10317681 0.84959832 0.60133746 0.14031471 0.75281201 0.78671398
0.04142026 -0.54410014 -0.14395830 -0.36399617 0.31973089 0.20684906 0.20636937 0.94809057
-0.00903436 0.11079451 -0.16723032 -0.26428595 0.16835018 -0.56216124 -0.46877684 -0.35882076
-0.54492516 -0.56360735 0.00968514 0.72126815 0.13181901 0.43070084 -0.05364833 0.71102752
0.84250834 -0.66141377 0.37523314 0.25837385 -0.92726058 -0.43586069 0.92060630 -0.21190376
0.47745288 0.32024048 -0.07833065 -0.61201566 0.18661228 0.81780951 0.41772786 -0.10406389
0.73270324 -0.06069613 -0.78206432 -0.08882322 0.76149650 0.63631410 0.18679169 -0.80569680
-0.29694471 -0.15501976 -0.44338140 -0.31482404 0.50763718 -0.57460685 0.11322180 -0.32913521
-0.47856203 -0.25289903 0.42537314 -0.13385847 0.33967755 0.19488355 -0.26101080 0.46347979
-0.74290472 -0.14207838 -0.86655399 0.51662408 0.49240928 0.64691866 -0.04344730 -0.62530015
-1.41318524 -0.23388029 0.36675784 -0.44551980 0.18129342 0.42200441 -0.81726387 -0.03598046
0.37730356 -0.10979216 0.51722272 0.08598016 0.35351790 -0.76396699 -0.22879639 0.56320307
-0.24388466 0.39755473 0.97458702 -0.67299243 -1.42008182 0.01481544 0.47989174 -0.17379509
0.04945402 0.36374584 0.10583475 0.12340899 -0.16989104 -0.45217496 0.81725777 -0.08204095
-0.39110911 0.53618823 1.05574486 0.63935912 -0.02153340 0.47728459 -0.31776882 -0.78756743
0.09330108 0.09389921 -0.44201377 0.05395608 -0.09674267 -0.61695335 0.63724359 0.28148874
-0.79782785 -0.93252757 -0.10824660 -0.07911694 -0.00788265 -0.41241185 0.06588912 -0.36021109
-0.04140807 -0.26694183 -0.98621587 -0.48735852 0.91891872 -0.03373882 0.21813691 0.06669292
0.53416100 -0.64484539 -0.84959864 0.66525422 0.70975720 0.44589744 -0.17432326 0.64948828
-0.43805485 -0.22319989 -0.22060900 -0.81244913 0.19933170 0.33093258 0.76694653 -1.06984999
0.00418592 -0.02692366 -0.45921894 -0.00529586 -0.78052050 -0.11210833 0.85346538 -0.27585773
0.71101753 0.21426719 -0.39240179 -0.39421220 -0.16270420 -0.03877701 0.20504587 -0.28515335
-0.65174548 0.28530384 0.29157334 0.18811027 0.01838714 0.38835848 -0.48089316 -0.54636156
-0.40596681 -0.51681497 -0.53460504 0.45399063 0.04024627 0.78751834 0.76681587 -0.22193125
0.20261240 0.36843202 0.23282273 -0.09250029 -0.83243115 -0.48208561 0.76949250 0.28811098
1.15814624 0.08789584 -0.18158504 -0.19025868 -0.20206382 0.02353830 0.28519594 0.39729849
-0.07683966 0.17024028 -0.50669869 0.73905549 -0.20013600 0.48743810 0.15616257 -0.21771716
0.51803834 0.42769337 -1.02062865 0.47880572 0.33807341 -0.02542042 -0.16543180 -0.60938722
0.39988652 -0.40829836 -0.24988233 0.68305756 -0.19352046 -0.22041622 -0.46606696 1.17584880
-1.18766478 -0.54023772 -0.87280325 -0.20803675 0.24661118 -0.76662137 0.17251877 -0.63562498
-0.50412482 -0.37845295 0.50287950 -0.45082296 0.34201795 -0.50474379 0.19002878 -0.08958649
0.02479772 -0.76833853 0.02235282 -0.09442703 -0.72266761 0.32954936 -0.06671561 0.65535671
0.22659370 -0.31468929 0.40895002 0.79599001 -0.99285164 1.50974091 -0.22986120 0.37843219
1.11259781 -0.47912469 -0.04928182 -0.08954206 -0.18636289 0.36064249 -0.09152128 -0.71121236
0.29746951 -0.94201518 0.31208241 1.03922492 -0.99419890 0.87767535 -0.09423744 0.72708231
-0.29547825 0.09237713 0.57136709 -0.29493844 0.49944208 -0.10375882 -0.32630205 0.42634899
-0.41084101 -0.72517563 -0.67413923 1.08897940 0.20238751 -0.09987047 0.33293753 0.64541831
-0.23050401 0.03743539 -0.33323450 0.46365417 0.28855532 0.86635368 -0.42934982 0.72657041
-0.92399103 -0.00387252 0.68071134 0.29484425 0.77377454 -0.01481687 -0.27749863 -0.98564536
0.11598197 -0.07806313 -0.00825229 -0.00695036 -0.21228138 0.33729710 -0.20010653 -0.14205778
-0.26634501 -0.95430974 -0.05980807 -0.34933099 -1.15955095 -0.65953180 -0.41375490 0.92153424
-0.57510118 0.41376291 0.30792877 -0.23582190 0.10514504 -0.19619429 0.04547009 -0.06355945
0.11843935 -0.13786449 0.81250836 0.86483521 0.22960057 0.26073014 0.32978042 0.34156716
-0.39519927 -0.45141424 0.39079610 -0.00792829 -0.23901295 -0.41032831 -0.27180523 0.11089662
-0.12988137 0.24379631 -0.14014868 0.31201024 -0.07392283 0.34046919 0.13310154 0.17501632
0.18589162 0.44747655 -0.63452649 -1.29984017 -0.52589529 0.62168885 -0.24301126 0.39433611
0.76187217 -0.07690194 -0.61642945 -0.01062615 -0.11333258 0.85001485 0.43985060 0.54042384
0.25437067 1.02669925 0.06020164 -0.25524310 -0.35035064 0.34008446 -0.53158793 0.33126809
-0.39726546 -0.95463099 -0.52788097 0.06432708 -0.42125143 -0.89714733 -0.85348415 0.11781913
0.12145382 -0.27802582 -0.36876406 0.29017359 0.28693149 1.05082656 1.36544594 -0.05126281
0.30399384 -0.42380672 0.44308115 0.90641683 -0.37713622 -0.36686234 -0.11097845 0.93739274
0.84875111 -0.54113818 -0.65101438 0.29981636 -0.25578326 -0.59380535 -0.21097751 0.05168327
0.26588695 -0.16154039 0.48610933 0.57559655 -0.05279363 0.67476030 -0.46979836 -0.53390101
-0.70494325 0.02296315 0.52829029 0.10851728 0.16020209 0.19372780 0.30030685 -0.13495975
-0.27645606 0.80968340 0.19794978 -0.51213376 0.92110187 0.26001372 0.72688992 0.07392648
-0.19366634 -0.01175236 0.10619510 -0.64977621 0.12972027 1.16313248 0.92049323 -0.35045526
0.24601485 0.40018631 0.02412723 0.40555624 -0.06147600 -0.49851880 -1.19480622 -0.37944400
-0.03569458 -0.18533057 -0.07824787 -0.40977836 0.11339639 -0.55886774 0.14671902 -0.90857219
-0.92306600 -1.28822028 0.68014454 0.25673287 0.07656941 -0.42765681 0.01169509 0.50043601
-0.80192954 -0.42651348 0.02413080 -0.43614157 -0.56497978 0.02657645 0.56196475 -0.38432277
0.82122305 -0.25014578 0.59690749 0.02818285 0.94793574 0.02045846 1.00691595 -0.48990520
-0.21471010 0.29331940 0.01126238 0.86780611 0.30252218 0.72011236 -0.54275420 0.09619591
0.51032409 -0.08092656 -0.27915129 -0.64841858 0.08446373 -0.38239438 -0.05679333 -0.47958874
1.06532082 -0.00687339 0.05283423 0.08669762 -0.30051371 0.45029474 0.17091877 -0.20850093
0.85563249 0.25298068 -0.32377755 -0.29078014 0.80185251 -0.17847741 0.98257806 0.56037893
0.23098151 0.12192914 -0.12639558 -0.56349913 0.33072540 -0.13844307 0.13256328 -0.71960865
-0.49105154 -0.46625710 0.27709294 -0.07552047 0.30375150 0.43651774 -0.01210254 -1.08184213
-0.66696609 0.21409061 -0.39539525 0.81882627 0.91041775 0.39807286 -0.64686556 -0.12474045
0.80218061 -1.06327336 0.54399275 0.46601250 -0.29744593 -0.57670902 0.45553220 0.83964917
-1.16978330 -1.13207152 -0.76134158 0.55631309 0.56815413 -0.33844696 0.45006541 0.10464854
-0.62200709 -0.06819836 -0.14232057 0.12718247 -0.53795919 0.97990975 -0.59114439 0.27809844
0.12303331 -0.48670297 -0.26475021 0.20926374 -1.25750787 0.17806126 0.10539869 0.03414111
-0.31421086 0.05788408 -0.22650685 0.12547581 0.30035204 -0.43185611 -0.81956361 0.13991296
-0.15724862 -0.44785161 0.76640936 0.10592101 0.32609036 -0.28762936 -0.46562675 -0.84266795
-0.05184788 -0.26386971 -0.14946006 -0.21363178 0.79768653 -0.17848349 -0.67403095 0.12053337
0.92083011 -1.60491544 0.29550715 -0.33819920 -0.50405497 -0.60646585 -0.32884052 0.33368754
0.10537035 -0.31820379 0.74634729 0.30890216 0.17320746 0.36926899 0.58459701 0.39559443
0.88488612 0.99699547 -0.06131482 0.05065707 -0.64366453 -0.54548381 -0.01246739 -0.41928648
-0.91418211 0.20671118 -0.73931625 -0.40310406 0.85346882 -0.06519946 -0.15232934 -0.14536214
-0.03937875 -0.24042624 -0.01218643 0.48825115 0.33137180 -0.59959271 -0.11026557 0.29845429
1.17024657 -0.99578384 0.62146201 0.59666769 0.32295078 0.06156029 0.47530584 -0.59518448
-0.56901298 0.01495704 -0.53375599 0.24402363 -0.90522909 0.08834172 -1.01994883 -0.36214829
0.61565869 -0.51056449 0.38411371 0.07748994 -0.11743444 0.20602066 -0.30428433 0.20690733
0.18969691 0.11255347 -0.00632821 0.04392100 0.37143038 0.34744001 0.29513514 0.16860752
0.46062867 -0.06343739 -1.00427305 -0.42900067 -0.74868196 1.23145765 -0.26613273 0.32929620
0.03080099 -0.15952948 -0.60262494 0.30119315 -0.48177013 0.17531187 -0.29341411 -0.66492721
-0.45139810 -0.12745399 -0.34865517 -0.04613453 -0.40387048 -0.94697951 -0.18665478 0.39619409
-0.42133145 0.49825985 0.10988487 -0.85886957 -0.60046528 -0.06241331 -0.40627414 -0.04865057
0.38904569 -0.01184274 -0.17288346 1.65143304 0.33939638 -1.08943097 0.75397821 -0.00124440
-0.49225708 0.16965120 -0.44441641 -0.02651159 0.13202101 -0.25371699 0.62430539 0.30396839
-0.58300770 -0.29866074 -0.30929296 -0.45830918 -0.40305426 0.07515966 -0.18987681 -0.69243604
-0.31198997 0.13289972 0.02789314 -0.23981037 0.40135499 -0.93353074 -0.31105064 -0.56394043
-0.11462260 -0.44835041 0.43786182 -0.09138815 0.70535991 -0.11493237 -0.31680123 0.61141843
-0.13701284 -0.00398387 0.44056427 0.28714317 -0.43446355 0.33232802 0.37515740 1.17370789
-0.69042647 0.05743916 -0.15245084 -0.16782486 0.58232841 -0.14830930 0.58621889 -0.11581537
-0.55173408 0.35536314 -0.11616825 -0.56065519 -0.24442310 0.94073600 0.38969190 0.55161385
0.40918607 -0.28223826 -0.14368982 -1.17908876 -0.74111941 -0.05870512 -0.60813118 -0.03013165
-0.28947639 -0.08384765 -1.09685778 0.68405602 -0.55928056 -0.04196861 -0.48235320 0.38638338
-0.00139790 -0.02037676 -0.24135622 0.82368316 0.63320923 -0.20385284 -0.01904758 -0.45677501
0.25399879 0.20099218 0.87639483 -0.61940215 0.15192108 -0.37233210 0.27575629 -0.70605056
-0.02967422 -0.33186674 -0.16648253 0.08276816 1.03813528 0.37891048 -0.37204714 -0.44208775
-0.06040136 -0.26414806 0.24786514 0.00618550 0.07650903 0.67332625 -0.84525675 0.19026726
-0.59016734 0.47953669 0.70638601 -0.13244388 -0.27453267 -0.52941596 -0.26776780 0.22544785
-0.09151536 -0.38353730 1.03080767 0.69601994 0.78600675 0.21642142 0.50990262 -0.60017573
-0.28502405 -0.28809614 0.79908179 -0.01341014 -0.68918309 -0.58860850 -0.30788835 -0.46517052
0.94057842 -0.87130821 0.91673278 -0.98968583 -0.24898107 0.43247992 -0.36538531 1.16024328
-0.48093269 0.20267737 0.15920702 -0.32738861 0.49210289 0.10871043 -0.71059218 -0.08097656
-0.01127170 0.51212803 -0.25276914 0.62433726 0.13143801 -0.68157101 -0.49909324 -0.29146735
-0.27161192 -0.67323312 -0.17714003 0.17004220 -0.13662728 -0.93858572 0.42171372 -0.24349898
0.05745699 0.13657853 -0.15816221 -0.42095981 0.12925238 -1.11124803 0.72172996 0.33653594
-0.31131524 0.10330589 -0.10233037 0.71731411 0.86134059 0.80825304 0.13705072 -0.81984742
-0.03799673 0.38971263 0.50702435 -0.21619325 -0.66048943 -0.49981770 -0.67952907 -0.93241222
-0.38374160 0.16796739 -0.06109646 -0.33739170 -0.31913783 0.18176526 0.11704106 0.50025029
0.19202159 -0.16406110 0.91031399 -0.68510793 -0.43262522 -0.04189873 -0.58729723 0.67162230
0.11054816 0.90243096 0.95373870 1.26189433 0.16947548 -0.26446657 -0.26020166 0.31096980
0.08692423 0.03919768 0.00348702 -1.01877796 -0.33750039 -0.11482671 0.65046337 0.28338098
0.05865098 -0.57793681 -0.40086644 -0.12211073 -0.32919050 -0.19721040 -0.17950812 0.49969865
-0.10754598 -0.42094875 0.73330570 -0.28305015 -1.13968189 -0.41638628 0.21767565 0.09921096
0.05402323 0.06756122 -0.09219976 0.13211246 0.31360310 0.40210007 -0.37650050 -0.08130019
1.23431943 -0.61640905 -0.13375295 -0.47642726 -0.00918843 -0.18980514 0.80834279 0.73277977
0.45771887 0.07328328 0.05378143 0.04898721 0.49694990 -0.01827737 -0.14848214 0.11795080
-0.20169749 -0.27842043 -0.06974938 0.40929269 -0.02710722 0.14750919 0.61949043 -0.11575249
0.10117761 -0.08273777 -0.31717302 -0.54714643 0.56033817 0.59115176 0.01992546 -0.18100720
0.29161545 0.91342833 0.20617390 -0.39806767 0.38239191 -0.48186814 -0.67027239 -0.20034137
0.34723533 -0.02572330 -0.14010303 0.36480382 0.15426630 -0.76138585 0.04769483 0.13248608
-0.22580084 -0.14074836 0.24790914 -0.53890737 -0.55956844 -0.51649859 0.42649207 -0.20114216
-0.28060472 0.06957177 0.39148406 -0.27413592 -0.41822160 -0.19393793 0.45912829 0.68857060
-0.67608912 0.75672104 -0.12633275 -0.43956926 0.40802570 -0.00768383 -1.08912695 0.01193711
-0.16653574 0.03346806 0.64239227 -0.24931626 -0.57240644 -0.39747653 -0.44087425 -1.09164303
-0.14642641 0.42296593 -0.42894409 -0.09234536 -0.62832073 -1.17786857 -0.24648244 0.20428726
-0.30257006 -0.13700156 0.57331963 0.52196079 -0.94241770 -0.26586888 0.26661389 0.13698720
0.32607525 0.32265677 -0.28194867 -0.33082892 -0.86102279 -0.37032935 0.18243826 0.24559620
-0.50933071 0.14896068 0.73911162 0.47919477 0.12313722 -0.01560897 -0.32202518 -0.01693639
-0.70420421 -0.01184941 0.07312660 -0.58010524 0.20985229 0.15416653 0.58784050 0.09602152
-0.46270356 0.04422718 0.60726938 -0.06108506 0.10911463 -0.86010185 -0.29621991 -0.50514471
-0.15108109 0.12581886 0.29102835 -0.46017420 0.21066182 0.41775958 0.01256871 -0.51212336
-0.03140820 -0.61535343 0.07001877 0.56439291 -0.28241182 0.89600118 0.07818223 0.13064304
0.48258306 -0.11404585 0.82622224 -1.58883930 -0.69391017 0.67838846 1.41398742 -0.62234273
-0.31150581 0.26274155 -0.32821680 -0.59790831 -0.72733343 0.39794855 1.03944565 -0.57156590
-0.57746534 -1.13013968 0.22593142 0.89505213 -0.30433129 -0.74212871 0.31137146 0.31177246
0.16064710 1.02326496 -0.64585472 -1.49180234 0.43753151 -0.18418302 -0.31362099 0.27861278
0.08954653 0.17225033 -0.18219449 -0.12698082 -0.23688308 0.09522461 -0.31767163 0.12808999
0.02168255 0.95558954 -0.32501290 0.17071183 0.41817206 -0.29092565 0.65739744 0.29496957
0.11734846 0.21242027 -0.23051756 -0.78695717 -0.36049593 0.53258979 -0.30959817 0.12136987
-0.07841043 0.81187834 -0.66634163 -0.66608663 -0.01670711 -0.17505221 0.38601907 0.45559281
-0.56507464 0.63877598 -0.40147316 0.80241016 0.00748769 -0.27751316 0.88503692 -0.39514610
-0.38800104 0.08146181 0.82683111 0.03092052 0.00843243 -0.45265042 0.57956850 -0.33131715
0.74710372 0.17299514 0.01474590 -0.19531162 0.48532976 0.45302574 0.05947572 0.06146047
-0.60845569 -0.55511943 0.01048902 -0.37356172 -0.17696403 -0.32370527 0.41261343 -0.01994848
0.05892582 -0.26453719 -0.50160031 0.18024360 0.46786696 -0.47315399 0.20333703 0.40456232
-0.13791886 -0.23151124 0.01690727 0.56272595 0.30762792 0.40592611 0.23714940 0.14002080
0.08819269 -0.14289722 -0.46888886 -0.02395331 0.12959011 0.43776897 -0.08663090 0.40648494
0.30439236 0.38399254 0.44238216 -0.05191122 0.78316710 -0.66305672 -0.18294717 0.39158045
-0.96489142 -0.85537273 -0.38611225 0.04939936 -0.09556753 -0.53549032 0.34468761 -0.22505097
-0.49108711 0.13971760 -1.11056943 1.78466542 1.03509646 0.36170141 0.57422671 0.43643549
0.52224727 0.06484762 -0.00646562 0.28702727 0.54999635 -0.55452585 -0.06854540 0.11824658
0.52068924 -0.40454019 -0.54506250 0.86920133 0.26008494 -0.10485992 0.26900062 0.33497906
0.23677877 -0.14694373 0.30882996 0.49525387 0.47862438 0.18913140 0.48214795 -0.38447668
0.23865779 0.36113659 -0.11738260 0.35338761 -0.24594298 0.17123040 -1.46962448 0.79791811
0.26967436 0.40216037 -0.03575579 -0.56159821 -0.17074329 0.49625976 -0.31534559 -0.66855161
-0.04063116 -0.65736343 0.16132525 -0.49490686 -0.69723390 0.35376498 0.19040719 0.06468139
0.15408196 -0.14305868 -0.53749521 0.41955745 0.64327095 -0.61060332 0.05827891 -0.34135236
0.24243036 0.10086057 -0.85061090 1.24036212 -0.29645395 -0.32464305 0.03830407 -0.60386430
0.64827090 0.03938872 -0.03439128 -0.03589160 0.01578648 0.09688271 0.16253673 0.16957352
0.26188758 0.22930962 0.49296252 -0.00607574 -0.31916268 -1.45349498 0.09703236 -0.74492324
0.22113565 0.22265724 0.40254002 0.19403580 0.27554123 -0.10862680 0.59062770 -1.14317455
0.21712582 0.07214770 -0.06570107 -0.36168270 -0.55862861 -0.72905902 -0.48591004 0.40516046
-0.12476736 -0.14318189 -0.43960773 0.68948940 0.13531725 -0.19035011 -0.90086287 0.27326294
-0.02107644 0.78582367 -0.61970372 0.10542772 0.26999834 -0.18732167 -0.20360801 -0.46032187
-1.01381854 0.36136289 0.63173527 -0.26494400 -0.47055607 -0.17406979 -0.14526916 0.20328850
0.13718546 0.08544206 -0.69728998 -0.35700811 -0.29029494 0.37718926 -0.37627878 0.00125829
0.11814736 0.70271043 -0.50047196 0.40195820 0.39194859 -0.61241125 -0.20429784 0.43789465
0.04729874 0.17772707 -0.32046893 -0.28254560 -0.24271043 0.16853219 -0.56270536 -0.24987197
0.34777985 -0.34529348 -0.26672944 0.43961620 -0.35072857 0.42370647 0.33803765 0.08563832
-0.66762195 0.47873775 -0.38661371 -0.29360224 0.69042658 -0.55744754 0.71070225 -0.23091432
-0.09422443 -0.42579554 -0.66082080 -1.42439116 0.45063503 0.33698962 0.47416465 0.06597676
-0.00085065 0.35442359 0.48741891 -0.50192365 -0.57014750 -0.82085979 0.02846426 0.67488142
0.21568189 0.84265303 0.06392765 0.29887383 -0.25764579 -0.11885882 -0.32297183 0.25240853
-1.00933679 0.72684206 0.17098606 0.05259487 -0.22220345 -0.11448177 0.98846906 -0.15712369
0.26059163 0.28587574 -0.86565898 -0.38060724 -0.21910523 0.53743379 1.11456576 0.40763272
0.46478877 -0.04864930 0.06319539 -0.32043690 -0.20278523 0.02431713 0.47906966 -0.09624219
0.40756569 -0.17398288 0.02066102 0.23775249 -0.01101237 -0.02093317 -0.72897210 0.53744484
-0.23734129 -0.28898693 -0.79120307 -0.07519803 -0.11482228 0.43000507 0.18182056 -0.60424339
0.44933606 0.56214318 0.08463970 -0.37996849 0.19351292 1.10377087 0.05573735 0.14581956
0.34769060 -0.59326869 -0.58753411 0.15226112 -0.83055654 0.33710093 -0.36879492 0.84298643
-0.49954246 0.33089458 -0.46179815 -0.64234369 0.41098997 -0.34409993 -0.55938125 -0.33057373
-0.11645904 -0.83001178 -0.53548285 0.92302216 -0.16442824 0.27340314 0.78924970 0.26499052
0.54261752 0.03689678 -0.84342613 0.59570406 -0.03390903 0.26407140 0.14670007 -0.08975605
0.81893408 -0.89394036 -0.30794661 -0.42402559 0.19619809 0.65481333 -1.47954768 -0.63931674
-0.20726701 -0.34592879 0.16796863 0.11215056 -0.07836353 -0.02838677 0.21584930 0.41751895
-1.06122761 -0.17668955 -0.80639047 1.06320309 0.11517319 0.34267472 -0.31499520 -0.09569436
-0.24355925 -0.58313582 0.14292747 0.13055911 -0.48775374 -0.51671145 -0.14508566 0.13136894
-0.80143596 -0.17971928 1.06922281 0.31829700 -0.45821507 -0.16684175 0.08949724 -0.82661367
-0.12198570 -0.12850330 -0.59204988 -0.02588347 -0.59103982 0.18301829 0.19640611 -0.31287554
-0.44119782 0.06486683 -0.38937101 -0.38604004 0.21710484 -0.36205397 0.39021270 -0.27592092
0.24928575 -0.20303231 -0.00248260 0.34553133 0.45211112 0.14716939 -0.48171772 0.25726809
-0.27980043 -0.11169506 -0.54381566 -0.11110889 -0.05886902 -0.82347091 0.19394826 -0.05489393
0.44233932 0.67390425 -0.35564788 0.13604429 -0.40091951 0.77762057 0.36522711 -0.18211432
-0.58545221 0.77072636 0.12581111 -0.51458222 0.43885563 0.67453503 0.84105055 0.56342923
-0.33684849 0.29053329 -0.56415020 0.98401790 -0.63034677 0.13454113 -0.08799252 -0.95146020
-0.36433754 -0.29351213 -0.17185831 0.34221119 0.08871471 0.33258833 -0.94980897 1.55675454
-0.11390530 -0.24279518 -0.71491506 0.31563018 0.55038800 -0.04761802 0.31497745 0.54953051
0.12278951 0.16993394 -0.26205105 0.01164627 0.23341019 0.02296315 -0.26130602 -0.18313406
-0.19149770 -0.14586332 -0.45522987 0.17067357 -0.28464082 0.06637404 0.43019133 -0.30377482
-0.32347988 -0.25292495 -0.38671678 -0.04981955 -0.55835423 0.17992667 -0.02596001 0.21117175
0.60641051 -0.03702794 -0.77294977 -0.25761656 0.44755688 0.12812485 0.42852945 -0.40787973
0.05798583 -0.49874720 -0.09897241 0.72388278 -0.56623128 0.97041220 -0.61575869 0.10811023
-0.52239813 -0.66153901 0.58386517 -0.25260712 0.01399796 -0.27633923 0.74806725 -0.45881260
0.84431909 -0.38284829 0.55515318 0.78527267 -1.06373875 0.21806949 -0.16644754 0.16583329
-0.41255530 0.50830355 -0.32567271 -0.04678914 -0.91973810 -0.09714067 -0.24315641 -0.27190303
0.40931230 0.09484928 -0.32471640 -0.23447938 -0.23590861 0.61872761 0.24965009 -0.40152259
0.24703500 -0.03745416 0.13599473 -0.31928463 -0.01187323 -0.00260276 0.58489615 0.46117550
0.27766995 0.01108246 0.04844915 -0.01752667 -1.06401598 -1.18891460 0.81826199 0.11884864
0.42870128 0.89959827 -0.02883521 -0.79071955 -0.18808156 -0.11048634 -0.18732999 -0.34307433
-0.89312540 -0.68141394 -0.56017366 -0.39916542 0.31953223 -0.27483329 -0.25464179 -0.69658938
0.20124027 0.19482668 1.56848795 -0.05285138 0.69384384 -0.08708348 0.97419017 -0.03577687
-0.53025376 1.03298967 0.20881607 -0.03045781 0.77707358 0.00516935 0.27432876 0.49200082
0.02138895 -0.35461693 -0.44554098 -0.71693915 -0.54700524 0.07341739 0.37706708 0.39622102
0.26743524 0.50946972 0.72123653 0.37228163 -0.20378998 0.35495165 0.73197941 1.12922654
0.04302230 0.04686533 -0.69134679 -0.54889811 -0.67402036 0.40689788 -0.32421876 0.19606070
-0.40827590 -0.35701309 -0.25374243 0.08921838 -0.19580894 -0.10592370 -0.75704692 0.00308329
0.56649225 0.12314977 -0.05191799 -0.17798549 0.38282678 0.38244291 -0.45214772 0.26266372
-0.48524599 0.47660473 -0.36514918 0.39789782 0.38351309 0.00275609 -0.07376075 -0.25823888
0.62860827 0.75150524 -0.90688141 0.27465809 -0.23667861 0.20258452 0.41168625 -0.23902527
-0.13920551 -0.79561055 0.59349513 -0.26280675 0.74009845 0.24136446 -0.95046244 -0.18743449
-0.01700730 -0.77091211 0.06148770 0.71560569 -1.17903602 -0.16027805 0.02820659 0.08183406
0.55553919 0.45637558 -0.68480008 0.14206902 0.75085661 -0.82073370 0.64008921 0.36605996
-0.09134473 0.49748790 -0.90453542 0.85044661 -0.29565608 0.18266043 0.23884707 0.19847819
0.03145236 -0.97961535 -0.05898355 0.54944867 -0.64997971 -0.46868217 0.34597066 0.44900848
-0.29391195 -1.04103811 0.26543078 -0.03346878 0.13164595 0.20761326 0.22631756 -0.18170487
-0.24938040 0.04806194 -1.07510704 0.28904326 0.66062224 -0.43545894 -0.74004060 0.46561348
-0.07796086 0.06420485 -0.01429532 -0.21229497 0.59505088 0.25107419 0.86164438 -0.29310992
0.63712259 -0.50442245 -1.05962428 -0.62109473 -1.63431838 -0.10739458 -0.15294033 0.41601028
-0.62640978 0.43650683 -0.54630904 -0.03146537 -1.02809932 -0.56920218 0.84270661 0.17909898
0.29942588 -0.73898075 0.60593797 -0.50791493 -0.55051637 0.08428834 1.23560078 0.33553729
0.16727830 0.12205122 0.46278268 0.56247060 -0.32879963 0.12358624 -0.81437456 -0.61242619
-1.02806808 0.03743368 0.17993544 -0.50971440 -0.86793371 0.26617398 -0.54657815 -0.87450927
-0.55115277 0.05978708 0.32493902 -0.44180283 0.06770273 -0.31700013 0.66404855 -1.01868824
0.24552320 -0.12223467 -0.82306860 0.50308548 -0.74547980 -0.33959828 -0.15020232 0.27278643
-0.23666155 -0.23915633 -0.28905740 -0.51204890 0.50697655 -0.19072932 0.96878356 0.24942497
0.51379997 -0.35600192 -0.30332017 -0.60271623 0.33202340 -0.47473701 -0.14762302 0.50631349
-0.32714111 -0.71707250 0.28223384 0.02764215 0.34490833 0.19540463 0.05123711 0.69405769
0.36027131 0.11121134 -0.24951159 -0.08257090 -0.50023804 0.29898760 -0.37317626 -0.26345845
-0.31725322 0.23511157 -0.42757235 0.70445641 0.58276052 -0.12728765 0.67821934 0.24423693
