0.67221075 -0.03618278 -0.82736977 -0.56340290 -0.34424215 -0.20482645 0.07533284 0.78343397
0.09786184 -0.68094554 1.08211799 0.44123013 0.07161634 -0.49239556 -0.08151732 -0.26740888
-0.22361967 0.12038412 0.05690534 0.74846013 0.86882167 -1.01037748 -0.37430282 -0.18688411
-0.74965116 0.88452899 -0.35824007 -0.02536280 -0.65056193 0.20773726 -0.54682705 0.09850111
-0.17843958 0.31421788 0.22854820 0.44384380 0.57371103 -1.20211918 0.56538955 0.50503904
0.73772726 0.81989340 -0.23277859 -0.32446681 -0.38393025 0.16532172 -0.42883262 0.38555208
-0.11348589 -0.08838042 0.14869413 -0.70389144 -0.05181212 -0.28909709 -0.38772076 -0.82877858
-0.19739501 -0.79023680 -0.32098288 0.57537698 0.07287032 0.08713465 -0.34427766 0.41983343
0.37340307 -0.02588167 -0.67731884 -0.31075577 -0.28724291 -0.19946822 0.23950442 -0.52703807
0.38673071 -0.06970555 -0.16160135 -0.29227120 0.27742581 -0.20758556 0.50210430 -0.76019784
-0.95673188 0.79952366 -0.40887402 0.85515345 -1.88545195 0.22694473 -0.26668341 0.47890703
0.69885543 -0.22786538 0.61157339 -0.71653289 -0.41852384 -0.73174068 -0.03616438 0.04847636
0.04947524 -0.86592018 0.30599711 0.30633445 0.63909256 -0.76038841 -0.29708330 -0.11083042
-0.08367518 -0.33280612 0.42521749 0.68934149 -0.90267499 1.18713524 -0.80189374 -0.51817123
-0.16275176 -0.05789536 -0.66496725 0.20522017 -0.31645130 -0.08091670 -0.59698426 0.21137181
-0.01912776 0.25060090 -0.66368464 -0.43341604 -0.20208069 -0.58386083 -0.34415356 -0.90545247
0.25564990 -0.49198061 0.61100367 0.02271362 0.89218792 0.03156664 -0.14526910 -0.49821861
0.85551238 -0.29750530 -0.98828949 -1.03392194 -0.65843212 0.23379661 0.93928314 -0.80039486
-0.25652642 -0.42856041 -0.21040290 -0.17259701 0.98681551 -0.52259620 0.56579780 0.10158135
-0.38732834 -0.17247670 0.43631441 -0.16116397 0.03037617 0.81094693 -0.62680842 0.44969055
0.44901169 0.02847516 -0.51701948 -0.41068727 -0.36508102 0.68567750 0.04456324 -0.13154521
-0.44604218 0.06070494 0.51052607 -0.89328386 0.04313637 0.42518024 0.47948767 -0.02250471
0.24737224 -0.27446948 -0.34756146 -0.03762930 0.20976015 0.09325552 0.34307340 -0.06614267
-0.52956921 -0.67783273 0.27211259 0.06821057 0.02508806 0.83446874 0.53990443 0.83660895
0.88032887 -0.66043321 0.11072607 0.27291200 0.41642429 -0.09583564 0.34773243 0.16245227
-0.19368595 -0.25087653 -1.02356109 0.41744391 -0.69002250 -0.29206652 -0.53682974 -0.29819817
0.58150142 -0.81070522 0.12456038 0.53112290 0.12134491 -0.29867910 0.27299805 -0.02101221
-0.16545980 0.40135967 0.68828186 0.56182082 0.25528327 0.19917407 0.08964063 -0.16710210
-0.02474836 -0.06957574 -0.51235017 -0.89478570 -0.23149838 -0.21638873 0.12737066 -0.60296064
0.27724624 0.63527883 -0.44755663 -0.27858967 -0.43117370 0.27389770 0.32110859 0.16885312
0.81058826 0.34676446 -0.19550853 1.29007203 0.12537688 -0.24260829 0.65795098 0.18638455
-0.95447130 0.09358588 0.19457788 0.11777817 -0.51739965 -0.44937655 0.52911941 -0.14277340
-0.86274297 0.66868742 -0.28339996 0.56927615 0.01173311 0.88243257 -0.41565420 -0.89007244
-0.75295308 -0.02466828 0.06223563 0.39676512 -0.58014381 -0.53251347 -0.38780972 0.37428496
0.19003056 -0.10196392 -0.23697999 0.85977867 0.00807994 -0.77899251 -0.05285540 -0.08224246
0.34813800 0.77683311 -0.35220320 -0.78332148 0.40884485 -0.52241868 -0.26459620 0.78960395
-0.10711206 -0.20653000 0.34805809 0.09704495 -0.04837828 0.45831911 -0.48085002 -0.57902241
-0.37782209 0.07260995 0.35209735 -0.39456298 0.88787682 -0.18330667 0.70003266 -0.73739251
-0.07680677 -0.07246665 0.52090748 0.06819484 -0.18426179 0.04438142 -0.03921096 0.00725143
-0.07009375 0.11088654 -1.48998612 0.09407763 0.15640958 -0.46548071 -0.72381060 0.05261257
-0.44058432 -0.02308126 0.11272493 -0.18539071 -0.43086977 0.05322098 0.70279411 -0.07455730
0.11576796 0.19572502 0.10486787 0.00837408 0.67393512 0.33840524 0.19827092 -0.35521163
-0.71702095 -1.01465856 -0.89634716 -0.67211155 0.42362491 -0.23861076 -1.17830844 0.44263559
0.61464009 -0.33862185 -0.10236486 0.59807238 0.12641369 -0.45518601 0.73238434 -0.30296533
0.29890639 -0.38492203 1.03283395 0.12226512 -0.39003859 -0.72807767 -0.87635312 -0.60442443
0.57586971 -0.21530717 -0.69218372 0.09110810 0.59904745 -0.40602773 -0.46495787 -0.04606040
-0.68149408 0.15558652 -0.17019959 0.08857254 -0.11045356 -0.37528547 -1.20194630 0.38042966
0.10612823 -0.97041805 0.29838994 0.14334362 0.00512491 -0.07386468 -0.38841417 -0.11445806
-0.87556011 -0.08387525 0.37521773 -0.55036155 0.47856577 -0.46389090 0.62376734 0.31010471
0.04061431 -0.09650619 0.07542219 0.35038639 0.38252837 0.30838373 0.73664335 -0.59112764
-0.39815102 -0.05406376 0.82447319 -0.06833419 -0.44411201 0.14732868 0.37186154 -0.10411561
0.52211387 0.07937316 0.07209609 -0.17285966 -0.08570134 0.35508444 -0.02515866 0.09946623
0.63847035 0.45260011 -0.30500934 0.69951533 0.42468209 0.47066457 -0.19075765 -0.00134424
-0.05960711 -0.43240902 0.38616975 0.40593366 -0.47010413 -0.16252542 0.20286808 -0.46411136
-0.40700828 0.33587209 0.04301849 -0.11330010 -0.08203926 0.04043921 0.80666237 -1.21099060
0.18213517 0.54611567 0.00540344 -1.57626801 -0.60761589 0.47941295 -0.26258323 -0.32576246
0.70144842 -0.05931463 0.52516362 0.18814194 -0.39071223 -0.56226747 -0.65724647 -0.33194263
-0.04622758 0.11408578 1.27062064 0.67189519 0.71355373 0.38251820 0.33095756 0.74033759
-0.47832998 -0.13416957 -0.46280186 0.76156938 1.45693242 -0.30862982 -0.05193266 0.05661598
0.84650684 -0.22410218 -0.51659208 -0.04999948 -0.03696305 0.03131395 0.45718686 0.37007048
-0.43309330 0.67114684 0.67906651 -0.13253997 -0.80444161 0.23462082 -0.65840416 1.55901253
-0.60633174 0.78690323 0.16683507 -0.22928703 -0.17869458 -0.25968289 -0.92110316 -0.23850216
-0.26102767 0.26943335 1.34035413 0.70538054 -0.20220146 0.51527223 -0.31207003 -1.03614656
-0.51881227 0.21533360 -0.37542767 -0.50623569 -0.04025150 0.52006729 0.24078945 -0.47585671
-0.62973720 0.80201088 0.04813518 -0.27076346 -0.27702959 -0.35457019 0.97231962 -0.02120516
0.27605600 -0.77583243 -0.40263104 0.02097934 -0.48161677 -0.23251507 -0.39511857 -0.09595139
-1.13906208 0.81503611 -0.13042966 0.17122635 -0.01395277 -0.29940478 -0.90266852 -0.43876833
-0.23496752 0.29833700 0.07084952 0.47374601 0.20191881 0.32220917 0.10093133 1.01894757
0.01741283 0.16837108 -0.06902308 1.11569119 -0.76946914 -0.51268112 0.72352060 -0.17695060
-0.30121373 -0.64822710 0.14268868 -0.38729616 0.32715834 0.26111510 -0.36451729 0.62528584
-0.49950882 0.21940107 -0.93827835 -0.14579453 0.29529953 0.29473214 -0.02307942 0.02254737
-1.20210806 0.00611475 -0.08307692 -0.75446757 -0.27376878 0.51425040 0.16540728 -0.14133145
0.55509175 0.81620585 0.09452641 0.38809130 1.18593196 -0.06977054 0.61791683 -0.98059938
0.54398371 0.04794598 -0.28747075 0.04121029 -0.68977842 -0.22036515 -0.14459501 -0.55798449
-0.52039563 -0.49148254 -0.71351399 0.21461979 0.17716588 1.08913978 -0.16622701 0.98643731
0.37151389 -0.09067218 0.21043639 0.29368386 -0.33044237 -0.32043466 0.01420083 0.45398822
-0.40786900 -0.94123503 -0.05554285 -0.68431288 0.53997844 -1.10210423 -0.12236312 1.24060571
0.01193065 0.86571786 0.03883781 -0.93491953 -0.02215140 -0.07907552 0.30088658 0.41668731
0.55659049 -0.02280526 0.46021687 0.00049954 0.93468092 1.03360416 -0.06791945 0.06436877
0.08541914 -0.54483087 0.03667009 0.41132755 0.10997884 0.22763608 -0.49585802 -0.17214816
-0.54437802 -0.08641070 -0.66659397 -0.12630539 -0.01681846 -0.29192106 0.12127172 -0.74467612
0.92758598 -1.28533833 0.13070728 -0.45799258 -0.30437155 -0.77243759 0.88914406 -1.41056606
-0.07497285 0.40279822 -0.49209298 -0.70666340 -0.33956994 0.52257746 0.19782929 -0.43198512
-0.04620604 0.32191420 -0.58221193 0.78867624 -0.45530794 -0.29324579 0.48414591 -0.64749264
0.00671917 1.22008462 0.26675192 -0.06133305 0.73828330 0.96577415 0.15956712 -0.34367511
0.22079661 -0.07589101 0.14128988 -0.05843541 0.64879559 -0.13905434 -0.35920933 -0.30731030
-0.46751641 -0.32101581 -0.67073435 0.14407155 -0.12533754 0.33222057 0.02361892 0.87837592
0.37308408 0.10559486 -0.67785424 -0.19035678 0.56857713 0.56825192 -0.77846846 0.48902623
-0.33657775 -0.60069258 0.51539990 0.59110140 0.93960786 -0.31634548 0.44739463 0.39911158
0.57461545 -0.19642395 -0.32765129 -0.08021570 0.17943578 -0.06624069 0.19023375 -0.04578274
-0.09923015 0.38956974 -0.28803555 -0.20260469 -0.11658390 0.43111361 -0.15567498 -0.66769793
-0.41732886 -0.03318161 1.02565446 0.81692789 -0.45848117 -0.47169666 -0.18759473 0.00190863
0.41172106 0.04836627 0.96586264 -1.06920488 0.39548664 0.50316985 -0.20403717 -0.21858496
0.04074008 -0.66819301 -1.01376169 -1.04540290 -0.36337458 -0.09874413 -0.09182378 -0.42141339
0.08459432 0.28640783 -0.25754712 -0.36628040 0.57496164 -0.07528209 0.69661869 -0.00534949
0.25784652 -0.27763760 -0.52569969 -0.09753936 0.12557085 -0.82758985 -0.17098305 0.14124124
0.81385982 0.01688543 0.25407188 -0.53355539 -0.93457825 1.02734684 -0.57848138 0.18378300
0.35026573 -0.29176981 0.89029701 0.09982193 -0.74759422 0.44341049 0.56146096 -1.25322457
-0.14809744 -0.52828167 -0.05867541 0.20692994 1.24130550 -0.02696657 0.58878655 -0.16550488
0.32527675 0.44409682 0.34053540 -0.38891826 -0.57042976 -0.04445673 0.21069540 -0.13346043
-0.50145551 -0.45897497 0.14959381 0.51077592 -0.57965757 1.04149036 0.58221205 -0.01987693
-0.21545524 -0.31889619 0.53920554 0.25450012 -0.39072524 -0.96395598 0.70183619 0.26896899
-0.26832874 -0.09056812 0.87056319 0.38100046 -0.13743427 -0.54629804 0.35521054 0.06120696
0.82961485 -0.52173801 -1.03874453 0.73042737 -0.08521027 0.10040152 -0.46813180 0.02599873
-0.04771839 0.18533962 0.38131773 0.75844013 -0.61220093 0.62177009 -0.46084566 -0.21807383
0.63031507 0.24438292 -0.20399034 -0.72402809 -0.37110700 -0.05440216 0.32446286 0.35343759
0.35020360 0.76373301 0.00365698 0.24336293 -0.26812961 0.22644136 0.38168405 0.89085770
0.43306826 -0.32442051 -0.64841788 -0.18110234 -0.12514408 1.02473391 0.55546039 0.03510253
-0.88064092 -0.44836497 -0.47605780 0.58713385 -0.47470294 -0.64544964 0.89493701 -0.05360592
0.30181428 1.22444043 0.75621106 -1.45978080 -0.34540753 0.06951781 0.35473762 0.66578032
-1.06356982 0.36060734 0.83128123 0.28899767 -0.30380090 0.81519134 -0.66578265 -0.28406937
-0.84877826 -0.21218419 -0.34024074 0.34830425 0.75576092 0.58369474 -0.37994086 -1.28288111
0.76452947 1.03038418 0.06501157 0.63587392 0.52094980 0.62719752 -0.20687695 0.40266377
0.13389925 -0.09800061 0.02302144 0.13818979 -0.76101862 0.39902810 0.40120655 -1.08367550
-0.11318824 -0.04248511 -0.71115813 0.28071363 0.08604893 -0.14240805 0.88989380 -0.05223071
-0.29565913 0.29436017 -0.23231742 -0.16491347 -0.52513672 -0.15231794 0.26344354 -0.51790126
-0.44577196 0.01102653 0.10697286 -0.06578805 -1.14296516 0.47767190 -0.20743755 0.42142406
-0.36006668 0.41118782 -0.04854948 -0.76346607 -0.29174746 -0.39832399 -0.28472752 -0.21649856
0.15873099 0.47554551 0.38469234 -0.07116209 0.54473776 0.65868385 0.42699413 0.20176000
-0.94659807 0.25625001 -0.44001825 -0.23805108 0.07018112 -0.27562118 0.14287353 0.38909882
-0.49176425 -0.01780654 -0.47253508 -0.40845104 0.73373680 -0.43032047 0.24474036 0.33349308
-0.48018048 -0.58310733 0.30784463 -1.06872405 0.46277847 0.85064292 0.36978876 -0.49525557
0.14463903 -0.16662156 0.54628911 -0.15760708 -1.07396141 -0.03246533 0.04116162 0.21284504
-0.05748559 -0.40075220 0.08878621 -0.93260535 0.13575650 -0.63584223 1.62555566 -0.16055588
0.22104415 0.82572493 0.23560772 -0.59769450 0.15071460 -0.87985188 -0.53171365 -1.01012795
-0.30308275 0.60587303 -0.43776797 -0.55196421 0.65592847 -0.10426002 0.77056812 0.67240895
-0.14691776 -0.65849869 0.36139298 -0.09474702 -0.69557665 -0.42959860 0.13551695 -0.65852692
0.73468288 -0.50314773 0.27391601 0.23468138 -0.08912151 -0.42833117 -0.11217202 0.59125017
-0.30169612 0.16979634 0.00185817 0.21377472 0.71900552 -0.60269398 0.10347153 -0.09204511
1.54348316 -0.04822441 -0.01138020 -0.25361826 0.06436966 0.62208779 -0.99934400 1.14538698
0.10260974 -0.59055773 0.65124442 0.10979994 0.18297663 -0.52491508 -0.05892397 -0.25022142
-0.36469685 -0.50671924 0.06663463 -0.68427243 0.06854908 -0.76546518 -0.28646176 -0.95627287
-0.77232554 -0.45008185 -0.30722263 0.36338082 0.33668797 0.59211867 -0.22403170 -0.01004593
-0.71292936 0.04640604 0.04864976 0.10575878 -0.11498684 -1.33666220 -0.00518993 0.16703149
-0.16000747 0.63149238 -0.16717209 -0.26999685 0.43336034 0.01288053 0.64671480 -0.42548398
0.90503602 0.82487567 -0.50745433 0.72623390 -0.40025682 0.25521652 0.11997578 0.23724804
-0.54414495 0.15024501 -0.33637371 0.28684318 -0.50145409 0.03050830 0.03926771 -0.79560649
0.32710194 -0.67832859 -1.66662947 0.10507484 0.48245910 0.58299413 -0.00789425 0.56312321
0.57481943 -0.23599812 0.24959110 -0.70728913 0.28192071 0.59413769 -0.43040399 -0.08560148
-0.25382690 -0.44331084 -0.68465158 0.05144549 -0.07910655 -0.58694377 0.10630916 0.29183223
-0.21508557 -0.54513398 -0.51270307 0.01722044 -0.23898701 -0.09557280 0.50564962 -0.55130086
-0.23609975 0.08849104 0.26638900 0.31374363 -0.16220214 0.34422496 -0.59994292 -1.05227086
-0.44840559 -0.05510553 0.47823620 -1.00192662 -0.14405934 0.67307682 0.31700855 -0.22199141
0.57879623 -0.53404892 -0.42744942 0.50147976 -0.49716773 -0.23347720 -0.04631381 -0.27413169
-0.06315296 0.46498032 1.36903489 -0.05549158 0.32383714 0.92327125 0.07795147 -0.37749838
-0.07955495 0.13770601 -0.27352437 0.61523336 0.67658024 -0.38128935 0.15472293 0.79964416
0.21344821 0.46857182 0.07310628 0.29244950 -0.14129621 0.46103734 0.45319624 -0.67275658
-0.18749215 0.88983263 -0.36580866 -0.69387626 -0.03527226 0.25800870 -0.11105146 0.11459655
0.94504298 -0.09142242 0.70899915 0.33330305 -0.58015846 -0.28322127 -0.22327219 -0.09699682
0.19314675 -0.40924594 0.29099255 -0.35235579 -0.17339819 1.17563937 0.38198549 -0.04906806
-0.02596591 -0.01891304 -0.33024763 0.09033306 0.05319864 0.36924044 0.11812226 0.22383384
0.82681252 -0.67093144 0.44972269 -0.61980256 -0.69199342 -0.51683982 -0.17665769 0.92961906
0.19639614 0.12363254 0.55391246 -0.24770655 0.22029039 0.07671488 0.29998346 -0.58141743
1.10429117 -0.62129474 -0.54580148 -0.42384923 -0.07614467 -0.18520576 -0.43912416 0.86044064
-0.10529967 0.56661453 -0.07120163 0.52171459 0.05200455 0.37625792 0.75006252 -0.10371175
-1.04082563 -0.05042982 -0.55187678 0.02564768 0.79133691 0.33726646 -0.64686404 0.58916687
-0.50930108 -0.31586926 -0.00055755 -0.16176745 0.89669989 0.80684158 -0.24255659 -0.24667796
-0.97025190 -0.03711811 0.87591080 0.51677654 -0.12721924 0.26826649 -0.43841098 -0.14795353
0.17917466 -0.02783250 -0.39051141 0.82528189 -0.69352078 -0.08601146 0.04783875 -0.11162342
0.32312258 0.74261336 0.36675743 0.62373077 -0.26197320 -0.57772857 -0.39292755 0.79635385
-0.45348531 0.37368093 0.13793941 -0.85681087 -0.07521148 -0.60459743 0.46302416 -0.61299345
-0.01175267 -1.13916828 0.11646191 0.13455444 1.05220439 -0.03079375 -0.13147462 -0.02410469
0.26858334 -0.54435966 0.19017940 0.13189324 0.50342012 -0.05162981 0.46277362 -1.04998976
-0.60411305 -0.87834977 0.10755749 0.98923452 -0.24374682 -0.08919754 -0.65678970 0.22361274
-0.51376813 0.13857232 0.64061467 0.31635258 -0.40383360 0.30524304 0.37200381 0.12069836
0.07536855 0.22296641 -0.85515331 0.20460157 0.15555643 0.63191514 -0.11133024 -0.59012369
-0.09481435 -0.86494863 -0.76478500 -0.35197369 1.13605667 -0.39454037 -0.03983234 0.03319454
1.39372819 0.80053868 0.42313948 0.74096909 -0.33181136 0.05807827 -0.13561820 0.66608169
-0.17130744 0.38074099 -1.25627838 0.19112470 -0.35250880 -0.41665624 0.96286174 -0.26687178
0.17002759 -0.22429593 -0.03759647 0.13268418 -0.55108105 -1.33594354 -0.69273342 -0.32248589
-0.52714896 0.40645513 0.26928783 0.50523329 -0.65299484 0.49234465 -0.28156479 0.09521561
0.13490255 -0.02624812 0.80862589 -0.76272768 -0.21186197 -0.04166440 -0.62304676 0.80607812
-0.21528558 0.19853703 1.05054090 -0.08403879 -0.14473908 0.23704356 0.43120131 -0.10564794
0.16854958 0.34528173 0.37149365 0.16041801 -1.00236504 0.51501623 0.03391120 0.02462298
-0.43688639 0.29396391 -0.00783431 0.50808624 -0.17063133 -0.65466465 -0.59918288 -0.06265761
0.85427684 0.05297255 -0.16711778 0.78047582 0.45329192 1.20428626 0.04375194 0.82677178
0.55292355 -0.33433674 -0.15873542 0.53632962 -0.36609574 0.18427591 0.14836305 -0.27178881
0.20058060 0.08041485 0.12033935 0.20408876 0.01781830 0.50344070 0.04041883 -0.04933969
0.61449124 0.22126814 -0.02619894 -0.76625062 -1.02664911 0.41162094 -0.68052120 -0.20683161
-0.55668779 0.66197652 -0.86559225 0.47930531 0.08675455 -0.29343003 -0.02260150 0.11957477
0.12103292 -0.24865082 0.12601944 -0.17787256 -0.07676912 0.19210572 -0.39283967 0.71543301
0.20215624 0.28814869 -0.80838578 0.19937600 0.97844038 -0.90811825 -0.25662394 0.29461085
-0.31341927 -0.66851868 0.07473582 0.27234629 0.11728657 0.18960255 0.32610718 -1.37080381
0.15650091 -0.46651329 0.74140863 0.50851564 0.17386101 0.32190806 0.42161418 1.44768828
-0.95010461 -0.12594237 -0.34510631 -0.17221815 -0.94520254 -0.33271451 0.41368148 0.46444664
0.39642458 -0.09706853 -0.33282098 -0.23040253 -0.39059199 -0.59191576 0.82951115 0.13096581
-0.09977799 0.11901485 -0.30789622 0.20788511 0.10384211 -0.21149889 0.46976228 0.24115430
-0.43218963 -0.50339295 0.25460170 -0.06098593 0.04194690 -0.18252587 -0.63273019 -0.40039710
0.22766993 -0.51250390 0.38058698 0.29628547 0.14456737 0.00116855 -0.28512467 1.02039822
-0.04618473 0.01092422 0.08803384 0.16579805 0.11261410 0.66439790 0.04154458 0.15479812
0.12919064 -0.43257708 1.07836408 -0.27630741 0.18886572 -0.40136411 -0.02658051 0.59669039
-0.08014624 -0.45560821 0.13427350 0.23984021 -0.60439802 -0.42521034 0.23505842 -0.12501797
-0.73100503 -0.70842386 -0.11137036 -0.28555185 -0.68145592 0.05333444 -0.28829173 0.23031134
-0.75913332 -0.18696670 0.08732838 -0.23743159 -0.15449243 0.30553527 -0.06039908 -0.63415947
0.30080687 -1.06466076 -0.33886751 -0.47919718 -0.26791230 0.17849847 0.27010568 0.39601804
0.40064242 -0.12452762 0.50193192 0.20058122 -0.50578879 0.55814598 -1.01466531 0.19368322
0.26430729 -0.05675992 -0.05842478 -0.80729369 0.00984383 0.43661637 0.32126870 -0.40355293
0.33418198 0.28056106 -0.64075679 1.18358954 0.31137235 -0.96839518 -0.09579309 -0.44260659
-0.20986301 -0.19302262 0.34107915 0.15467345 0.30093129 0.12890395 0.60703944 -0.22292840
0.80421829 0.74184325 -0.74196242 0.04533372 -0.30699733 0.19594137 0.33297283 -0.45233282
-0.90971458 0.00041060 0.43874637 0.17344813 -0.31274591 -0.49751975 0.22519917 -0.52727239
-0.03697479 0.25089344 1.31259256 -0.30710986 -0.78448377 0.30116594 -0.55392477 -0.21492821
-1.03044674 0.41625426 1.17437717 0.19712477 0.30727570 -0.19383428 1.43878508 -0.17225837
0.34254566 0.35716858 0.12050044 -0.58927588 -0.06651131 0.21902695 1.01411390 -0.14092525
0.50033694 0.49586302 -0.02926434 0.34972360 -0.15326582 -0.25422602 0.03669445 0.85716468
0.05312818 0.20818525 -0.41021611 -0.36188293 0.39142333 0.32327665 0.03518271 0.37142941
-0.51124635 -0.08321976 0.20799327 0.11923692 -0.13626093 -0.93766255 0.37846483 0.73212339
-0.53027926 0.19429550 0.97652604 0.04922650 -0.59620429 -0.06131577 -0.54783334 -0.05169960
-1.53263065 -0.38287226 0.37628716 -0.56403495 -0.06461898 0.16390162 0.23442450 0.05948783
-0.37083027 0.67809662 -0.31017326 -0.36943032 0.05462415 0.47808724 0.92412798 0.33364753
-0.14762803 0.01056551 -0.45905740 0.38904217 -0.50212076 1.26720225 0.39441683 -0.16883081
1.14611377 -0.45082814 1.22466051 0.58293356 -0.71439919 0.99294922 0.64808832 -0.12017121
-0.00929584 -0.34466669 -0.66229873 0.15476866 0.28522473 -0.07993378 0.90375002 0.11930229
0.14060942 -0.43998287 -0.34740462 -0.25847366 -0.10720841 0.87549091 0.44917385 0.05615485
-0.74724432 0.33200733 -0.10471928 -0.19520997 0.91690194 -0.49871915 0.12435584 0.42943803
0.09823890 -0.32149511 -0.07243380 -0.54172648 -0.64115893 0.62177175 0.28394131 0.08755016
0.00724363 -0.15888503 0.65217927 -0.10871640 -0.33630580 0.37577049 -0.09014630 -0.48168814
0.49500238 -0.24880428 -1.63842494 -0.03622122 0.51307621 -0.29911442 0.08514451 0.30960676
-0.19633767 1.00059878 -0.60478253 -0.56925613 -0.47442886 0.31754510 -0.62226183 0.60564819
0.07415856 0.15778010 -0.20577769 0.39681537 0.54728405 -0.24020063 -0.16063023 -0.16958112
0.08505796 0.41640777 -0.44420741 -0.14667065 -0.47155873 -0.89864242 0.41866760 -0.07194461
0.25166108 -0.40289629 0.15353041 0.51738727 0.84535100 0.22182003 -0.27347668 0.04488211
-1.00185381 -0.45955731 0.37752585 -0.00947639 0.29006815 0.41284495 -0.27920823 0.71906706
-0.49210761 0.65010480 -0.41912962 0.67086125 -0.30059559 0.45132504 -0.54913311 0.24858420
-0.14703142 -0.36661319 -0.56701797 0.93075048 -0.11373115 0.06094457 0.66139766 -0.52997643
0.13133978 0.57833012 -0.28387401 -0.18351018 0.19902455 0.15199229 0.56478699 0.33759548
-0.08261032 0.79492412 0.28948957 0.21381922 -0.41813989 0.57619817 -0.02560002 0.22880666
0.54710277 -0.33729896 0.52651811 -0.63560451 -0.59656397 0.65838754 0.64908529 0.97775054
-0.33089384 0.81721326 -0.12601537 -0.55271475 -0.16191151 0.12651706 0.53097152 -1.03762269
0.54936186 -0.58123003 -0.30548412 0.21519463 -0.67692517 -0.87172960 -0.06081286 0.27146294
-0.08426024 0.24760503 -0.53825180 -0.44318803 0.24763470 0.64806948 0.09731628 0.59701391
-0.23362418 -0.19254069 -0.18370729 -1.02642580 0.31597220 0.13694706 0.38799882 -0.35257187
0.19251586 -1.39795117 0.24445445 -0.52163789 -0.57218647 0.10793230 0.52383585 0.22442891
-0.00065513 0.28611067 -0.55103655 -0.55688079 -0.14214159 -0.28082484 -0.32555977 -0.17850047
0.22497823 0.53000094 0.53042744 0.02190764 0.72994883 0.51949920 -1.04664226 0.35862721
-0.41860143 -0.03717549 0.38139591 0.15215753 0.00089165 -0.53216945 -0.15428107 -0.10385176
-0.08409593 0.10680337 0.25441991 0.20610035 -0.14540441 0.33639265 -0.33943658 0.70337327
-0.16649718 0.50461934 0.12921200 0.37724547 -0.64353471 -0.39829398 0.72251606 0.15875413
-0.93357277 0.06997304 0.43463235 0.67257869 -0.75002293 1.43392246 -0.58169971 -0.35538599
0.24343640 -1.07099150 -0.15089655 0.29254179 -0.09165160 -0.36588670 -0.30305216 0.14166214
0.28669462 0.30150592 0.43852629 -0.47850913 1.04984765 0.69659480 0.34854272 0.42536447
0.00914309 -0.04674734 -0.34206585 -0.03867115 0.79136888 -0.60209544 0.34397129 1.49525340
0.41309678 -0.12686134 -0.03921916 0.15905096 0.66968708 0.31791181 -0.58019416 0.52571057
-0.90553510 0.47478740 0.26102493 0.09358904 0.07177283 0.70307340 -0.51968350 -0.45361948
0.12808181 -0.01634759 0.41963827 -0.01868738 -0.00636154 0.18053189 0.27285244 0.17852461
-0.12683652 -0.02942637 -0.63938577 0.39947610 -0.69671788 0.02849288 0.05585631 0.61169207
0.03337130 0.34175364 0.07134879 -0.63376980 -0.49927384 -0.15146547 0.43429124 0.27931837
0.24682402 -0.53028244 0.67601011 -0.26664896 -0.26103126 -0.81174173 0.69866097 0.18414191
0.19465529 -0.10022868 -0.18442899 -0.24634067 -0.21014588 -0.69987652 -0.08726298 0.81391558
-0.28148821 -0.15961873 -0.64831022 -0.41409921 0.21263672 0.35607814 -0.24120620 -0.78799114
-0.37814583 -0.24515657 -0.40426298 0.22312200 -0.37420763 -0.09135586 0.18086024 -0.29426766
0.43907593 0.45400170 -0.46434434 1.04142326 -0.20974337 0.81800831 -0.33012786 -1.54307617
-0.28745458 0.04851122 0.98452977 0.48214226 -0.00229686 -0.29569288 -0.90381028 -0.99903424
0.83293297 -0.26233262 0.39672173 0.20253413 0.62866429 -0.42375563 0.34704604 -0.02772518
0.26946206 0.17880266 -0.01669702 -0.81892720 0.38096364 0.73047693 -0.01135304 0.13019488
0.79974538 0.57096437 -0.10662343 0.05611279 0.21062063 0.82829562 -0.03491886 -0.22128360
-0.54916383 -0.51000599 0.06918295 -0.43943725 0.06339516 0.38463438 0.44867586 -0.40826572
-0.00158037 0.27553273 0.63622218 0.33057354 0.68764072 -0.34931789 -1.03602800 0.15268553
0.00463878 0.03152287 0.68753381 -0.19816892 0.74359619 -0.22847907 0.63225632 -0.12012297
0.91435930 -0.22714904 -0.15918359 -0.78434214 -0.19316682 0.66025374 0.26184122 0.28713700
0.27676957 -0.19002494 -0.39963346 0.04602154 0.20050471 0.54519737 -1.15828883 -0.18407255
0.18559286 -0.74284930 -0.18286418 0.10631109 1.12403819 -0.55188171 -0.15395858 -0.05443803
-0.36854804 -0.11075353 0.18440170 1.02564551 -0.19841172 -0.81324294 0.53391736 -0.12209449
-0.46843063 0.26553286 0.69160547 -0.95220176 0.17202194 -0.67907060 -0.34707929 -0.07460350
-0.38874282 -0.47472899 0.79374629 0.02302321 0.12295588 0.06278337 -0.22780362 -0.45659487
-0.12432859 -0.30184325 -0.04125998 -0.45113893 0.06521282 0.00222839 -0.31843440 -0.39848810
-0.06265350 -0.22338902 -1.23404375 0.64829049 0.46059705 0.13329891 0.33219958 0.40097281
0.04719563 -0.74826501 0.69006582 -0.16681345 0.32141948 0.19561603 1.33291275 -0.92505724
-0.04088553 0.34105238 0.43259568 -0.21295416 0.12266323 -0.55118860 -0.40515212 0.71918790
-0.05675326 -0.20803195 -0.47136790 0.06634707 0.00215101 1.00516602 -0.59542618 0.42288586
-0.16451073 0.77755516 0.33770480 0.27090795 -0.42832928 0.32038221 -0.30959794 -0.51496024
0.10231362 -0.15729419 -0.41456920 -0.41322072 -0.53916000 -0.40227912 -0.15713443 0.12577512
-0.17987566 0.04140372 -0.08857467 0.44075761 -0.03372237 0.64466700 1.65197030 -0.46784212
0.00053218 -0.88284703 0.26027303 -0.14809819 0.22387812 -0.29829030 0.26703395 0.14788846
-0.23803178 -0.59281844 -0.72325534 -0.99901323 -0.01047297 -0.54097322 0.54784607 0.40009261
-0.68406560 0.06554824 0.53190520 0.42480457 0.56317732 -0.31054562 -0.36236576 -0.22930483
-0.62886719 0.06646622 0.87092028 -0.32157463 -0.11610607 -0.64895167 0.09248859 -0.26879257
0.54638719 -0.33466289 -0.23472229 -0.84581481 -0.35867799 -0.19238084 0.36397674 -0.01159884
-0.04798165 0.60572515 -0.15520449 -0.20263169 -0.90889368 -0.65553750 0.22110273 0.19833675
0.16316106 0.85123642 0.18907580 -0.72691748 0.11690194 -0.70604416 -0.73876490 -1.17264149
0.21372665 -0.07146420 0.22215149 -0.69294614 -0.11664709 0.38618399 -1.03150418 1.08174711
-0.21873708 -0.69686015 0.01295473 -0.13506346 0.16001600 -0.01318124 0.26226337 0.11738543
0.31163393 0.29625950 0.23351592 -0.05758981 -0.42964273 1.15803188 -0.55486242 0.82670485
0.10706710 0.89647436 -0.40831095 0.12145439 1.16390175 0.02979880 -0.70727066 0.75745893
0.52157931 -0.76568879 0.83641646 -0.27898528 -0.41441395 -0.24811110 1.09772742 -0.20752214
-0.75364035 0.39435410 -0.68339477 0.47612177 0.90472145 0.86683942 -0.65257078 0.12073669
0.50745403 0.18435038 -0.46543988 0.17354322 -0.76074430 -0.34956587 -0.58698996 -0.67719417
-0.15915773 -0.56799721 0.60356124 0.64034328 0.30031484 0.89511474 -0.11553297 -0.25071564
-0.24767134 0.34654946 0.32627229 -0.12396040 0.41545932 1.09300535 -0.14544783 0.26000703
0.03041708 0.29908699 -0.96051188 -0.28099661 0.84267106 0.60739542 -0.33987137 0.33115744
0.24415903 -0.16545172 0.51253862 0.11354723 -0.23203144 -0.02476742 -0.14342037 0.09910192
-0.88496394 -0.08343887 -0.11826827 0.62752523 -0.54914936 0.15913538 0.14402533 0.50378023
0.34384561 0.00410294 0.79520864 0.20218949 0.14340859 0.71805152 -0.34390803 -0.42569000
0.12352796 -0.11561017 -1.23296565 -0.17842208 -0.34441497 0.13605699 0.01402299 -0.43394214
0.38497394 -0.09335421 -0.51742074 -0.22359753 0.08259916 -0.30599785 0.16781536 1.24054326
-0.31116295 0.19393518 0.28435824 0.28681776 -0.32608306 -0.52389304 0.21981086 -0.16251872
0.48484538 -0.76970168 0.03826666 0.72347086 0.13656745 -0.42915793 -0.08994610 0.21300194
-0.12521548 -1.25381759 -0.50438437 -0.45424766 0.58275973 -0.14274452 -0.78385516 0.17855449
0.21610160 0.51688237 0.68098348 -0.02771075 -0.09094494 -0.13308015 -0.52105618 -0.75503748
0.04801944 -0.33937962 0.84075790 0.29262187 0.48310560 -0.06325745 -0.07306158 0.80172933
0.04718664 0.64833747 -0.14626928 0.51020421 -0.25783733 0.60422392 -0.33669112 -0.59351572
-0.20554078 -0.10095903 -0.59972430 -0.23294741 -0.22826701 -0.28235137 0.36685681 0.12907882
-0.22283528 0.14088402 0.35684063 0.41447955 0.13001988 -0.85752575 -0.59767723 -0.59636579
-1.24817348 -0.56212736 -0.02047615 0.22611840 0.29178981 0.36255924 -0.09269199 -0.43540040
-0.74538503 -0.36069598 0.82744987 -0.19257060 1.03493480 0.68028303 -0.38196751 0.03487205
-0.52503277 0.28481138 -0.26714336 0.56373341 0.39366430 -0.08295528 0.54325706 -0.77385613
-0.98103024 0.01904878 -0.00653275 -1.06315806 0.06384846 0.14597510 -0.48363398 0.10531723
0.03823638 0.70821350 0.09632701 0.17449478 -0.28800937 -0.22619029 0.33663238 0.88417287
0.39899419 0.30283811 -0.09746940 0.97421229 -0.53756234 0.66482633 -0.33820363 -0.39931468
0.27466457 0.20089653 -0.11566825 -0.91662859 0.00136323 0.11176330 -0.35879911 -0.34710248
-0.04980249 0.18157806 -0.38516758 -0.08350547 0.94273648 -0.60127923 -0.57256866 -0.31951779
0.57604032 -0.08506710 -0.51286577 -0.57849917 0.49773621 0.18341533 0.32171755 -0.10253447
0.39956246 0.14364540 0.15800372 0.33123801 0.06660726 -0.20428702 -0.19653647 -0.02434531
-0.54304853 -0.28414764 0.10365698 -0.48059500 0.67246933 -0.67947533 0.36167905 -0.59610388
0.08774264 1.23945928 -0.57100616 -0.45728131 0.32912727 -0.21429414 0.35756941 0.05206693
-0.24874213 0.07291683 -0.63912424 -0.27378009 -0.52478608 -0.49847715 0.47525286 -0.67878241
1.07173047 -0.00214951 -0.83382507 -1.66546709 0.69550211 0.53431351 0.11735885 0.13840626
1.04020957 -0.09633716 0.14414177 0.51640490 -0.19275058 -0.41136228 0.63904780 0.89563475
1.01177442 0.12526648 0.08479194 -0.16949865 -0.26332398 -0.17481436 0.12455442 0.39642776
-0.24628939 0.40363333 -0.80084814 1.19621972 0.01345288 0.66935269 0.79715517 0.14495634
-0.12794564 0.21474248 -1.24344956 0.05548515 0.57772537 0.26384744 0.90289141 0.43437650
-0.30284003 -0.10299987 -0.12699812 -0.06662893 0.41561377 0.02526987 -0.04605812 -0.51584971
-0.07407376 0.19472478 0.60716537 -0.72256148 0.10942769 0.54978262 -0.20498391 -0.27500259
-0.25771293 -0.06417090 0.65710313 -0.36200544 -0.62767980 0.50812376 0.15711042 0.38604116
0.89071291 -0.15079451 -0.64374285 -0.12653288 0.03872430 0.09733853 -1.34125674 -0.03193964
-0.24516364 -0.03356142 -0.18303546 -0.11494348 -0.25986148 -0.46854681 -0.10202342 -0.04222037
0.14071765 -0.27720509 0.37494575 -0.43990953 0.35929369 0.27438316 -0.30090261 -0.05937044
0.14839748 -0.15856799 -0.26573892 0.86770561 0.93378563 0.42955998 0.07645286 0.82724066
0.75652787 0.65137759 0.62967812 0.14529914 -0.43764600 -0.11752666 -0.06544825 0.88191920
0.05506728 -0.73153125 0.42853518 0.09676083 -0.53415682 -0.38579243 0.00562922 0.39943833
0.32030781 0.18394126 0.43428762 0.02576060 -0.14120506 0.13607208 -0.07350792 -0.57376557
0.36692310 -0.06496585 -0.12270548 -0.19529302 -0.41598865 -0.10710679 -0.44112092 0.24074520
-0.26126290 0.54020401 -0.51122694 -0.67141977 -0.70454877 0.98372634 0.64785121 0.03842531
0.00508249 -0.24036114 -0.18045069 0.19355124 -0.16917210 0.31653366 -0.12902611 -0.31491454
-0.12690926 -0.32495084 0.51257154 -0.40447486 0.53428828 0.88529282 -0.25393998 -0.94091576
-0.39491151 0.51905745 -1.18407685 0.39558572 0.35630313 -0.17791058 -0.84941193 -0.12513603
-0.57331916 -0.47817260 0.31329715 0.50622419 -0.08873261 0.70904288 -0.00913726 0.92768999
0.20156009 -0.51326300 -0.73788481 -0.90407742 0.24628622 -0.09317728 0.12399443 -0.06077946
0.84916503 0.80673948 -0.63353632 0.23576732 -0.12295847 -0.00490514 -0.20459905 -0.03232811
0.13958439 -0.29159112 0.18175709 -0.00626765 0.76200723 -0.20769517 -0.08107889 -0.28716809
-0.52312075 -0.64469119 -0.45462158 -0.32779764 0.33851053 -0.07267720 0.38969497 -0.71873528
0.23303612 -0.92186759 -0.12084065 0.86374968 -0.01913043 -0.41512460 -0.04061520 -0.58091213
-0.12352866 -0.24750485 -0.26869472 -0.12936197 -0.23874881 -0.01758310 0.13000213 0.17746623
-0.39670408 0.23178539 -0.04943163 -0.30444054 -0.59890972 -0.94065505 -0.20205583 0.09486450
0.37946655 -0.33610870 0.88152343 0.29389063 -0.34962727 0.36813678 -0.46528315 -0.43728823
0.23628440 0.41574578 0.00827854 -0.11539046 0.28631285 -0.00071921 -0.72026691 0.50369077
-0.01894613 0.09644300 0.08688143 0.11417499 -0.23827432 -0.08948006 -0.37042135 0.79577238
-0.92669696 0.61278016 -0.23544200 -0.87936495 0.20054968 0.50023712 0.41796309 -0.72263112
0.23168077 0.07738492 0.72885037 0.54843206 -0.55518288 -0.27700381 -1.13404817 -0.36861074
1.11081838 0.19021331 0.34116836 -0.17912342 0.01192475 -0.20947836 -0.21256539 -0.08466525
-0.11979217 0.27040535 -0.10093447 -0.04579970 -0.14695610 0.28932040 -0.20306438 -0.15008874
-0.63162071 0.01474052 -0.35606772 -0.47687084 -0.01090030 -0.03035979 -0.19261438 -0.07509646
-0.10791129 0.36739327 0.31189836 -0.17067323 -0.78307534 0.26431197 0.14509875 0.52651235
-0.97464099 0.46612507 -0.01534254 0.73395656 -0.26799833 0.78578295 -0.42566004 0.17933306
0.58386503 0.55866627 0.42974294 -0.17797674 0.66536745 0.60949771 0.00847000 -0.51783906
0.52461841 0.46266578 0.18446388 0.75196611 -0.25435376 -0.33708639 -0.16692898 0.03641829
0.79475611 0.27796632 -0.24211961 0.12005200 -0.99195185 -0.10289488 -0.71317319 -0.76015877
-0.10690996 0.87659842 0.68238058 -0.27701394 0.54817135 -0.51003907 0.45263297 0.31396685
-0.61992116 0.87390628 -0.01519010 -0.67466786 0.07338752 -0.64680708 -0.80235021 0.34314097
-0.89510348 0.14481009 -0.99226097 -0.29834694 0.26984630 -0.29123328 -0.10085892 -0.52566911
-0.30497658 -0.83511932 -0.18985669 0.37989760 0.02108004 -0.40800887 0.15644405 0.05206663
-0.22502095 -0.51403804 0.02696614 0.42584813 -0.42203165 -0.90969200 0.22747042 0.21895543
0.62348248 -0.40706633 -0.20520766 0.57965397 -0.56805517 -0.14142964 -0.43406996 0.53923930
-0.53696358 -0.22735011 -0.54367981 0.22109713 -0.00879567 0.41541690 0.89008068 0.32930290
-0.64747998 -0.64662935 -0.46823675 0.13480166 -0.44299963 0.33790310 0.34577598 -0.31431826
-0.15010049 0.65068220 -0.36737021 -1.15528632 0.21170141 0.63042456 0.74852302 0.08025062
-0.72249727 0.74171857 0.02852351 -0.49505819 0.38048998 -0.38994799 -0.15954472 -0.01857190
0.20384612 -0.57822372 -0.05452554 -0.07954230 1.57498303 0.43701927 0.13472393 -0.25562937
0.84990279 0.23501679 -0.64657636 -0.23347733 0.34016522 -0.05450655 -0.12864101 -0.03554324
0.97930587 -1.09214834 -0.25529408 -0.60708389 0.13746468 0.12395300 -0.85316115 0.39320442
0.10559556 -0.73758408 0.21019842 -0.25925850 0.97834734 1.18790160 0.14599749 0.26161981
1.24747724 0.14998888 0.16605981 -0.40932247 -0.74861942 0.22944185 -0.06341613 -0.20760735
-0.18363146 -0.32343204 0.09097531 -0.23898803 0.09478258 0.85510738 -0.33651643 0.33726965
-0.68758281 -0.20339635 -0.42671065 0.00934578 -0.54478897 -0.05613245 -0.14304135 -0.49826395
-0.34406593 -0.37161803 -0.04603773 0.05765131 0.01582872 0.42522349 0.16315069 -1.04811441
0.01216020 0.40899936 -0.78175662 0.37531185 0.00680075 0.03076648 -0.37568505 0.11709213
0.13279289 0.09300049 -0.29244918 -0.13793396 0.40791339 -0.39421337 -0.45730721 -0.74309204
-0.91714496 0.58056685 0.19786899 0.35440527 -0.06726428 -0.47615911 -0.07687667 -0.47844699
0.22474652 0.16079136 0.21964492 -0.32567220 0.65284573 0.54152775 0.19351672 0.25518042
-0.50647713 -0.42724956 0.13935884 0.31828575 0.25641086 0.69787355 -0.11138140 -1.00385685
-0.01840118 -1.03936832 0.58440533 -0.71863380 0.07201734 -0.16041121 -0.08204818 0.07473714
-0.41578323 0.46051895 -0.30291457 -0.01585918 1.14324671 -0.81141632 0.12733340 0.22049425
-0.24011079 0.26056865 0.19783211 -0.00519037 -0.20545888 -0.25050534 0.51486215 0.03087107
-0.43623138 -0.11422571 0.16723238 -0.43178766 0.35441410 0.13807899 -0.25822997 0.32400662
-0.21467320 0.72953375 0.23022876 -0.34250916 0.17059818 1.17872626 -0.76576556 -0.20040083
1.01695579 0.86227431 0.36184758 -0.37491998 -0.17132365 0.17065255 -0.38485695 -0.67869509
0.00302152 -0.07200396 -0.37625916 -0.26185300 -0.07979738 -0.41640647 -0.07576345 0.13745217
0.75759527 -0.52330436 0.21920101 0.25813512 -0.13989514 -0.85955334 -0.15189383 -0.49197695
-0.39953686 -0.90188904 0.23711043 0.12374580 0.50902889 -0.56506806 0.05657945 0.40075442
-0.36774972 -0.51646838 -0.17269089 0.49915961 -1.01186233 -0.17364105 0.11093367 0.25233078
-0.71472755 0.16201284 -0.33675172 -0.30816945 -0.09438623 0.32029146 -0.22893166 0.24614610
0.55724594 0.79447427 -0.17247582 0.80973215 0.49774529 0.01009945 0.00365596 0.12659372
-0.20306516 0.65461638 0.61209932 0.50229899 -0.18597939 -0.43368052 -0.22877758 1.07567267
-0.50327449 -0.32007861 -0.12023711 0.90532640 -0.33414708 0.49101833 -0.94434144 0.28509439
0.05061791 -0.72811151 0.26062197 -0.39023106 0.10550771 0.27631631 0.55747819 0.12960398
0.17115792 -0.00788878 0.43116976 -0.08875169 0.31988989 0.35583346 -0.25862946 -0.04593483
0.51403070 -0.10058494 1.03852821 0.47098168 -0.53162603 0.71662198 0.04221834 0.10368394
-0.36616286 0.63396551 -0.44402611 0.15472078 0.68261879 -0.44612983 0.13406968 0.84898686
0.32859026 1.03475964 -0.59544883 0.97406135 0.12664048 -0.42452579 0.01275101 0.15676541
0.81497073 -0.11840652 -0.20950217 -0.26407225 -0.76203121 -0.06261213 0.50848320 -0.55802621
