-0.31819165 -0.17964059 -0.10957684 -0.73267988 0.20117549 0.24361395 0.17302830 -0.53076319
-0.12230503 0.09743345 -0.25777523 -0.13284807 0.51366817 0.29698856 0.86434664 0.15021734
0.11542276 0.38445757 -0.05860104 0.24627944 0.01235189 -0.48835562 0.16185549 -0.57828691
0.00972163 -0.45918406 -0.45561440 0.58079952 0.08237441 0.16244659 -0.74679982 -0.27357987
1.16490202 0.05966864 -0.63048284 0.24592419 0.39869097 -0.26951559 -0.87432833 -0.44786360
0.03054594 -0.36883695 -0.17801163 0.36319375 -0.92726908 -0.63205672 -0.13743889 -0.50735518
-0.78011836 0.84005237 0.46253099 0.58903587 -0.84791159 0.54433060 0.51939902 0.55101792
0.65140255 0.06551660 0.22295652 0.29727441 0.07470438 -0.60853975 -0.31357090 -0.01768752
0.02087226 -0.35211096 1.05841910 -1.27474939 0.88918316 -0.80268948 0.15852880 -0.18627782
-0.42768044 0.65002503 -0.29275698 0.57904570 0.09715556 -0.34849925 0.63174451 0.03394826
-0.14274970 -0.74045037 -0.25742700 -0.05319756 0.07332898 -1.13218115 -0.08461624 -1.08172085
0.95991389 -0.33723378 0.35031109 0.01517916 0.42210480 0.00117879 -0.78154687 -0.50312776
0.29075447 -0.56626405 -0.28805882 0.55844155 -0.18625111 -0.15446865 0.80515052 -1.11137363
-0.13694837 -0.03768515 0.47256999 0.44846882 0.02831144 -0.10333772 0.53707508 0.66808085
0.31340616 0.17233842 -0.04392984 0.20862758 -0.28080530 -0.16334135 -0.01911727 0.44392060
-0.94174888 0.32961681 -0.48285131 0.42717710 -0.29830124 -0.07516545 -0.14605145 -0.81005235
1.05259356 0.25543039 -0.61610450 0.36094143 -0.11880441 0.46589739 0.49370331 -0.80925980
0.25053697 0.18325635 0.06947269 0.52610313 -0.68949191 -0.45359349 -0.37048733 -0.45737838
0.45775916 0.33411266 -0.40403334 0.07121520 -0.43256161 0.86827920 -0.41511304 0.44584179
0.11847152 -0.62343025 1.13598704 -1.03681104 -0.20800356 0.04376862 -0.69755312 -0.43354318
-0.43140015 0.92928852 -0.01746036 -0.02003240 -0.12107945 0.55235248 0.97759761 1.08380816
-0.54268366 -0.24945421 0.41216990 -0.64246874 0.30985089 -0.39887518 0.50381290 -0.65694791
-0.66852328 0.35555149 -0.51522698 0.51374545 0.27452585 0.39231762 -0.49757946 0.12107093
0.20780478 -0.69894132 -0.65213106 -0.79812394 0.03649101 0.00239025 -0.08673797 0.12650773
-0.30307420 0.34159895 -0.21253300 0.95487146 0.20528361 0.01448832 0.78823433 0.10433045
0.13235868 0.10553956 0.52861401 -0.13755379 -0.69310355 -0.94979875 -0.22452730 0.67017265
0.24696956 -0.30770064 0.52446340 -0.07754481 0.12970525 0.24057459 -0.29659362 -0.26091768
-0.02563581 -1.42357286 -0.85731304 -0.00694197 0.33169042 0.28402133 0.17222181 -0.62791356
-0.44096509 -0.12490860 -0.20805092 0.36269554 0.25098734 -0.53641531 -0.02278327 0.12080444
0.03387721 -0.04982897 -0.26000015 -0.70223960 -0.22058819 -0.12681005 -0.18748570 0.17820209
0.31044014 0.10456330 0.11342768 -0.20772207 0.88336767 -0.43242868 0.46822870 -0.20195889
0.38664942 0.07080657 -0.36438775 -0.38212405 -0.22505033 0.81329927 0.11595894 0.09371917
0.28043773 -0.25853271 0.79964173 -0.16800885 -0.09559059 -0.38071121 -0.11683874 -0.68191993
-0.87686822 -0.41448320 0.34324714 -0.03909277 0.21541715 0.05112137 -0.14583846 -0.29404939
0.38999932 0.01199404 -0.31360400 -0.52252381 -0.10350288 -0.03950028 -0.87953628 0.14741328
-0.02640419 -1.34670725 0.08294450 0.57682000 0.55957254 -1.41270465 -0.40919585 0.43558452
-0.23409254 0.01480613 -0.20810997 -0.48876344 -0.80820112 -0.17273113 -0.73788142 -0.48351840
-0.70537755 0.23986500 0.46128532 0.77935316 -0.43470233 -0.52456727 -0.61827251 -1.08883979
-0.73461512 -1.29639889 0.10272424 -0.22065380 0.19332480 0.31025420 -0.52418950 0.56098838
0.50224940 -0.43439679 0.37819555 -0.33664489 -1.03195392 -0.00634938 -0.21148364 1.03251474
-0.62071334 0.34673409 -0.01906573 0.09956347 0.29085239 -0.09890447 0.44512215 -0.24744685
-0.04734459 0.04146176 -0.70270661 0.14834629 0.28344542 0.34593402 -0.69269783 -0.49431049
-0.64277111 0.39336939 -0.87096850 -0.16057916 0.54963139 -0.40671132 -0.56632657 0.27436427
-0.12998292 -0.45388716 -0.73114002 -0.52013031 0.42818496 -0.11102211 -0.51817208 0.49008394
-0.21924701 0.30386087 0.76193874 -0.68222648 -0.55454880 0.39139016 -0.08012232 0.36970091
0.08815676 0.63392788 1.28857605 -0.24759772 0.19625753 -0.54426825 -0.29067180 0.19129845
1.15019772 -0.75724323 0.03380413 1.01363977 0.22259286 -0.98725211 0.21707365 -0.46934267
0.64496567 -0.19946213 -0.22474246 -0.81885462 -0.63623676 0.42640415 -0.03402631 0.58096795
0.36450733 -0.07373340 -0.21446826 -0.21155157 -0.01146587 0.65283081 -0.18330351 0.11014210
-0.17779408 -0.22988610 -0.04873377 -0.57033281 0.10548486 0.16697110 -0.18579472 -0.07184429
0.22286486 -0.07356915 0.12226527 -0.12827775 -0.47846489 0.40637062 -0.11739567 0.15300006
-0.59655280 0.49008745 -0.92562433 -0.09345142 -0.41551006 -0.32726421 -0.79807190 -0.02869532
0.78264993 -0.47493469 0.02013181 0.51487296 0.55240460 -0.70676634 -0.08575285 -1.24431833
-0.43641571 0.88011784 -0.07424528 0.02382457 0.76906493 -0.77349652 -0.38149269 -0.17154043
-1.10439300 -0.11019699 0.91209123 0.04279923 0.40061830 0.56789613 -0.51122828 -0.06094614
-0.54361683 -0.30832265 -0.02119774 0.45138136 -0.21651501 -0.22945364 -0.55362793 -0.64165605
0.08334298 -0.20992515 0.09613510 -0.40862153 0.49829367 0.74503847 -0.42146672 -0.48410540
-0.63742785 -0.29641003 -0.09835056 -0.29535165 -0.73627526 -0.13684381 -0.15125465 -0.40423933
0.83448680 -0.11173403 0.13235965 0.42779886 0.24331005 0.52605814 -0.16430463 0.64464346
0.58230630 0.50139213 -0.39428013 0.53923143 0.24755371 -0.97240128 -0.51552104 0.82029057
0.65104794 0.19487909 0.24672270 0.72881894 0.13421722 0.32975679 -0.41716619 0.01454747
-0.07772380 0.16805464 1.11671191 1.28034574 0.45299730 0.61264498 0.49725226 -0.46583231
0.56845385 -0.36337257 -0.55377263 -0.50346199 -0.70478777 0.64965144 0.23742468 -0.41328856
0.00485963 -1.00104931 -0.55132513 0.14553150 0.33198246 -0.01582473 -0.15054099 0.17537119
-0.60574937 0.27356988 -0.06895285 0.25837963 -0.00833528 0.10877822 -0.07519526 -0.64641442
-0.12303486 0.15633856 -0.29026755 -1.11133611 0.76960278 -0.57083856 -0.44545218 0.01148955
-0.13540194 -0.40865640 0.02455808 -0.70497035 1.09066632 -0.26349456 -0.04517592 -0.21298194
0.26186210 0.13751994 0.54790416 -0.02354106 0.02015912 0.19986921 0.23909700 -0.18779445
-0.64392968 0.34646898 -0.06384815 0.95187278 -0.39281309 0.44194776 0.41736334 0.96796539
-0.14227303 -0.58464981 0.32645322 0.08819165 0.17310170 0.29752930 0.41223530 0.53958381
0.04026321 0.75440329 0.03707784 0.18354724 0.44505367 -0.15161416 1.34991074 0.63928677
-0.04264567 -0.64332329 -0.35234493 0.20547857 0.04507432 0.13480613 -0.12259088 0.51076191
0.24409267 0.36136885 -0.24526880 0.23623340 0.84069761 0.20510752 -0.62468849 1.06481283
1.30737823 0.41920283 -0.37007122 0.28352669 -0.04624860 0.13944486 0.12624039 -0.57935763
-0.38849932 -1.46654320 0.03302359 0.04237366 0.05498922 0.14910082 0.92921704 0.44934002
-0.13368569 1.27860826 0.23422980 0.74841737 -0.40976631 -0.21654028 0.84941637 -0.33247326
0.20850292 -0.03455852 0.20063674 -1.50835457 -0.13395755 0.57068851 -0.67870825 -0.15345417
0.01698424 0.55727354 0.23165363 0.25676750 0.60714071 0.74585917 -0.40076891 0.38322534
-0.07653665 0.91391012 0.55911570 0.23278604 -0.47591994 0.09945673 -0.33788459 -0.50211791
0.64213800 -0.70477544 -0.71265178 -0.60921839 0.35162265 0.99249889 -0.68936691 0.28597959
-0.26582144 0.38751117 -0.70109422 0.31273559 0.81337524 -0.20107648 0.26070698 0.32415573
0.63501331 0.19907547 -0.03413466 -0.84358677 0.14769883 -1.16370835 0.66618743 -0.23324972
0.01802036 -0.20742787 -0.32427515 -0.40324095 0.63292919 -0.47724765 0.09367281 0.04241270
0.55604617 0.39009856 -1.07739087 0.11287523 -0.21245018 -0.56816425 0.88754282 0.34786773
0.32049485 0.63272558 -0.15383972 -0.45622620 0.24784633 0.24423056 -0.98753038 0.28186478
-0.77867958 -0.58240986 -0.35696533 -0.12314942 -0.24845737 0.19450241 -0.78736417 0.16705365
-0.06608588 1.80132619 -0.59745148 0.98772063 -0.33455089 0.49459069 0.47190584 0.08890852
-0.73047643 -0.28004212 -0.19957931 0.22946201 -0.25800645 -0.03805142 0.60242759 0.20648397
1.04039867 0.15274772 0.31974014 0.41943185 0.69791162 -0.33709597 1.57537830 -0.13340998
-0.06361973 0.40958919 0.46627886 -0.35771200 -0.11669165 0.11255720 0.58543591 -0.43966416
-0.65943240 -0.57060586 0.63241609 0.38201415 0.35713344 0.32702316 0.71855760 -0.22631050
-0.69764803 -0.36987969 0.24910259 0.30977926 0.40059026 0.47210240 0.90068987 0.02434906
-0.23270672 0.39854910 -0.73879153 0.23603626 -0.06712479 0.01080689 0.02779394 -0.15794945
0.07860708 -0.39157189 0.08479178 0.02416689 -0.13197642 0.12073688 -0.24745346 0.22441231
0.67012039 -0.71763622 -0.29765727 0.32581485 -0.13707160 -0.57567039 -0.04570284 1.01792271
0.51499085 -0.36275842 -0.12299052 -0.07983343 0.67706645 -0.01859938 -0.49925787 -0.18714850
0.53921047 1.29884875 0.35482397 -1.29893822 0.25588858 -0.71480625 -0.11221824 0.45689191
0.18241573 -0.57028293 0.33567151 -0.42392770 0.32267892 -0.21954791 -0.48771756 0.41768995
-0.70756041 0.37972204 -0.85257816 0.36863451 -0.27799923 0.32001105 -0.91873171 -0.11715182
0.76696599 -0.03770012 -0.27210556 0.13288743 -0.25397328 -0.24225910 -0.59447634 -0.07131649
-0.23775092 0.06256607 -0.23349825 -0.32013538 0.42470024 -0.29998033 0.71987607 -0.63091985
0.23915969 -0.91129715 0.34299498 0.24262881 0.96599561 0.15638897 -0.18802742 0.33610711
-0.27443647 -0.16231539 0.93201325 0.24864808 0.54181343 -0.24380580 -0.11177038 0.57995886
-0.12227291 -0.55639008 -0.03944653 -0.15385099 0.60029355 0.79424436 0.03273506 -0.72961324
-1.07863816 -0.13228647 0.13601226 0.29189851 0.10230812 -0.02273642 0.61912119 0.00130738
-0.31488727 0.02864536 -0.10453615 0.34065590 -0.03083384 0.03814802 0.68017246 0.12434978
0.39050100 -0.48172066 1.23273311 -0.07554993 0.60442734 -0.81097433 0.08152423 0.12480720
0.47095115 1.05431098 0.42466154 0.11158933 -0.17457005 0.01648894 -0.53369842 -0.03829600
0.13193669 0.11284537 -0.38942393 0.05101869 -0.51066900 -0.50169438 0.09732166 -0.51223288
-0.38458416 0.15108376 0.03679740 -0.41103582 -0.04485095 0.72321129 1.02283838 -0.55332788
-0.40424438 -0.60384462 -0.35459329 0.55976445 0.43201365 -0.38393440 -0.24817487 0.12970110
0.50973165 0.37202189 0.47910545 0.80314811 0.54543047 0.00958494 0.33891955 -0.92491101
-0.79023597 -0.66695857 -0.60058481 0.22867604 -0.20365602 0.27825667 -0.57384690 -0.04955680
0.08688079 -0.26211594 0.37612421 0.18277053 0.85640023 0.68299579 0.63872854 -0.07841424
0.41130454 0.54844014 0.32400965 -0.25578495 0.77274927 0.33909183 -0.38938667 -0.26225500
-0.11867680 0.94117180 -0.07592078 0.41973288 0.06477897 0.64369694 -0.26823332 1.14077130
0.47839467 -0.37676598 -0.23459175 -0.10688205 -0.31500004 -0.22020348 -0.31062255 -0.24758477
-0.74063733 -0.24963720 -0.09867180 0.06427003 -0.28887500 0.00434153 -0.77037028 -0.79224949
-0.79589811 -1.04503050 -0.37400426 -0.57368641 -0.09872523 0.92995389 0.02520711 -0.11484731
-0.06847911 0.19928886 0.25524256 -0.55034458 0.36951775 0.60163262 -0.23409134 0.65749299
0.21656156 0.83819077 0.49475181 -0.13433872 -0.68391883 -0.30817852 -0.19644270 -0.10127832
-0.05988041 -0.04981588 -0.37833642 0.10552589 -0.14313849 -0.24328279 -0.54240900 -0.59556360
-0.05029876 -0.91195347 -0.62336323 -0.30497184 0.17516826 0.01772301 0.20731480 -0.26099244
0.33642476 0.14810622 -0.01028189 -0.10080863 -0.81044754 0.29294005 -0.37877886 0.09116337
-0.17188252 0.31524205 0.29861193 0.19891416 -0.11651127 -0.15251043 -0.28083816 0.22470133
0.62914903 -0.58840026 0.49897904 -0.08658246 0.10548997 -0.71377052 -0.42553400 0.40465355
-0.88713056 0.09893574 -0.20946287 -0.03585782 -0.23706557 -0.72945207 0.98454991 0.06410451
-0.16431760 0.80165732 0.09621466 -0.43607841 -0.20834516 0.04267848 -0.23027273 0.44125595
-0.26385305 0.04343895 0.40339337 -0.25211551 0.45756615 0.22429641 0.69132271 -0.27980313
0.11042219 -0.08757252 -0.11565385 0.50135966 -0.61529416 -0.05274398 0.32704340 0.07845472
0.19192405 0.22224314 0.13641291 0.21354578 -0.06509790 -0.19943952 -0.51779630 -0.06619802
-0.91859809 0.12541240 -0.54573370 0.48946378 0.24511786 0.35945171 0.01087343 -0.11636720
-0.26336833 0.77050082 -0.60925628 -0.10843785 0.08883299 -0.42463092 -0.21362556 -0.18670164
0.97496302 -0.12393163 -0.01116913 -0.16247156 -0.70916303 -0.12343520 0.81494960 0.91429982
-0.58099119 0.38934286 -0.35872871 -0.41088083 0.48785980 -0.16219001 0.36381392 0.96135846
0.03207321 0.22069641 1.33218058 -0.00097844 -0.39422439 -0.78417098 0.00444719 -0.22886330
0.37482886 -1.05359415 1.13756838 0.06312440 0.31195485 -0.63032024 -0.18572097 0.28577424
0.59119457 -0.60496653 0.49506981 0.67653985 -0.34212539 -0.10766806 -0.44358821 0.04165381
-0.28023595 -0.46322570 -0.31594618 -0.54792137 0.19464115 0.39192694 -0.09413400 -0.80503494
-0.72592098 -0.46531388 0.29269357 0.31669925 -0.73631702 -0.39928789 -0.42577748 0.27466165
0.21985877 0.90110373 0.45817688 0.17540645 -0.26404971 -0.81304381 -0.56487744 0.64982452
-0.42075819 -0.13295006 0.54917497 0.54863077 -0.26254397 0.96216479 -0.83760294 0.19183874
-1.09028844 0.41352062 -0.12655609 -0.24295329 -0.22555429 -0.18036394 0.51940935 -0.24321098
0.25084312 0.16029711 -0.37563531 -0.45878601 -0.34193429 -0.52045305 0.07615059 -0.10471668
-0.07620699 0.10289467 0.44759250 -0.53797879 0.28676482 -0.33385147 -0.85410456 0.44660528
0.31607000 0.15812658 0.07137096 -0.69167403 0.55392026 -0.01048049 0.15030822 -0.19356631
-0.00709190 0.08529197 -0.11088730 -0.85224924 0.21272865 -0.13203482 -0.05061173 -0.28082317
0.00180932 0.21859857 0.65095944 -0.09751623 0.63013718 0.04787997 -0.04421610 -0.52677308
0.40348925 -1.23343668 0.31296651 0.94974382 -0.46011318 -0.39061460 0.64482556 -0.64354911
0.73158036 0.27979194 0.58820398 -0.29763350 -0.35712267 -0.13793923 -0.03684351 -0.11918458
0.29780700 -0.68017419 -0.04826538 -0.60805137 -0.32836279 0.07567593 -0.11635541 -0.12330578
-0.68586199 0.73851454 -0.24866999 0.01005278 -0.28117016 -1.20305720 -0.50095557 1.45346846
0.79525294 0.00157822 -0.32968877 1.11146520 -0.58113170 -0.61005606 0.11339956 0.86252103
0.01381312 1.16033863 -0.41715873 0.65432914 0.32766334 -0.13683045 -0.28956412 0.60788038
0.12127410 -0.50331207 -0.26327577 -0.93056052 -0.41373011 -0.10563667 0.53172898 0.13011194
0.50178577 -0.21006281 -0.24021262 -0.62038871 0.05612150 -0.23599919 -0.22937838 -0.46222978
-0.19787166 -0.81168611 -0.21805305 0.67730339 -0.08621599 0.47588306 0.72578095 -0.77579386
-0.15134706 -0.37062797 0.29613365 0.81513767 -0.27851932 -0.09123476 0.48860464 0.61022455
0.03131457 0.42147074 0.36565814 0.31127602 0.31354024 -0.57414250 0.13417800 -0.28304589
0.01090968 -0.04523626 0.72301790 -0.65620938 -0.45980977 0.36073623 -0.17372765 -0.10843081
0.54057658 -0.08430393 -0.52700548 -0.71031639 -0.20224308 0.11231407 0.23825772 0.45537696
0.15120088 1.40263749 0.08442772 -0.21307833 0.35639764 -0.14967058 0.51353815 0.31705198
-0.41675547 0.21915030 0.17848941 -0.07306027 0.54691281 0.64302200 -0.01134382 -0.41196330
0.14369903 0.18655995 0.32977054 -0.89213333 -0.04486170 -0.73621673 -0.00422315 -0.94127386
0.11528202 0.32632769 -0.18301690 -0.11872794 0.27190989 -0.42125992 0.08156889 0.24070500
-0.69844327 0.69486525 -0.08907557 -0.43466685 0.01686256 -0.07057756 -0.47676217 0.19083394
0.35726386 -0.12297786 1.10820889 -0.24537931 0.18904633 0.58199625 0.25230902 -0.09830395
0.17477977 0.01863168 -0.62119408 -0.93898828 0.86379944 -0.43862167 -0.53609419 -0.37502574
0.00985384 -0.32247084 0.97313658 -0.25759485 0.41924362 -0.65315936 -0.00626827 0.68621371
0.28748206 -0.31626796 0.38137905 -0.39915976 -0.27223160 0.54981383 -0.37877182 0.00516353
0.11325435 0.15985237 -0.19448958 0.60043257 0.01683297 0.22036696 0.20180454 -0.22874799
-0.25114851 -1.35154789 0.20867533 0.04907744 -0.57897806 0.39170499 0.37046891 -0.11526192
0.22037403 0.22969864 0.35260510 -1.79155410 0.45033728 -0.11750336 -0.27728044 0.73530705
-0.15536234 0.22788626 0.55908776 0.00408050 -0.45234050 0.18903389 -0.77977342 0.28389897
0.41100934 0.17069072 0.89458786 1.13045955 0.89480959 -0.03034739 0.43321791 -0.97088558
0.21995603 -0.84464397 -0.33629048 -0.31378790 -0.70787955 0.41135876 -0.51916158 -0.08784022
0.71645200 0.24204138 -0.28484321 0.41823433 0.63135165 0.56465539 0.95650732 0.10140251
-0.95569623 0.13050932 0.00166275 -0.77634932 -0.62586174 0.16453798 -0.15331708 -0.30665867
0.22627206 -0.37649567 0.25691553 0.64091441 0.41919600 0.31677675 0.94029796 0.74354993
1.05649051 -0.00136890 -0.76442412 0.41679101 -0.28188314 -0.08959875 -0.80403453 0.68838463
0.12388526 -0.10127101 -0.46515947 -0.35607700 0.37425820 0.73495178 -1.16519053 -0.33776125
-0.56280026 -0.10547533 0.23293223 0.75262415 -0.10910497 0.23872511 -0.54390188 0.60822467
-0.47138209 -0.24344526 -1.00055923 -0.18563908 -0.53059864 0.63220631 0.23809651 -0.04165319
-0.25515052 -0.28098930 0.39808037 -0.24336501 0.25952213 1.46948886 0.07270285 -0.42015453
0.15136994 -0.27716572 0.40455725 0.10968811 0.24992800 -1.04740841 -0.95763558 -0.03709964
-0.33229839 0.40303016 -0.37115857 -0.79990484 0.52507946 -0.72030538 0.07919308 -0.43050158
0.31938855 0.04696604 0.00474008 -0.19522388 -0.28397715 -0.30982641 -0.07613322 0.12709839
1.37140914 0.21995575 0.08017282 -0.19931564 -0.71271082 -0.67012964 -0.12413681 0.04504763
0.51813123 0.35398462 0.27997570 -0.27360315 -0.01704599 0.34392976 -0.29627132 -0.83357401
0.51015109 0.60275494 0.01500145 0.05474383 -0.24616234 -0.43862708 0.22332982 -0.56203430
-0.19500869 -0.66297816 -0.05503950 -0.48364807 -0.74154183 0.24851012 -0.64705154 -0.12079309
-0.42720803 0.30594423 0.48034244 0.13236085 0.43232682 0.39702911 -0.02580636 -0.05137430
-0.16453239 -0.10823839 -0.25341290 0.15887466 0.60173532 0.66082097 0.19129438 -0.70582120
-0.28973581 -0.90601580 0.21822717 0.25933551 0.17513056 -0.22805556 0.41918525 -0.68283605
0.12551702 -0.09010572 0.89272754 -0.02160608 0.47649205 0.76056757 0.56506356 -0.53269224
0.02238662 -0.77702597 -0.35703286 1.29167687 0.73047118 0.18163642 0.02210923 0.08814290
0.43358888 0.20324417 -0.38609663 0.36363061 0.18740162 -0.73831152 0.34162500 -1.01055742
-0.71763898 0.39213086 -0.39161612 0.13884383 0.56664495 -0.08713190 -0.16580122 -0.00047836
0.29120301 0.10790005 0.14255525 0.62404184 -0.04605460 0.31846133 -0.83007156 -0.38379809
0.09458074 0.13757978 -1.22799841 0.96970466 0.09542972 0.60308489 0.46630554 0.31893916
-0.72253488 0.60172991 -0.55440354 -0.46608632 -0.29895249 0.33212760 0.30477316 -0.18456770
-0.22204104 0.02264876 -0.02725815 0.04983497 0.32490089 0.94787463 0.02310070 -0.78390584
-0.21080480 -0.08901210 -0.25932524 0.55528823 -0.58186139 -0.59199816 0.50569198 -0.49490054
-0.43927229 -0.02880388 -0.04811782 0.16177981 0.62758728 0.47592020 0.74676938 0.38967658
-0.39039972 1.34311411 0.70384160 -0.73099559 -0.32333804 0.01611543 -0.91670484 -0.61859996
0.28833465 0.18462585 0.32420341 -0.93686323 1.02675444 0.50742024 -0.26052764 0.14361804
-0.32107268 0.21040021 -0.83147203 -0.90318272 0.07336091 0.08354382 -0.26248219 -1.03049318
0.46625550 -0.07805159 0.65982445 0.02209727 0.04247234 -0.36254470 0.77691082 -0.02267899
-0.06256341 0.64403144 0.06752589 0.32137644 0.20441324 0.10425916 0.10420262 -0.06951823
-0.18469560 0.27339822 0.71264912 0.08042733 -0.01279786 -0.20733647 0.06024064 -0.58410868
0.28025722 -0.54289457 0.36818663 0.34020218 0.15647181 0.09188767 -0.05273208 0.47907676
-0.00230752 -0.33452259 -0.25884887 -0.18079151 0.39848102 -0.45359611 0.17256049 -0.22234982
-0.00648842 0.06643324 0.57792190 0.25896821 -0.28013375 -0.25215495 -0.08054383 -0.03025374
0.39075492 0.13461033 0.63651283 -0.13014636 0.02267474 0.38865830 0.13199678 0.08309075
0.16817504 -0.14894425 0.04058595 0.22849864 -0.65053061 0.91634950 -0.24774557 0.19834771
-0.25595755 -0.11373593 -0.49792800 0.81160140 -0.25894049 -0.78339049 0.59656159 -0.33052593
0.17736470 -0.20177378 -0.37565674 -1.49673251 -0.91726826 -0.98694102 -0.49853938 -0.06316800
-0.42946433 0.46595545 0.47600715 0.27181973 -0.11717483 0.15004488 -0.17655273 0.81733648
-0.17439155 0.01204365 -0.31673311 -0.19550720 -0.04324246 0.52938271 -0.57836584 -0.38109872
0.12345774 -0.30924886 0.23052417 0.12049994 -0.17411622 0.80656087 0.20709856 -0.02240855
-0.07291013 -0.45543060 -0.08696940 1.06319297 -0.67394806 0.27611864 0.35964591 -0.47255145
0.72552329 -0.41200210 0.47934206 0.13656982 0.18513037 0.39574906 0.02477302 0.37965557
-0.29280302 -0.39858131 -0.76194582 0.18249224 -0.91692349 -0.52895130 0.09178589 -0.22462698
0.21375707 0.85665748 -0.15597353 -0.19221508 0.25205706 -0.48233457 -1.06205179 1.20276617
-0.62031138 0.85932025 1.08107855 -0.37612650 0.37500305 -0.86360928 0.01786927 -0.04153910
0.16565177 -0.27870823 -0.49016198 -0.02799562 0.17339702 -0.36778350 -0.83715470 0.77304941
0.32331020 -1.06459694 1.45916452 0.18609573 -0.02985111 0.02503504 0.28676621 -0.73864974
-0.35360445 -0.53505746 -0.38043452 0.08308365 -0.86056470 -0.14814745 -0.87170602 0.38129804
-0.38447770 0.84115191 0.08785680 -0.06492720 0.15027768 -0.13012174 0.22399296 -0.05999748
-0.13710078 -0.16317281 -0.01006099 -1.21788345 0.08880429 0.00531577 0.40629949 0.49415256
0.38065850 -0.52000391 -0.56869885 0.19216708 0.10042877 0.59646440 -0.56289042 -0.41498303
0.34995145 0.65662686 -0.19093980 -0.29650821 0.55815301 -0.42505910 0.17362946 -0.17262371
0.48324689 0.44575016 -0.59184483 0.59305454 -0.05816076 0.35716580 0.05582488 -0.09211695
-0.38313160 0.37407117 0.14447053 0.23893589 -0.72972189 -0.06748096 0.17384308 0.46340700
-0.46296288 -0.38828747 0.55732181 -0.04488272 0.30829589 -0.74800326 -0.68518015 -0.47134719
-0.02388302 0.08877548 0.28715045 0.76362980 -0.52630242 -0.55360685 0.54953177 0.65307608
-0.18945022 -0.66610710 -0.42000181 0.27352199 -0.90038470 -0.04341166 0.60350438 0.37862168
-1.55129278 -0.09683552 -0.53467967 0.24921997 -0.48836195 -0.96894555 0.54525924 -0.55787116
-0.58081597 0.84606617 -0.57141776 0.15134842 0.23037748 0.44035987 -1.01242439 0.23407973
0.65135278 0.57122982 -0.79339650 0.01359470 -0.45539500 0.04318250 0.69057247 0.18929737
-0.24147005 0.59562024 -0.17183594 0.85589131 0.75185176 -0.32254958 -0.35638831 -0.06326307
0.56549447 -0.29794998 -0.85244037 -1.21113820 0.04955786 0.35056191 0.07466677 -0.33604435
0.29947627 0.22626645 0.76471328 0.19261242 1.10152801 -0.02328089 0.54187306 0.40792588
-0.64508777 -0.23147274 0.08559554 0.07467459 -0.13150871 0.72646132 0.25969699 -0.51944013
0.15404020 -1.14915887 0.05315142 -0.02995134 -0.33372848 -0.75697714 -0.79592496 -0.47234435
-1.15503092 -0.24412881 0.06859612 0.20888079 0.53816846 0.39132855 0.11472944 -0.21607113
-0.20467926 -0.66425487 -0.69655525 -0.64290767 0.11475087 0.27409052 0.58068606 0.92862507
0.36027053 -0.49107523 0.16284706 0.24677523 0.45432212 0.01425848 -0.30739056 -0.02353904
-0.20959802 0.49016264 0.13893209 -0.48097497 -0.95161183 -1.07759819 -0.89672610 -0.59244605
0.24210230 -0.73019809 -0.20001766 -0.35262041 -0.05490068 0.20618161 -0.19666165 -0.25945167
0.95937383 0.51802146 -0.36888721 -0.55772862 0.19235504 -0.60158523 0.23500564 0.11090025
0.60312609 0.03836046 -0.48351974 0.33449270 0.46927895 0.52437818 0.18364711 0.38390882
0.87210497 1.17729809 0.89785723 0.76296992 1.37662776 -0.48668798 -0.50773010 0.30418933
0.39474031 0.71560886 -0.57490997 0.82237886 -0.60003992 -0.67847372 0.30271243 0.09612710
0.38285326 -0.61765658 0.00091735 0.69296982 1.05028499 0.11357796 -0.52626203 -0.23572240
-0.75008817 -0.90438227 0.69884678 -1.63822984 -0.29826900 -0.05968147 -0.45523146 0.13485040
-0.27006845 0.62482655 -0.05265952 0.21353349 0.60650275 -0.00784563 -0.64723782 -0.31334787
-0.23904238 0.43347437 -0.63360475 -0.34960348 -0.92167192 0.06334377 0.77511739 -0.37317351
-0.59091806 -0.47482874 -0.44846499 0.07722967 0.20469992 -0.00702625 0.30947537 -0.15697954
-0.82836051 0.50389424 0.54225254 -0.35728868 0.10201799 -0.03194376 0.91100927 -0.60582389
-0.27040242 0.59364697 -0.69559387 0.99914376 -0.28560846 0.56891429 0.91591481 0.36637572
0.33487587 0.61670568 -0.09564040 -0.63637594 0.01673087 0.16117892 0.33689526 0.31729929
0.51412519 0.72126854 1.35487112 -0.38285331 0.41034989 -0.78793699 -0.39272197 0.01016339
-0.10655876 0.32130729 -0.10615569 -0.02494713 0.18672029 0.10663819 -0.74835022 0.11656711
-0.21961381 -0.34992847 0.47491523 0.73225803 -0.13829144 0.48577003 0.12189299 0.02107609
-0.90217678 0.02384334 0.39966136 -0.42916245 -0.18692528 0.09938426 0.01375139 0.79481088
-0.45117223 0.18282181 -0.50139295 0.57636034 0.65853642 -0.50611622 0.60241746 -0.23035694
-0.56567128 -0.31100389 -0.17773103 -0.91509973 0.61331754 0.38417372 0.22572989 0.23666598
-0.73355185 0.66754220 0.53641231 -0.39939721 -0.21291601 0.83427518 0.55145249 0.97743737
-0.70299236 -0.27097449 -0.18375632 -1.20961583 -0.16996816 -0.58086487 -0.11220007 0.45044796
0.30361869 0.65896715 -0.13462771 -0.16927181 0.39586811 0.86338519 -0.37293825 -0.77952761
-0.14969080 -0.34133080 0.17314674 0.32183250 -0.26428636 -0.54768684 1.02891051 -0.14492019
0.09248470 -0.34957740 -0.01396311 0.34071476 1.53941442 -0.32438281 -0.80837083 -0.00462117
0.37831073 -0.52225761 0.09894954 -0.04026942 -0.45796903 0.10675247 -0.29017015 -1.07246883
1.51293728 0.25056053 -0.20764239 -0.58044743 -0.10148006 0.32231600 0.57410885 0.43227293
0.14485369 -0.75764694 -0.28102390 -0.61470131 -0.27722122 1.05293351 -0.44136036 0.82924405
-0.25243032 0.56551365 -0.04078913 0.21170562 -0.80194142 -0.14643781 0.53026800 -0.06921735
0.63282236 -0.22943439 0.13943339 -0.62228459 -0.64100196 -0.93778043 0.17600657 -0.36573163
-0.40729586 0.72718714 1.34114426 0.16113576 0.50940051 -1.24186129 0.73746713 0.95776126
-0.62593309 -0.86797259 -0.07486986 -0.11196101 0.02039322 -0.19768555 0.75795897 0.17900825
-0.28918843 0.17133602 0.17288372 -0.36104934 0.52915995 -0.22946499 -0.62894117 -0.26815639
1.18854132 0.00578804 0.37231250 0.12461647 -0.73041008 -0.68852484 0.39137824 -0.02291498
0.23197269 -0.02380640 -0.18072341 -0.70893547 -0.80948249 -0.68859383 -0.67471547 0.44037683
0.37554545 -0.51853884 0.12714936 -0.15524564 -0.59377608 0.05775797 -0.10666153 -0.71510768
0.32268133 -0.46761616 -0.20630936 1.10380521 -0.14191918 -0.51146790 0.31343894 -0.77246101
-0.42324590 0.53199063 -1.09236651 0.60510613 -0.00997304 -0.27753356 -0.56009862 -0.26625058
0.35320040 1.23813112 0.15561521 0.27400955 -0.00932442 -0.23977585 1.07475481 -0.76411496
0.30088886 0.02791535 -0.70666301 -0.29717571 -0.10220923 0.05835594 0.33785498 0.51536567
0.13396036 -0.75240953 0.26828658 0.25381574 0.23314355 -0.10675407 0.43195686 -0.32146627
-0.05050612 -0.15506051 0.58140106 0.66854319 -0.72719008 -0.26754649 0.21034277 -0.04467579
1.05392791 0.00151030 0.37655708 -0.25476805 -0.50837487 -0.24765544 -0.05658235 0.10285594
0.32755495 0.34917813 0.65469563 0.13079294 0.52006381 0.42324874 -0.18523018 0.49961332
-0.21791826 -0.36222376 -0.30839876 -0.42994651 0.78813935 -0.15919364 0.52801669 0.62208563
0.56336955 -0.55438302 1.34814036 0.55012861 -0.60576864 0.44550412 0.28718588 0.27634976
-0.49271520 -0.46786948 -0.00663090 0.46074013 0.21683040 -0.77089134 0.02174977 0.70329513
0.07751173 0.54531556 -0.28373609 -0.09269950 0.39494212 0.07963635 0.05721274 -0.60423007
0.94600908 -0.29069517 0.37371078 -0.72648620 -0.28398118 0.89609439 -0.19305831 0.58938968
-0.08174418 0.12744439 -0.04238275 -0.10039422 1.26645655 0.27649002 -0.34443919 0.18151370
-0.10611631 0.06084383 -0.23839047 0.38843204 0.34203802 1.58255786 -1.04013576 -0.06982910
-0.21571823 0.25785153 0.13389517 0.83330276 0.48342354 0.49672610 0.25591091 0.23680477
-0.72557930 0.46833126 0.25284357 -0.10429704 -0.21711808 0.20020351 0.26479582 0.87009806
0.42293982 -0.54532657 0.50009956 1.37168249 -0.24681002 -0.03284801 0.64966468 0.45534574
0.14092824 0.38587521 -0.62994920 -0.09515038 -0.50419930 0.15977262 -0.17525739 -0.11223056
0.79985653 0.58294230 0.35335669 0.30248941 0.29626906 -0.03429473 -0.09107785 0.42303880
-0.27911480 0.19207196 0.32151851 -0.50806974 -1.22116531 0.30829685 -0.61285132 -0.31606052
-0.04996079 0.75696674 -0.72120735 -0.69962771 -0.24459058 -0.36100105 0.06098559 -0.08685668
-0.49642685 -0.01541341 -0.93002924 0.69925694 0.79188807 -1.16103168 -1.02515152 0.65818160
-0.39088041 0.86996004 -0.82339650 0.07217264 0.23893579 -0.37034004 0.11820192 0.21420877
0.84895937 -0.79488527 -0.75270640 -0.11404523 -0.16840836 -0.69272395 -0.30805100 -0.07746116
0.28832137 0.33091109 0.11588161 -0.29493663 -0.00774643 -0.76183676 -0.19214592 0.30463895
0.47116493 0.26152385 -0.10834864 0.45620864 0.16047888 1.01380328 -0.39455926 0.69032694
-0.16054285 -0.14952636 -1.29208748 0.68399573 0.72796767 0.22427234 -0.22479330 0.00737125
-0.10701455 0.18114178 -0.25599498 0.21708125 0.25168333 0.18777928 0.74731821 0.37294225
-0.42892104 -0.15837871 -0.49549781 0.03100309 -0.06397483 0.93861666 1.30825692 -0.30896915
-0.15336135 -0.34628351 -0.13455381 0.36778891 0.02452251 -0.12619945 -0.17719457 -0.13336469
-0.49204982 -0.35869370 0.13332412 -0.57928553 0.10287973 -0.38908600 0.15294667 0.23750644
0.57063118 0.32174101 -0.28684715 -0.33695406 0.17281936 -0.43799078 -0.38125845 -0.83924510
0.68672100 -0.90198731 0.58821464 -0.36219877 0.52483739 -0.66282090 1.15838486 0.31410514
-1.16494506 -0.23051583 -0.10800969 0.32943872 0.87675492 0.00014185 0.81457603 -0.18080781
-0.14496637 0.91018538 0.28171490 0.30229014 -0.23184018 0.05109024 -0.26563197 0.04410210
-0.68344795 0.01054170 0.09191671 -0.34130666 0.23800696 -0.73064915 -0.43689830 -0.92591193
-1.05855472 -0.10205684 0.18549450 0.52650569 -0.01059675 -0.10427943 0.34648856 -0.35444312
-0.38593355 0.64604389 -0.12703153 -0.23879633 -0.19994750 -0.19285429 0.41487725 0.18608086
0.15501835 0.33255632 -0.24575368 0.32392906 -0.53257897 0.75121305 0.72779979 -0.39095518
0.15273392 0.15835786 0.52061744 0.20866828 0.25511094 -0.12170163 0.04198807 0.06379972
-0.36332940 -0.50610607 -0.09967679 -0.26677079 0.78028838 -0.73325315 0.06768845 0.32814733
-0.09473513 -0.18343144 -0.26676278 0.07808423 0.20888002 0.47188172 -0.35082572 0.56564150
0.88051200 0.49312594 -0.42490189 0.50139244 -0.44521332 -0.25472531 -0.05102648 -0.14504239
0.24778529 0.10667335 0.65306568 -0.50504653 -0.26526084 0.53913311 0.08975904 -0.43811317
-0.46650500 0.05918555 -0.10473123 0.99241779 -0.85590832 -0.54030069 0.15838160 0.03681867
-0.30484111 0.26007328 0.28756371 0.35404979 0.24537323 0.60131242 1.06898708 1.00921034
-0.60826550 -0.40679971 0.28645736 0.73453428 -0.15714228 -0.60917405 -0.87678270 0.31904813
-0.46709014 -0.29535738 -0.31828660 -0.41665287 0.47431052 -0.34828109 0.00851721 0.04518641
0.08094730 -0.07824253 -0.05555615 0.27301473 -0.90585183 0.20199037 0.13952535 -0.58414148
-0.44933956 0.13820660 -0.66476082 0.13751012 -0.01350023 -0.17865395 -0.01086419 -0.31521075
-0.61673162 0.02375210 1.19645561 -0.40138977 -0.10847813 0.30810074 -0.77542929 0.54544475
-0.30293690 0.86896197 0.56228092 0.44477522 -0.14849351 0.15876848 0.30662049 0.14055116
-1.26448647 0.15864521 -0.48052766 0.08875547 -1.19956694 -0.32188546 -0.11567259 0.02765367
0.07166345 0.59368990 0.64348471 0.41914311 0.06359619 -0.16493973 -0.02831310 0.00807755
0.56409171 -0.01090966 -0.72440269 0.26431748 -0.27699101 -0.20720157 0.01567818 0.27447076
-0.93678906 -0.32602341 -0.27736463 0.42855891 0.21536826 -0.01557985 -0.34162773 0.55045416
0.31505953 -0.56183464 0.28911526 -0.56325936 0.05121915 -0.62662176 0.13682718 0.60804005
0.34185844 -0.21574126 0.54863179 -0.69930312 -0.34733434 -0.52359782 -0.86043296 0.34635084
-0.42688015 -0.65951685 -0.47226369 0.55201459 0.01911191 0.55222593 0.60735932 0.76888251
-0.37545289 -0.26720165 -0.79555158 0.85976720 -0.18860768 -0.71709282 -0.13382361 -0.39217984
-0.25185132 -1.57912538 -0.23086975 0.27952226 0.86786053 -0.20831084 -0.22674526 0.18927799
0.23136526 -0.45066646 0.30543483 -0.29582381 1.29335274 0.09920261 0.86860368 0.54016437
1.26924200 0.36878827 0.51341214 -0.04579688 -0.23418735 0.75002185 -0.33350138 0.38323077
0.34350553 -0.73675623 0.22606389 -0.20218759 -0.07552656 0.50913837 0.51987765 -0.25824939
0.16054163 -0.62148732 -0.44650633 0.23276246 0.45083973 -0.11312884 0.52824830 -0.44664171
0.61767102 0.40574572 1.40953432 -0.81372925 -0.28309051 -0.64836553 0.03946734 0.22988878
-0.10603343 -0.37210746 0.27207622 -0.28318181 0.43163805 -0.77405769 -0.09265864 0.55488804
-0.11763983 0.01006462 -0.12907623 0.64445193 -0.11898061 0.27055377 0.52623868 -0.42931201
1.25153983 -0.26115602 0.03965942 0.16210128 -0.56955348 -1.34098637 0.07173800 0.36006146
-0.32835333 -0.54623673 0.01649466 0.12870226 -0.29289950 1.13603229 0.41639172 -0.99770006
0.44190009 0.58927443 -0.07211695 -0.13931963 -0.41688714 0.83688179 -0.01002679 0.00255965
-0.49734237 -0.03731009 0.62066000 -0.93077820 -1.14530647 -0.00611834 0.12978650 -0.12898054
0.31697738 -0.07762467 0.56235473 0.07006536 0.15629383 0.38175063 -0.66907453 -0.48824733
0.01368587 0.11546436 -0.13893776 0.05365883 0.00996647 -0.80971625 -0.19316072 -0.24512743
-0.13215699 -0.25936683 -0.39116517 0.44804879 0.50947262 0.87648660 0.41944106 -0.31293107
-0.25934152 -0.11150012 -0.26403131 -0.54040219 -1.05276432 1.05668520 -0.98022404 0.98639366
0.87708875 0.28151991 -0.07605961 0.36784038 -1.04662388 0.39567394 -0.09148243 1.00285575
0.16304712 0.83627573 -0.79728678 0.25466996 -0.21878122 -1.17752388 0.05110291 0.00388757
0.31971476 0.51004027 0.16058232 -0.36382826 0.34361333 -1.62229637 0.79336070 0.51297218
-0.23272792 -0.29513259 -1.01519610 0.89576853 0.20770137 -0.05207650 -0.06110191 -0.07119981
-0.24367231 -0.09129498 -0.16688128 0.32094965 0.62666985 0.23414300 0.11024271 0.06018246
0.40327599 -0.11978057 -0.77518990 0.39574946 -0.50236323 -0.54567781 0.04084746 -0.61112922
-0.21465129 0.06947703 0.14176302 0.15623020 0.22724750 0.10157301 -0.69308289 0.55439945
-1.06549216 -0.88499299 0.04751034 -0.58648557 0.08436141 -0.07071728 -0.12294679 -0.31185337
-0.27503947 0.24448013 0.23978583 0.44795631 -1.02807647 0.30550409 0.71897806 0.55738474
0.82808129 -0.14036349 0.10599242 -0.30556100 -0.25172774 -0.23775406 0.24685725 0.39691320
-1.05958384 0.33413706 0.44255722 -0.01874943 0.27626412 -0.29402124 0.66319675 -0.34445719
0.38703899 -0.03669167 -0.51408005 -0.64638245 -0.25284947 0.21153744 -0.71410901 -0.50253099
-0.83161844 0.06459955 0.56235744 -0.11033624 -0.00875057 -0.82379424 -1.16104447 -0.03480305
0.60613491 0.56984376 0.43586006 0.22258893 0.54930898 -0.49136282 0.57644665 0.54633013
0.18871944 -0.69193003 -0.12435553 -0.70046018 0.09142156 -0.20981870 -0.70786691 -0.40021677
-0.36744913 0.77491625 0.04856513 0.94703093 -0.77641866 -0.48107200 -0.46164594 -0.03857869
-0.48614824 0.25822720 -0.16066380 0.77958890 0.85167016 0.19821020 0.37171152 -0.62739686
-0.32253686 -0.37928775 -0.46711933 -0.29962561 -0.29663931 -0.31818127 0.61042176 0.30764539
0.26376967 -0.75966738 0.54460386 -0.06080421 0.96115220 -0.04650933 -0.37680342 -0.29128993
0.30358206 0.12080047 -0.32429453 -0.10980741 -0.12248473 -0.00026424 -1.27465140 1.13552163
0.12263312 0.51401675 -0.21936047 -0.32497915 0.04630828 -0.54439675 0.92667200 0.56329773
-0.25474222 0.32999232 0.05541716 -0.94029356 0.23974238 -0.17092181 0.13507037 1.99307264
-0.47130743 0.56374984 -0.64694054 -0.06870704 0.36389573 0.07990221 -0.24246203 -0.01703186
0.33125112 0.08292190 0.40904928 -0.64168973 0.37393029 -0.09828739 -0.49591119 0.60828783
-0.69841915 0.94016605 -0.18624754 -0.53861287 -1.25364637 -1.38273619 0.46059339 -0.57941031
0.03110850 -0.38086045 -0.82437941 0.33923319 -0.05263532 0.48707774 0.79389764 -0.04321522
0.04841177 -0.88330794 0.01215503 0.22979708 0.07517550 -0.00939774 0.78371879 0.20856934
-0.10806881 -0.05022359 0.37811714 0.23628624 -0.61235036 0.12566663 -0.13901990 -0.64996660
0.40456213 0.38819386 0.16746468 -0.28645294 -0.29554450 -0.30185090 -0.21895849 0.50914004
-1.10326788 0.23225763 0.04779500 0.91788852 0.15575146 -0.63999933 0.09741760 0.47040257
0.03914730 0.68215034 -0.31120947 1.14223259 0.22307417 0.07632968 -0.70244040 -1.36452162
0.12385950 0.03802059 -0.27772971 0.21633586 -1.18297898 0.85035565 0.38026787 -0.73108329
0.35811470 -0.69483019 -0.36089114 -0.54905537 0.23821186 -0.22772515 -0.20382975 0.03574175
-0.07834767 0.18728915 0.51517186 -0.88641827 0.81793423 0.47291857 -0.00912659 -0.03413433
1.06830041 -0.64063665 -0.38823994 0.20562346 0.25993737 -0.01334502 0.60798255 0.04665710
0.25468712 -0.02240629 -0.02451218 -0.64201134 0.37776386 0.65621029 -0.48080890 0.16775567
-0.12921792 -0.71540084 -0.12449339 -0.10316597 -0.75168863 0.16338028 0.45820277 -0.92419119
-1.19720214 -0.27840078 -0.17362964 -0.18101776 0.36424257 -0.56438854 -0.32043353 0.84038829
0.27091718 -0.03513691 -0.00808899 -0.47058542 -0.84203285 -0.11506752 -0.37527779 -0.61570634
