0.59531465 0.18573081 0.64757727 0.37752116 -0.71609020 -0.26286420 0.10834339 0.02905611
-0.13959349 -0.70096394 -0.02603447 1.27373789 -0.00778614 0.35559748 0.21277979 -0.03389011
-0.66250908 -0.53612899 0.43674734 -0.22141320 0.14461854 -0.65108938 -0.21756268 -0.08400575
0.68968356 0.82881906 -0.02706574 -0.18409689 -0.00312448 0.04407586 0.51046516 0.35326818
0.27500894 0.81834220 -0.17573318 0.80006421 0.00659152 -0.69712295 0.26608294 -0.59589955
-0.80932371 -0.35425770 0.31869217 0.38707807 0.07944639 -0.65193132 -0.42527261 0.40547703
-0.25177991 0.17494010 -0.02714864 0.39692489 -0.65226394 0.22250727 -0.60328959 -0.19703364
0.14817702 -0.48433642 0.45480931 -0.58074787 -0.43081864 -0.03267623 0.76519606 0.02201334
-1.02893302 -0.22319694 -0.44068773 -0.32118557 1.19755669 -0.54301968 -0.03637311 0.39708226
-0.48537955 0.87332197 0.28473725 -0.12471931 -0.60680703 -0.44720535 0.86733108 -0.89354778
0.34771155 0.72063680 -0.12917051 0.19207066 -0.99395797 0.43021889 -0.45465946 -0.64283768
-0.12735219 -0.53871459 0.71255972 -0.01421732 0.22273575 -0.18737635 -0.07425600 -0.32297759
0.49867775 0.22930685 0.12878434 0.52808851 0.43473979 0.10827887 -0.45234684 0.06965781
-0.34744857 -0.23658346 0.43848150 0.34409636 -0.01936696 -0.09824621 0.16844463 0.40388952
0.00357619 -0.39133036 0.48186458 -0.80407508 0.55388960 0.23519834 -0.10703388 0.09685948
1.28174887 -0.69806395 0.38731583 0.82694491 0.21632860 -0.01917427 0.02684461 -0.29090126
0.20240828 0.03112748 -0.34450746 -0.10171768 0.32376137 0.97496864 0.28811695 -0.85434602
-0.33381214 0.55664004 0.12174207 -0.05684858 -0.90119682 0.06619849 0.26041963 -0.44662866
-0.71487805 0.16911487 -0.13295825 -1.30562353 -0.48430943 -0.16386326 -0.17830676 -0.57669321
-0.23830510 -0.80342927 -0.15903139 -1.75679285 0.19149140 -0.19142861 0.15707225 -0.04171559
0.04094534 0.57617699 0.07551643 -0.50842786 -0.09044490 -0.33115642 -0.21731747 -0.22181118
-0.35961725 0.18839692 -0.89502615 -0.26490841 0.03330054 -0.54373264 0.06209201 0.45911736
0.10017904 0.28542930 -0.37633537 -0.75638563 -0.44923963 -0.91153717 -0.23219532 0.08861626
-0.04904509 0.60814329 0.48882986 -0.90435735 0.12118319 0.51367850 0.75239099 -0.57405294
0.10550000 -0.13708761 0.15935791 -0.59027743 0.20876893 -0.17373753 0.49779086 0.70200364
-0.38224438 0.20057626 -0.96851636 0.15914938 -0.61196762 -0.31176219 0.62894815 0.02230720
0.44050458 -0.54668411 1.04998213 -0.21352609 0.04352840 0.17997587 -0.30029293 0.42867052
0.25185038 -0.14179104 0.76032595 -0.38391163 0.78752775 0.24259867 -0.83684991 -0.00770385
0.96263115 -0.36662558 0.41079504 -0.44205201 -0.64069584 -0.48656969 -0.52695412 0.14714787
-0.06008861 -0.04058420 0.80751496 0.38423496 0.59669766 -0.09941100 -0.29277216 -0.13822126
0.87790926 -0.78981093 0.22530783 0.08877291 0.99759981 0.37368021 -0.63496150 0.76284326
0.23951808 0.27440389 -0.44523047 -0.87908379 0.89831045 0.03008166 0.46644018 -0.20909524
-1.00287953 -0.36989959 0.37721766 0.41056785 0.25426706 -0.36599158 0.01164849 -0.48814086
-0.03830142 0.01674252 0.60275764 0.04966594 0.69066717 0.23634108 -0.17580477 -0.17163238
0.14324133 0.15944402 -0.12383537 0.73208830 0.58740018 -0.51428381 0.79909130 0.09063884
-0.98908624 0.92173386 0.42877962 0.25712192 0.33414411 1.24174698 0.56548839 0.71356502
-0.26577767 -0.23973081 0.65599183 -0.59289103 -0.52166276 0.15095650 -0.12380701 -0.08732531
0.63178016 0.25726846 0.45270218 0.50150218 -0.32826577 0.67446102 -0.39523683 0.31131928
0.41570353 -0.63586708 0.10789664 0.90894172 0.02712954 -0.95478435 0.68025906 -1.12339587
0.32354223 0.09794881 0.06197222 -0.87213309 0.48660115 0.11731177 0.23035269 -0.47680094
-0.25074602 -0.38982343 0.01682399 -0.05374625 0.98457691 -0.47379617 0.76370318 0.41584199
-0.57562493 -0.11079675 0.18674116 0.14830658 0.26271806 -0.70382429 -0.81110443 -0.60953759
-0.41572524 0.27280282 -0.11104543 1.31196035 0.01170891 0.00340592 0.62992236 0.09772801
0.34916204 1.21911388 0.26098805 -0.03857557 0.11366953 1.04894122 -0.22212242 -0.14478144
0.04952120 -0.55367577 0.72618472 0.65181027 0.60509341 0.49773203 0.63719808 -0.09905536
-0.07548948 0.21564411 0.05067133 -0.70505284 -0.57012043 -0.92213517 0.04501186 -0.26803590
0.16333569 0.07558649 0.25469190 -0.43951133 -0.01971171 0.06714658 -0.42862686 -0.01050983
0.34825801 -0.18703927 -0.59934274 0.45111890 0.06836463 -0.41351789 0.11754913 -0.01867938
0.74121255 -0.94383960 -0.13199525 0.31548288 -0.86030275 0.59431657 0.41488616 0.36301325
0.37833359 0.60926088 -0.87815722 -0.19230316 0.08593416 -0.45108898 0.86919424 -0.47945964
0.25633342 -0.26021547 -0.08331537 0.18148459 0.12972270 0.74875308 -0.08738261 0.19929428
0.04073252 -0.89142522 0.33184700 -0.78372563 -0.15435534 0.32988672 0.27596659 -0.30817565
0.45337044 -0.65387759 -0.28919568 0.28486434 0.98838629 0.41850073 0.38148206 0.60224589
0.38701523 -0.01142211 -0.12124590 1.08633845 -0.73368015 0.01075903 -0.59993991 0.10316898
-0.17108640 -0.35649548 0.02178418 -0.16525775 -0.58369282 0.15558651 0.04817608 0.03491925
0.49773158 0.99773533 0.18056027 -0.79375121 0.51183158 0.02322540 0.94171774 0.78699142
0.20409878 0.33570722 -0.41613779 0.47156916 -0.63122046 -0.34113094 0.64382492 -0.02125488
-0.17055013 0.34108389 -0.65622349 0.62410154 0.66208538 -0.48719668 0.38470471 -0.50647704
-0.88502590 -0.31992658 -0.01169718 0.64921267 0.31654966 -0.04223936 -0.90798649 0.91378549
-0.60637987 -0.90369462 -0.88446599 0.05950016 -0.44253523 0.18833843 0.04078655 -0.18078104
-0.16589207 -0.28344934 -0.47882246 -0.28098232 0.37704605 -0.20033245 -0.45463061 -0.03554882
0.18959655 -0.45772747 0.01898552 0.14613958 -0.04823774 0.13649327 -0.77345450 0.05222888
-1.00697145 0.23862102 0.44773618 -0.58488244 -0.60932451 0.28429558 -0.20086519 -0.32211232
-0.02194294 0.42252366 -0.17623584 -0.71849064 -0.36846218 0.53395121 -0.10337858 0.74885164
0.45452672 -0.13723344 0.24510996 -0.16561039 -0.35239233 -0.79764921 -0.71228725 -0.09249944
-0.26340852 -0.22362513 0.35659106 0.22873994 0.41314666 -1.05217892 0.38670885 -0.22109874
0.13864460 1.31070389 0.12605701 -0.02166869 0.22640817 0.41322243 -0.12201374 1.10042064
0.32235228 -0.71862185 0.10932207 0.33899787 0.94098426 -0.35068773 0.25495237 0.47370872
1.07734719 0.05140469 -0.50028819 -0.65164495 -0.91707127 -0.19008827 -0.11487908 -0.69852649
-0.11439737 0.35820076 0.58214312 -0.08320415 0.34355312 0.55318073 -0.73709746 -0.13519835
0.41222443 -0.75420191 -0.45313353 -0.06079732 0.72749899 0.07712877 0.01196082 0.82160372
-0.74826247 0.04074548 0.23658288 -1.36745035 0.38759365 0.44965260 -0.79869813 -0.56871738
0.03760774 0.33456182 0.00080273 -0.12098063 0.61832477 0.59702092 -0.08085946 -0.44697824
0.85442547 -0.28035654 0.20551564 -0.69976044 0.25305086 -0.59587559 0.76781400 0.88207848
-0.00799246 -0.37621643 0.07652623 0.13560587 -0.15276376 -0.41272472 -0.14690144 0.24605661
-0.08137449 0.68593921 -0.01222263 -0.96877517 0.12213023 -0.05971798 -0.12243344 -0.40520484
-0.00270012 -0.56607603 -0.42010500 -0.05501492 -0.04455141 -0.24220590 0.47154256 0.39503034
-0.18763985 0.07908909 -1.12537218 0.62592301 0.38928836 -0.23137148 -0.17140848 0.66690683
0.43852091 -0.78275239 -0.13815851 -0.33199361 -0.01579925 -0.44577781 -0.20898332 -0.07771328
0.63266172 -1.10209507 -0.28458284 -0.63285917 0.02811390 0.50146478 -0.81706393 -0.25439875
-0.32619330 0.26791323 1.20905979 -0.20935312 1.08166973 1.10568096 -0.78194037 -0.61606898
0.29630204 -0.82213982 -0.09634096 0.43897009 0.15088905 -0.69985065 -0.20169910 0.88084704
0.44678449 -0.55661813 -0.31309191 -0.28872189 0.04911584 0.28982922 -0.01678189 0.13261818
-0.01250769 0.24596919 -0.82459410 0.24511901 -0.00967004 0.20338354 -0.21146817 -0.43731143
-0.14716483 0.39561676 -0.03473044 0.73193775 0.97330846 0.30003063 -0.09971961 -0.00096958
0.34888745 0.04315313 -0.42681466 0.67359240 0.08838355 -0.60120500 0.47643156 0.61296473
-0.12281204 -0.34961959 0.48509685 0.14156866 -0.47595188 0.16303212 0.29265372 0.24528196
-0.12249465 -0.15817017 -0.63637184 -0.63731484 -0.25899734 -0.15238203 -0.02196872 -0.10636396
0.09098635 -0.45687566 0.13496268 -0.55978797 -0.76003717 0.49742380 -0.17987631 0.12772080
-0.16958246 -0.25374134 0.05994140 -0.33108959 0.46031011 0.66481108 -0.58579407 1.08512939
-0.60959019 0.02312515 0.75474741 -0.19407753 0.17109127 0.10774702 -0.09133175 -0.21888806
-0.18585577 0.08607461 -0.39249400 0.24919893 0.52286984 -0.53241145 -0.30862981 -0.69002704
-0.35784553 -0.15257205 0.19824058 0.18283524 -0.31153074 -0.61486434 0.20965811 -0.08574160
-0.41091253 0.69465040 -0.44767620 -0.65296555 -0.58356191 -0.32185561 -0.48826813 -0.40186720
0.11670817 -0.04966904 -0.25998130 0.22115691 0.56298403 0.72948618 0.78643759 -0.43058574
-0.47973293 0.25614422 -0.55806565 -0.47479188 0.40675247 -0.18322684 0.46185709 -0.78303734
-0.67381416 0.81787661 -0.84565660 -0.20622102 -0.53554860 0.45944841 -0.06229380 -0.44887201
-0.82378867 1.15970087 0.51589639 -0.48580844 -0.14506429 -1.06281105 0.06278575 0.70434686
-0.11269804 -0.09188389 0.66490119 0.01753922 -0.86114439 -0.86144929 -0.76362195 -0.60638584
0.99679805 0.62387910 0.43983005 0.38660460 -0.24588507 -0.72059445 0.03960123 -0.28505014
-0.19240567 -0.45218444 0.11817492 -0.61925036 0.13100529 0.58455705 0.25974840 -0.03479857
-0.07969861 -0.06142987 -0.04467782 0.20093989 0.30838445 0.09150993 0.02399586 0.11183959
0.03955118 -0.19615726 -1.02414702 0.28379501 -0.15817405 -0.10177789 0.20850297 0.67380780
0.60526429 1.01709193 0.16648829 -0.26636731 -0.01048461 -0.21937453 0.78077562 1.08202585
0.73009424 0.09035385 0.46050888 0.91545649 0.22739546 0.51047332 -0.02338145 0.19692892
0.36892665 0.46318531 0.16050930 0.39883547 0.50535077 0.05782549 0.24106509 -0.46948674
-0.31890444 -0.06676907 -0.93824978 0.23137516 0.11137591 0.60152826 -0.48051695 -0.05577189
-0.11904669 -0.02435692 -0.12826731 0.19797806 0.52685365 -0.13564577 0.57767335 -0.08106521
-0.60333104 -0.50454423 0.61228591 -0.20938634 1.12044278 -0.48756793 -0.51638324 0.01296192
1.41157999 0.18071871 0.32863488 -0.54428905 -0.08001461 0.17653127 0.48079935 -0.21343243
-0.88726269 0.28431248 0.53745201 -0.11729060 0.99855494 0.22511602 -0.27826120 -0.42101917
0.27257647 -0.24323201 0.48131797 0.59388387 0.70466077 0.72651933 -0.12890923 -0.43394696
0.05768449 -0.28040924 0.05042227 -0.19342616 0.06863703 0.38316272 0.40690596 -0.46391949
-0.63570899 -0.24532843 0.16086755 -0.44102137 -0.23712681 0.09306459 -1.22382088 0.40270338
-0.35959740 0.44873739 0.14442041 -0.06426334 -0.12695637 0.43056225 -0.09410940 0.92114670
0.11316636 -0.44395925 -0.35136904 -0.26874882 -0.32655165 0.43304587 0.23293423 0.31327916
0.17603550 -0.63017340 0.60900711 -0.13481217 -0.18018145 -0.29727411 0.31268735 0.49155802
0.51465752 0.75503729 0.55447438 0.28546111 -1.37352294 0.66543234 0.38284160 -0.40082649
0.11770215 0.46108945 -0.09189238 0.51735626 -0.46404410 0.37014303 0.22143930 -0.03378245
-0.40590510 0.32812764 0.51179102 0.56234705 0.34544751 -0.58300478 0.95462947 0.16979265
-0.37062470 0.59916150 0.24911594 -0.48883715 0.22587529 -0.94809457 0.01351193 -0.54002857
0.22345721 0.35718820 0.24401332 -0.08905799 -0.10708259 0.47858718 -0.19581565 0.50078162
-0.13990264 -0.47292355 -0.33284958 -0.53168387 0.28241831 0.76484798 -0.16766862 0.04104604
0.22953164 -0.12022189 -0.23100705 0.38141819 -0.90823387 0.34206761 0.57849398 -0.25500385
-0.49734759 -0.26600717 1.34111323 -0.09390315 -0.76781321 -0.12358370 -0.01975679 -0.46212971
-0.11400025 0.37605694 0.20623824 0.49293281 -0.06069609 -0.83468199 -0.19289115 -0.00940495
-0.94792612 -0.32532203 -0.60964889 0.35083842 -1.31373178 -0.07614330 0.13636690 0.09914267
0.09217654 0.33865601 -0.65375631 -0.33896663 0.04301383 -0.42888132 -0.07316074 -0.43234981
-0.11321440 -0.61150917 0.29236514 0.07336171 -0.38698507 0.63925946 0.07315908 -0.55394993
-0.09218808 0.29623652 0.70144402 -0.20112043 1.23303497 -0.11246615 -0.22224160 0.23393322
-0.05621240 0.19070746 0.38038842 0.34147264 0.42117320 0.27626214 -0.52286095 0.63169557
-0.05274165 0.33010452 -0.01370595 -0.00937610 -0.73363584 -0.58340410 -0.15118235 1.11313811
0.66920153 0.06601850 0.06605696 0.97355180 0.23829498 0.33743976 0.32621416 0.83085531
-0.00445109 0.94574076 -0.53060700 -0.17450311 0.17933382 -0.17429637 -0.40875666 0.59570879
-0.18678596 -0.45029188 -0.30536777 0.67737012 0.63769314 0.10721327 0.06542345 0.27975903
0.12264540 -0.17083055 -0.43916093 1.42817616 0.08907402 -0.00328288 0.45891945 0.53562176
-0.08059384 0.37281208 -0.57865126 0.27283737 0.87172378 0.01104696 -0.67396252 -0.18842709
0.21629624 0.48728861 -0.27117810 -1.33051982 -0.37423323 -0.33727465 0.07386000 -0.37636927
0.54002953 -1.47829836 0.45213261 -0.31589047 -0.05269058 0.26750506 0.13728730 0.02960395
-0.02116465 0.69410643 0.53209797 0.67350657 0.00957148 -0.49915366 1.00580611 1.17603236
0.59146385 -0.45567340 -1.13373936 -0.06323879 0.84711729 -0.02998030 -1.10481992 -1.11381896
-0.34818076 0.06722653 0.18674539 -0.68990862 0.20196387 0.20170764 -0.80568195 -0.70604105
0.53511518 -0.33174796 0.02143610 0.43357930 -0.20175162 -0.13920822 0.11297532 -0.79779351
-0.15656020 0.75023122 0.41823535 0.21068530 0.54879907 0.65431929 0.27866920 -0.73840825
-0.28422161 -0.64054211 -0.81949706 -0.20769426 0.05823515 -0.07819596 -0.21003819 0.29706379
-0.19075083 -0.76322424 -0.42826371 -0.30695139 -0.24589806 -0.16419962 -0.01690828 0.58289760
0.31690740 0.46476515 -0.05890965 -0.51861292 -0.79962663 0.31334163 0.03436086 0.01529194
0.26247476 -0.13464821 -0.94785415 -0.39564106 -0.39246340 -0.16485949 -0.40108353 -0.07688139
-0.29783207 0.45337708 0.79185978 0.26081649 -0.56815672 -0.13023030 -0.13056986 0.33746534
-0.48295025 0.88623825 -0.01390392 -0.95744885 -0.52047640 0.14652071 -0.98341007 -0.56040289
0.48024453 -0.94253226 0.37422526 0.23442934 -0.18026266 -0.64854382 -0.60943034 0.51507598
-0.13442947 -0.67376520 0.03109933 -0.32361693 -0.34842017 -0.37354965 -0.66478877 0.44425649
0.12274780 0.06032486 0.33196562 0.65482976 1.37210054 0.62719060 -0.47267864 0.34428526
0.99072253 0.48028195 0.22768084 -0.40422768 -0.28628309 -0.07904636 0.09856958 0.11492132
-0.23208478 0.25085656 -0.11801135 -0.22022964 0.57018508 -0.33364968 -0.04626668 -0.56365707
0.62357901 -0.27180185 0.82349312 1.03130160 -0.50825091 -0.39647319 -0.20965272 0.55892497
-0.58656047 0.02915740 -0.22233823 0.61824109 0.65709838 -0.38520929 0.34937918 -0.72770854
0.49320490 0.55621627 0.31534109 -0.73345376 -0.28642358 0.21721211 1.17148452 0.11476810
0.31310827 0.71928176 -0.76084230 -0.53133145 -0.47202897 -0.24534718 -0.08887594 1.02602093
-0.02585180 0.05418057 -0.06017487 0.30326582 1.03226262 -0.70941630 0.01906648 0.23563188
0.46752064 0.51623834 0.38481152 0.54409963 -0.29580659 -0.39833952 -0.22724471 -0.14770589
-0.38939138 0.04502554 1.04313842 -0.09381414 0.04625995 0.97153012 0.16953429 0.29205310
0.04175637 0.34297803 -0.40563279 0.15493492 -0.30631814 -0.03935237 -0.17650168 0.59271135
0.16787061 0.46126591 -0.15412404 -0.13125825 0.28351435 0.42282868 -0.16043766 -1.01569468
0.03426498 -0.47262529 0.23165122 -0.82822025 0.28923413 -0.02453510 0.32294198 0.83013716
-0.89589496 0.46317783 -0.68796111 0.27907243 0.23812072 -0.40839803 0.90279957 0.02222535
-1.37591855 -0.83670754 -0.21444954 0.35091306 -0.24221021 0.24251827 -0.06855681 0.21879498
0.32952778 0.04214320 -0.02829439 -0.22340930 -0.12739740 0.21528252 0.67733151 -0.05877733
-0.01046455 -0.26599583 0.47802849 -0.12966617 -0.69891269 0.69066513 0.38525314 0.09861503
-0.31275599 0.35835259 0.86965891 0.15088993 -0.06968767 -0.64500002 0.29142425 0.45024077
0.56306825 -0.39507290 0.08778753 -0.72366764 -0.07345499 0.74839926 0.03525721 0.49526694
-0.21312910 -0.52746808 0.63437484 -0.05269926 -0.21061792 0.42342876 -0.74560953 -0.78297671
-0.03097937 -0.07007569 0.49846422 0.26851230 0.01452448 -0.00411335 0.00459379 0.32254049
0.69005295 0.19758346 0.77872926 1.00653032 0.63247425 -0.05143006 -0.08143534 0.16540547
-0.76106617 0.49735813 0.13622058 -0.41827427 0.30478335 -0.05038048 -0.30674981 -0.01085563
-0.03141616 0.67896734 -0.64872084 -0.04472263 -0.79700201 0.64590012 0.08773737 0.70310782
0.07144657 0.29071757 -0.28193813 0.61055238 0.58488019 0.47159363 -0.30792282 0.03297295
-0.43214352 0.30323797 0.04345087 0.44473484 -0.32129032 -0.44643694 -0.80555118 -0.54013568
-0.67465574 0.26720990 0.91863515 0.62739622 -0.54096959 -0.32571647 -0.05202094 -0.58834194
0.29919632 0.22081755 1.00228758 -0.19126506 0.03319400 -0.38415863 0.35130065 0.16250733
0.23320619 0.44601481 0.03895596 0.28872609 0.17431570 -0.62929500 0.46063535 -0.48771430
-0.39043342 -0.75761850 0.18666312 0.84237093 0.20021886 -0.75067575 0.40023277 -0.05109603
-0.07659431 0.77411496 -1.23987728 -0.24758444 -0.77283684 0.63706183 0.16400151 -0.08236160
-0.10114874 0.26056212 -0.25074352 0.15928343 -0.18919887 -0.05296522 -0.18739378 -0.38048548
0.21108876 -0.50312513 0.09702278 -0.21725451 -0.58812089 -0.09340436 -0.03250606 0.93976909
0.02884321 0.25524466 0.90049229 -0.34403995 -0.53235274 -0.20544497 0.66081854 -0.23673397
0.23250113 -0.65900425 -0.89780606 -0.11933226 -0.06260663 -0.65151597 0.19075319 0.17317502
-1.18355452 -0.07404090 -0.87361164 0.19207026 0.22421650 -1.15372905 0.84784552 -0.38312890
-0.16974242 0.12110938 0.46300948 0.07435132 -0.20205576 -0.54765931 -0.42061240 -0.97850320
0.01641826 0.48704910 0.63220566 0.15980810 -0.92974831 -0.09127811 0.28705786 0.17639847
0.53758283 -0.84758453 -0.29813561 0.35639056 -0.66468617 -0.66699669 -0.43031410 -0.08427222
-0.53550794 -1.18373236 0.21629381 0.20704318 0.95164997 -0.72675659 0.57558194 0.45303491
0.70614040 -0.00819400 0.81192689 1.05347358 -0.21253872 -0.02490048 1.15750396 0.15760006
0.69845198 -1.25998020 0.15671241 -0.69696309 -0.16165993 0.07364028 0.80035150 -0.76002263
-0.36451206 0.81158970 0.00387714 -0.48410698 0.32926806 -0.12024530 -1.23869117 0.54270409
-1.18313690 -0.51108651 -0.56928505 0.17688110 0.16955533 -0.28436959 0.16037456 0.96353569
0.33692199 -0.04393672 -1.12231223 -0.30157167 0.11718133 0.05979566 -0.09965634 0.20873008
-0.20355935 -0.18893334 -0.38410759 -0.05771706 -0.01634258 -0.67462403 -0.02663387 -0.17921615
-1.18363172 0.12006425 0.47538343 -0.57884325 0.45620481 0.96844758 0.13630490 -0.03657413
0.30860860 0.50911710 -0.12962986 0.17996081 -0.98187847 0.62525358 0.41363165 -0.02981626
0.58215733 0.39269705 -0.15312220 -0.45989315 0.13052021 0.23875150 -0.23866015 -0.63946973
0.50431390 0.25997829 0.08715165 1.09849507 0.04587909 0.23822249 -0.38688441 0.13459905
-0.70421669 -0.52616280 0.44172535 0.24501905 -0.98133301 -0.14843212 -0.16836445 -0.19160398
0.11942782 -0.14922548 0.43074818 0.01181900 0.40252119 -0.64212237 -0.33918605 -0.50000976
-0.47490420 0.29704851 0.51899834 -0.11637073 0.78581514 -0.34337034 -0.23679274 0.66602318
-0.01111511 0.40787968 0.89226009 -0.33642023 0.31764422 -0.20615197 -0.14466572 -0.43349697
0.74026773 -0.10943814 -1.00185012 0.31497357 -0.30512990 -0.39696113 0.07604112 -0.22715825
-0.04661185 -0.19430274 -0.29822948 1.10445964 -0.52802963 0.38271861 -0.99948209 -0.10880183
0.11964892 -0.12698645 0.16759238 -0.46174208 0.77145484 0.33543554 0.28898594 0.06671298
0.34749437 -0.49541634 0.00115500 -1.24618626 -0.64385318 0.33600243 -0.84459533 -0.36343203
0.41306366 -0.44464982 -0.35202342 0.05473810 -0.18241663 -0.68406307 0.66827593 -0.74653444
0.11693859 -0.27738993 -0.41107882 -0.83091848 0.26215223 0.65564992 0.22400103 -0.11194732
-0.43798076 0.10172705 0.17097570 -0.46322272 0.38182337 0.45896551 0.54548795 0.15263263
-0.83233052 -0.97778558 -0.24406966 -0.25039673 -0.31928149 -0.16768813 -0.20682242 -0.97586127
-0.02562125 0.14112557 -0.03661373 -0.67260359 -0.57224514 -0.37255600 0.78543137 -0.70283211
-0.53812436 -0.03650379 0.90466950 0.10258403 -0.12362474 -0.74067877 0.27713042 0.11238380
-0.50434587 0.62093859 -0.44533012 -0.13363247 -0.00934987 0.33763793 0.30702522 -0.69089772
-0.43058802 -0.16681520 0.52077760 -0.42096726 -0.25592081 0.05115383 0.25540537 -0.44483755
0.11255689 0.68338680 -0.58549602 -1.00886017 0.36755170 -1.11505790 -0.38093638 0.00744267
0.10888617 -0.39621487 0.32615023 -0.64206974 0.13279201 0.17905050 0.87905800 -0.59074863
-0.81811776 0.41805162 0.10087501 -1.08033365 -0.66262431 0.29015300 -0.37379751 0.19582650
-0.62486796 -0.21805599 -0.70033295 0.07240322 -0.66877172 0.16091712 -0.09984890 -0.25696556
-0.43582598 0.32644812 -0.03608279 -0.12206041 -0.05440016 0.29881427 0.64373657 -0.30801281
-0.31958044 -0.85683148 -1.20961501 0.77855350 -0.05378845 -0.41010833 0.34414981 -0.01717785
-0.00887407 -0.24217975 0.34606116 0.08079823 0.28312641 0.39965654 -0.09730907 -0.62879695
0.24263971 0.47938563 -0.36001305 -0.29553942 -0.57826510 0.10372810 -0.27681947 -0.12017080
0.40664628 0.71683560 -0.22711141 0.25419767 -0.56008839 0.44005463 0.28532272 0.11075619
-0.45583016 -0.26435945 0.51748001 -0.12277400 -0.02041568 -0.59666830 0.78319746 -0.05895799
0.46030184 0.10659336 -0.65368031 0.43012910 -0.06424101 -0.12094502 -0.47661080 0.60189375
-0.62354864 0.44858061 -0.76073437 -0.03608323 0.94074353 -0.00100378 0.06054433 0.41482066
0.56569878 0.22031284 0.21863270 0.15203539 -0.39519830 0.53341034 0.37347799 -0.15876029
0.68368689 0.33160803 -0.02781254 -0.60265677 -0.08915668 -0.37800082 -1.08484771 -0.26574584
-0.10066050 -0.51524391 0.90307853 -0.64680059 0.91570969 0.29045218 0.79967675 -0.48185450
-0.07647850 -0.51206501 -0.72657549 0.32878844 -0.52116882 -0.22693476 -0.50985649 -0.25203670
-0.08977568 -1.32832779 -0.45155878 0.60292578 -0.28306824 0.33753514 0.27737910 -0.79743759
-0.31152544 -0.12670565 -0.11092894 0.01580030 0.04821652 0.45198101 0.35062912 0.56980823
0.31700441 -0.34945825 -0.46889406 -0.71388300 -0.08907072 -0.45575008 0.90481247 -0.71146613
-0.69765595 -0.38100811 0.56307752 -0.39553569 0.50918861 0.15830225 0.05431920 0.82260565
0.15878991 0.37732064 -0.31887045 -0.20117700 0.19971727 -0.31310224 -0.66879087 -0.48237500
-0.18700253 -0.04965476 0.41762176 0.03282476 -0.07420419 0.16940107 -0.49670335 0.65889471
-0.01005560 -0.43204019 0.33044147 -0.25147567 0.15008337 0.43969003 -0.82684663 -0.22027695
0.17131211 0.39434024 -0.30262877 -0.91032714 -0.10419372 0.25291185 0.03173572 0.79747252
0.36871171 -0.51244440 0.19404161 0.83629699 -0.63414770 0.34358702 -0.43674876 -0.28634114
-0.52552263 0.28731900 -0.25343687 -0.31721412 -0.00122261 0.90228525 -0.35085930 -0.63589623
-0.17843692 0.63411268 0.02759985 0.69749998 0.94696540 0.18600681 0.04324048 0.37727942
-0.17041476 -0.49198324 0.72042406 -0.38188364 -0.35662098 -0.26153793 -0.36187851 0.23350973
-0.50554844 0.24891251 -0.88428481 -0.70475964 -1.10729763 0.00984230 0.10879534 0.26132098
0.32935756 -0.54900218 0.74716778 -0.18390963 0.06288597 0.43072516 0.37213978 -0.57693101
-0.25874538 -0.24284667 0.98396169 0.71567952 0.06911929 -0.49157443 0.40249511 0.35725230
0.84296503 0.43884297 0.20217793 -0.00633570 -0.44646771 -0.60252898 -0.65464777 -0.18995235
0.01716272 0.25702132 -0.21917202 -0.24235899 0.13305808 -0.66283141 -0.17016913 0.35303924
-0.71977524 -0.03378687 -0.19278726 0.51240893 0.35330266 -0.35173639 0.15118504 0.16074873
-0.55932499 -0.10754271 -0.05230883 0.38574521 0.83865113 -0.89556194 0.88377404 -0.33973168
0.24736971 -0.10714178 0.72826604 -0.14659010 -0.16047647 -0.13191592 0.22368504 -0.33795739
0.42960498 -0.42086102 0.08272136 0.50578957 0.21395951 -0.42665338 -0.23586083 -0.46045462
0.30953563 0.19347718 0.23385214 -0.87073470 0.35095992 -0.15157551 0.43549408 0.03947503
0.42348865 0.46507028 -0.24518837 0.11890564 -0.04613104 -0.70394758 1.01378053 0.34036147
1.09338407 0.03152476 -1.03062006 -0.45426346 0.27558936 0.19091229 -0.46857182 -0.74602973
0.96497869 0.16700482 0.57727335 -0.27629001 0.03243959 0.80346292 -0.22161063 0.17899622
-1.05379886 -0.18154352 1.24350911 -0.51919546 -0.69629867 -0.11580634 -0.73026300 -0.40330230
-0.17425485 0.01012641 0.10171888 0.35483031 0.04560856 -0.74024387 0.08291814 -0.03457713
0.36178281 0.12392576 -0.20266717 0.33517614 -0.55355224 -0.07401306 0.34064756 0.02178579
-0.74605473 -0.60916767 0.90236557 1.01723289 0.31876066 -0.61343441 -0.24522202 0.07010089
0.66628619 0.02620335 -0.10177811 -0.20768949 0.18135789 -0.08923880 -0.19552369 0.50892858
-0.13914929 -0.60523834 0.02885026 -0.44141484 0.17540286 -0.62962723 0.30342923 -0.45782145
0.20913966 0.45931497 -0.41771320 0.47173278 0.61795769 0.44746857 0.00812057 0.25762749
0.22117093 0.59242176 -0.53734469 0.60533330 0.22068452 -0.09887453 -0.72747605 -0.25318572
-0.36485135 0.28553918 -0.15728136 0.69689005 -0.65176013 -0.06147705 0.32090263 0.00230475
0.08186794 -0.90524215 0.10533586 0.04003137 -0.11380555 0.40568246 -0.25572887 -1.00777440
0.24628975 0.27203412 0.14421614 0.09112669 0.79358969 0.22487937 0.37286448 0.07233089
-0.39292962 -0.00265454 0.16316440 0.20169226 0.40873892 0.03008992 0.41094358 0.10077298
0.30259456 0.70690002 -0.62675730 -0.12324055 0.25112495 -0.26852696 -0.22158995 0.25458637
0.10793656 0.06648289 0.30102856 -0.31346811 -1.23053715 0.08139739 -0.33371740 0.16302134
-0.11393624 1.01791564 0.34564535 -0.03877806 0.36244317 -0.42894394 0.22252753 -1.47947910
0.42218535 0.59623583 0.39097243 0.69022433 -0.18760833 -0.26692514 -0.08142846 -0.38948920
0.05401423 0.42002871 -0.04157845 0.09913235 -0.62647591 -0.28526979 -0.08344082 0.36784382
-0.12568014 0.47132376 -0.89030073 0.27602974 -0.81670807 0.56821315 1.23733263 -0.71969105
1.02043212 0.50561949 0.26216524 -0.41282097 -0.14957525 0.58224063 -0.13867433 0.31855411
0.69067120 0.72073967 0.87775105 -0.06948524 0.67230613 -0.53559179 -0.51694043 -0.63677498
-0.75334348 -0.09792188 0.43223421 -0.07643914 0.38201673 0.35591185 0.38908610 0.55621270
-0.03482310 0.79395994 -0.24138220 0.08486977 -0.26675777 -0.64588172 0.17918802 0.04646545
0.66855268 -0.21620353 -0.54160554 -0.67817725 -0.21170455 -0.44443961 -1.13988828 0.11720706
1.04583859 -0.22864912 0.02793436 0.02948184 0.14887504 0.58703968 -0.42340972 0.28704812
0.25808863 -0.64305733 0.07487178 -0.03491082 0.29059667 -0.24260979 -0.05940287 -0.16397156
-0.43871941 0.61818097 0.20759142 -0.21708674 0.37591740 0.29156907 -0.38019089 -0.46223737
-0.49379215 -0.16097403 -0.23116100 0.64402748 -0.30352460 -0.11769260 -0.22336302 0.80367141
-0.72762743 -0.05375874 -0.10351644 0.53658743 0.70335414 0.44727924 0.55264998 0.14134210
0.63380573 0.37081683 -0.19292965 0.32549845 0.04419105 -0.54250834 -0.70229373 -0.42524490
0.11908609 0.57574012 -0.31540328 0.74057969 0.27974829 -0.36830059 -0.19645122 -0.75912500
-0.14920871 0.68905820 -0.53922700 -0.55493184 0.10094712 -0.17572919 0.44774824 -0.10018876
-0.41607263 -0.59880220 -0.52858454 0.55925097 -0.46255627 -0.79042237 -0.55234555 -0.28490320
0.48560613 0.93159335 -0.21099955 -0.38337382 -0.14555794 -0.63750403 -1.01224705 -0.53395900
-0.69910781 0.70655081 1.60326854 -0.26270843 -0.93016013 0.43591205 -0.77737067 -0.55164382
0.38149140 0.09698195 -0.14367127 -0.08825206 -0.30742892 0.20240764 0.61454655 0.51257854
0.40978836 0.62859066 0.78132835 0.56080824 -0.21243535 0.55988104 0.45695297 0.34351902
-0.01446207 -0.59191920 0.72798806 0.23901674 -0.06450920 0.52938168 0.08018640 0.10658423
0.55095516 -0.61510702 0.22184545 0.35746802 -0.50689682 -0.48995099 0.21889196 -0.02180775
-1.04162872 1.13313669 -0.01881564 -0.39266034 -0.11157966 -0.46383222 0.17704910 0.39352196
-0.28550247 -0.26642556 0.12117527 -0.53071282 -0.14285445 -0.04384316 -0.95050093 0.46692369
0.46672713 0.36770036 -0.29014422 0.41227482 0.45228140 -0.47264604 -0.31587619 -0.49520597
-1.15527781 -0.44416116 -0.38452858 -0.28135054 0.10999409 -0.05947774 -0.05298930 -0.69175442
-0.27949587 -0.45899832 -0.33592919 -1.02685658 0.13446832 -0.85277462 -0.00808549 0.12813982
-0.10278820 0.10207376 -0.13912210 -0.13032262 0.33428060 0.81700696 0.71277407 0.30398514
1.51849053 -0.19875444 0.13402751 -0.55658943 0.36650949 0.31353826 -0.44562718 -0.15923418
-0.34980518 0.58360449 -0.41659277 0.50484959 0.08598468 0.09735494 -0.01101969 -0.04533091
0.42865501 0.01606237 0.12774709 0.22720846 0.89970660 -0.64405648 -0.13638599 -0.30462455
0.57066333 0.18128900 -0.56994648 -0.14737080 0.25409005 0.37615462 -0.06795059 -0.17879425
0.93239091 -0.02900397 -1.86844911 0.58579495 -0.45713757 0.73905576 0.80333522 -0.89050528
0.14193205 -0.13979393 0.15942035 -0.37405768 0.02999113 -0.17954496 0.29156740 0.57142454
-0.32948708 0.63704829 -0.96969558 -0.55213947 -0.58815315 -1.20115380 0.90389213 0.68031221
0.00726631 -0.21353405 0.16677370 0.87233429 0.58054764 0.06332303 0.20821737 0.30880970
0.31622214 0.26938524 -0.46363818 0.94868305 -0.44090423 -0.28174584 0.61238855 -0.51086987
-0.00335277 0.31329514 0.27995462 -0.99889688 -0.74891743 0.10627846 0.65537734 0.17732077
0.40268539 -0.02684639 0.14847295 0.16766064 0.35229117 -0.03728690 -0.87053811 0.10371596
-0.67067464 -0.08080193 -0.34459768 -0.25791840 -0.46222021 0.02676855 -0.22569835 -0.08215402
0.41430966 0.55561996 -0.30261664 0.45440812 -0.32775516 0.34686317 -1.03362727 -0.89333679
0.82541145 -0.78677844 -0.48560778 -0.45538617 -0.12094033 0.57129434 -0.17405895 0.33389426
0.21932487 -0.37522607 0.46517393 -1.19947377 0.01627694 -0.32687454 -0.07950442 0.35423063
-1.41266226 -0.31739305 -0.54123485 0.84476333 -0.51348195 -0.89501069 0.37274408 -0.67716646
0.36416090 0.85398426 -0.27505079 0.33511646 0.19500777 -0.46145055 -0.09474603 -0.51448870
-0.07361994 -0.74342060 -0.57956569 0.48684948 0.06450558 0.09287362 -0.23504337 -0.13110770
0.38556070 -0.45819205 0.33789224 0.13259057 0.40514024 0.78862731 -0.01182910 -0.45917738
-0.63640343 -0.13295945 0.28575140 -0.70781153 0.27016908 0.31967947 -0.24667626 0.46974605
-1.15483427 -0.25589586 0.42100968 0.02527022 -0.10456360 -0.08773390 1.11167522 0.27813108
-0.22943037 -0.73248415 0.59964804 0.85071392 -0.21756026 -0.98655559 1.33167859 0.01859859
0.09127414 -0.37028350 -0.38738938 0.24885823 -0.26838788 0.09090442 -0.02147591 0.10574496
0.02346097 -0.33917768 -0.09353712 0.01920558 -0.86262423 0.41432204 -0.07968423 0.26009354
0.21712904 -0.85142596 -0.10342116 0.45365576 -0.22244261 -0.51491444 -0.27100636 -0.52906764
0.27457104 0.11969425 0.23992772 -0.05475039 0.38569228 0.25291003 0.12950324 0.01297018
-0.24975757 0.25086729 -0.61217685 -0.13164501 0.60830028 -0.70181173 0.10913382 -0.79003373
0.90720572 -0.63439742 -0.41498735 0.08984427 -1.43610942 0.44518318 -0.10011922 -0.93210929
-0.91561193 -0.44519331 -0.22672428 0.65452376 -0.18281614 -0.07693090 -0.16788249 0.25901697
0.12639906 0.15513559 -0.19647534 0.58505910 0.29819164 -1.18101998 0.40618102 0.28910704
-0.90844688 -0.61514757 0.38997779 -0.30523516 0.39166781 1.29158487 -0.91042126 -0.98622877
0.12928489 0.20314425 -1.50177434 -0.35789866 -0.79846181 0.81639481 0.45345894 -0.25799332
-0.04341007 0.15323414 0.97811285 -0.00177776 0.01685201 0.45578265 0.12429420 0.72174959
-0.26038443 0.11121224 0.16340791 -0.92940627 0.00328564 0.59225712 0.84227197 0.51134635
0.17197605 -0.50315217 0.50020168 -0.04717501 -1.49899695 -0.89370670 0.26731418 -0.16195170
-0.30596495 -1.04730473 -0.18730721 0.32471408 0.67796789 -0.21155980 0.17121684 1.15937605
0.48073830 0.79509155 -0.27659976 -0.20960328 -0.29712247 -0.58196069 0.25146907 -0.85990893
0.23263824 0.11134119 0.05269533 -1.20625637 0.53339128 -0.25350047 0.06955793 -0.45064702
0.45858681 0.00176979 -0.44464498 0.87225741 -0.44401782 -0.13013954 -0.15617371 -0.24288905
0.59297678 0.18779764 -0.51153447 -0.23711646 -0.15850313 0.57989977 0.12777150 0.50531938
-0.14692812 0.00503114 0.50194215 0.41718844 -0.23289116 0.84489162 -0.29593570 0.74429030
-0.23011240 -0.41811310 0.97935798 0.47847634 0.15344925 -0.47475893 -0.22661437 0.20605604
-0.11919313 0.53189394 0.12279530 -0.35600844 -0.34828319 0.32526706 -0.81332806 -0.85867223
0.49217179 -0.45232553 0.23722447 0.12877968 -0.93418807 -0.58275687 0.13285211 -0.88680841
-0.72200607 0.26141475 0.72006028 -0.21983361 -0.31707940 -0.65447444 0.23093491 0.50074054
-0.06951656 0.10527831 -0.12660881 -0.81088244 0.05406075 0.13863326 0.07316616 -1.22777731
0.42616738 -1.10764077 -0.04335128 -0.25219485 -0.06814691 0.71736407 -0.73252990 0.75187561
-0.60336946 -0.10134661 -0.98344094 0.77314795 0.70626786 0.09460899 0.00529376 -0.62422113
0.00349855 -0.53649919 -0.11686494 0.19009710 -0.38636622 -0.31162456 -0.21131586 -0.03486442
-0.13770093 0.41963195 -0.00156264 -0.56746661 0.67274654 -0.87451498 1.00039404 -0.26211251
0.38069528 -0.33686091 -0.05992547 -0.26237322 0.47836194 -0.11218927 0.34778966 0.32319190
-0.23495851 0.62906197 0.34104677 -1.14197173 0.35185388 0.50907926 -0.35221910 -0.05624282
0.62239017 0.71372348 -0.93916481 -0.45630203 -0.13103657 -1.14047411 0.65424528 0.28269844
-0.24941430 -0.47700904 0.10522725 -1.07742734 -0.29206417 -0.50621905 -0.14307523 0.17714660
-0.32285119 -0.07301044 -1.14146474 -0.46465307 0.13603799 0.50542021 0.03795597 0.02518509
0.29431614 0.32193348 -0.40793773 -0.01478525 0.09311312 0.13108824 0.95236284 0.46850785
-0.65181093 -0.29814621 0.38317307 0.13601929 -0.87576593 0.70060752 -0.06521903 -1.18076482
-0.11731528 -0.92184986 -0.15626502 -0.03525040 -0.47977947 -1.06807378 0.45407881 0.47305091
-0.76709837 -0.68316121 -1.37784553 0.07385609 0.26804273 0.46472659 -0.20383925 -0.04586157
-0.60123639 0.32445903 0.47622867 0.36463061 0.35198264 0.25180175 0.80011018 -0.15675156
-1.00148540 0.76621019 -0.33632203 -0.40986981 -0.12646147 -0.36101487 -0.34337151 0.14506976
-0.74597071 -0.04011992 -0.47950946 0.04010723 0.54953354 -0.44723430 -0.47874062 -0.55932512
-1.25531489 -0.79646257 -0.29402221 -0.19421658 -0.63565823 0.23038486 -1.09617736 0.39796239
0.67907489 -0.23495947 -0.43893824 0.17500742 0.02586036 0.58811666 0.33027487 1.31804764
0.22052949 0.41301048 0.45127292 0.70470978 0.53387472 -0.07034987 -0.50397156 0.43191033
0.18409340 -0.40541245 -0.88629531 -0.14735478 -0.12108869 0.43557396 0.06667147 -0.12831846
-1.21835594 0.32121160 -0.30104958 -0.04155514 -0.11402555 -0.13509146 -0.01592910 0.06326789
-0.32108334 -0.67941905 -0.27599255 -0.53959950 0.66839678 -0.05015384 0.36879148 0.79739122
-0.75790244 0.10986742 -0.30926874 -0.11249901 0.56481762 -0.35898230 0.29369919 0.40002833
-0.87444599 -0.05975009 -0.22211153 -0.55815428 -1.16046850 -0.25372424 -0.21795379 0.30152009
-0.37092070 -0.38495783 0.66837931 0.68186537 0.90533260 0.44950294 0.19222351 0.24842951
-0.29101818 -0.31858629 -0.15392187 0.26318318 0.01338806 -0.76101600 -0.07986438 -0.22957574
-0.16850709 0.41677955 0.41318091 -0.13469650 0.75444281 -0.18098210 0.00237297 0.14613411
0.06338497 -0.67272733 1.01559050 -0.16330423 0.30927650 -0.60269382 0.59126625 0.32901883
-0.30385390 0.33543555 0.05380576 0.78175958 0.73588258 0.25144710 -0.67645146 -0.08385610
-0.58600656 -0.08454023 1.07959901 -1.06294196 -0.09507519 0.14694356 -0.13258254 0.42781540
-0.69391710 0.16579539 0.19203273 -0.16098870 -0.18201489 -0.43847988 0.32085263 0.39473171
0.00480389 0.23942317 -0.30885272 -0.11297278 0.40032648 -0.38610968 -0.34729817 -0.17225161
0.02092461 0.69886305 0.22370748 0.19002444 -0.90600610 -0.10768816 -1.05385205 -0.29421126
-0.32062738 -0.55691782 0.07226818 0.50241231 -0.48896480 0.14481959 0.84439432 0.35695899
0.21579145 0.21017938 0.04021276 -0.29281666 -0.46770221 0.49635744 0.40530848 -0.18336082
-0.36159033 -0.60500051 -0.83360788 -0.20156849 -0.32516872 -0.00191271 0.29341804 -0.94028920
0.31976817 0.02278672 0.16738804 0.18303421 0.44072689 -0.35607928 0.01086869 0.54916676
-0.76236116 -0.16568570 -0.23002967 0.72197398 0.16012387 -0.79299582 0.24639052 0.12832249
-0.04225384 -0.16461241 -0.20494845 0.13445236 0.27254293 0.53755537 0.37475430 -0.80626128
0.42660789 0.16024514 -0.09654330 0.69117356 -0.89209405 -0.65177857 0.95475437 -0.75306220
-0.31028615 -0.06308403 0.40567669 0.08606976 -1.05693587 0.63815152 0.03176448 0.96884436
0.69268305 -0.11133148 0.47107465 0.10773684 0.15294345 -0.00075753 -0.08784506 -0.35906073
0.57649833 -0.20174265 -0.68088100 0.41656857 0.52713021 -0.68939627 0.14444900 -0.14993228
-1.25514081 -0.18546082 0.80390979 1.41413305 -0.52016852 -0.24769038 -0.25428339 -0.21401430
0.44033737 0.51290755 -0.27846189 0.71185347 -0.04539848 -1.00444505 -0.46818971 -0.21499441
0.19592878 -0.14511746 -0.23280718 -0.14134436 0.37105134 0.25045266 0.48654119 -0.32831566
0.24773644 0.45659158 0.30133319 -0.18268887 0.40091136 0.68404762 0.58453384 0.17431398
0.01135217 -0.28529430 -0.22720155 -1.21869834 -0.67086169 -0.94505277 0.27503454 0.35260388
-0.32288064 -0.79347684 -0.26071683 -0.53240579 1.39969554 -0.34326463 -0.43177620 -0.65431086
0.26363850 0.27241506 -0.64294412 1.07483103 0.06021724 0.19608584 -0.23585342 -0.40997576
-0.13399727 1.05917063 -0.14087168 0.05501153 0.08964899 -0.09191865 -0.32577203 -0.25274959
