-0.48379925 0.59514446 0.21999583 -0.44402076 0.19791672 0.25314049 0.02551856 -0.37173798
0.02105037 -0.45906024 0.11283087 -0.71028239 -0.15733327 -0.62264116 -0.16086442 0.44960558
0.13347373 0.15049974 0.52259469 0.47831812 -0.12346613 -0.48208603 -0.16145525 0.09885893
0.59058186 0.57462953 0.25602408 -0.46500241 0.51614011 -0.02021255 -0.13871119 -0.38476895
1.00211991 -0.62875316 0.42936929 0.35065593 -0.68768488 -0.13246188 -0.27554807 0.42350214
0.71009900 -1.20248497 0.11443225 0.15472333 -0.42022983 -0.40090588 0.04527101 0.15720621
-0.25770324 -0.21276662 1.26861165 -0.74712387 -0.53733872 0.51315236 0.21017054 0.48175441
-0.42456950 1.00028041 0.60593837 -0.94194958 0.22972346 -0.88812027 0.84112702 0.56511851
-0.00110491 -0.24773702 -0.20069900 0.16972256 0.21541372 0.06803463 0.18352666 -0.32642810
0.26930507 -0.90273839 -0.10424210 0.42003927 0.66318818 -0.44774584 -1.04878362 -0.13133266
-0.32898214 -0.01074424 0.44750284 -1.38084794 0.13305729 -0.65664590 -0.79714568 0.18996692
0.23395382 -0.03315537 -0.01307446 0.74090006 0.51450604 -0.64440961 0.50941051 -0.40995375
0.25242759 -0.33503919 -0.13437950 -0.10714729 0.05077876 0.21936595 0.32910477 0.22757523
0.81106234 0.14702853 0.41579248 0.32924423 0.77588229 0.07293035 -0.29667131 -0.34480959
-0.77503495 0.68301632 -1.18070505 -0.13830832 -0.28355022 -0.02028644 0.51478513 0.50439159
0.09940635 0.32877239 -0.02997408 -0.13410023 0.58786749 -0.19593195 0.16096777 -0.16725797
0.41964202 0.35999249 -0.40538087 0.19951342 -0.13181069 0.66684089 0.02722547 -0.55784856
-0.58131078 -0.72726015 -0.01874972 0.90074883 -0.29721109 0.51299740 -0.17076194 -0.70210909
0.33853350 0.24671678 0.30384379 0.46552503 0.04154366 -0.53660853 0.36900098 0.07817374
0.13654530 0.56974900 0.62688254 0.31180117 -1.59975995 -1.00999054 0.16399166 0.26140861
0.50991936 0.14277243 -0.24162334 0.08988829 0.51159134 0.06157719 0.48237842 -0.16052378
0.41728936 -0.43488544 -0.26265391 0.37390916 0.34147068 -0.35759900 -0.51559137 -0.15460400
-0.98681054 -0.00821275 -0.58790849 0.15003669 -1.00368410 -0.84809963 0.32172251 -0.67829193
0.49517760 -0.21913383 0.62276568 0.56392568 -0.30295422 -0.19611039 -0.17553546 -0.60334928
-0.04807754 0.13768262 0.04286068 0.11416885 0.60404899 -0.09000207 -0.13282717 0.13943024
0.26903594 0.00776526 -0.24370681 0.03251113 -0.42611328 -0.99602051 0.01895901 -0.11432328
0.05524687 -0.41875267 0.50520710 -0.30622107 -0.44603658 -0.01546608 0.19487343 0.49690249
-0.82907705 0.41230699 -0.04155744 0.08115726 0.79714432 -0.41561769 0.50327547 -0.34673792
0.02760489 -0.40053345 0.57646344 -0.12297038 -0.87641812 0.73503863 0.11052744 -0.58632373
0.15746558 0.31769612 -0.70725057 -0.82453111 -0.03317049 -0.67461306 0.87347336 -0.06318839
-0.64251536 -0.67842908 -1.09080368 0.10269861 -0.70687835 0.35722443 -0.51907222 -0.46467297
-0.05290018 -0.66936375 0.34169641 0.01164724 -0.72225642 0.10040577 -0.11557540 -0.51286442
0.59563690 0.38356400 -0.12948924 -0.35044030 0.56951291 -0.28909756 -0.19504119 0.06142579
0.20822360 -0.10937960 0.16622416 -0.70259920 -0.00708200 -0.27883107 -0.22984820 -0.17174143
-0.64269413 0.54294107 0.41312954 -0.34605892 -0.68439193 -0.71613299 0.47232063 0.20668154
0.00501561 0.15147308 0.42534265 0.38255189 0.24491235 -0.69736430 0.13057185 0.39574502
0.42804257 -0.26407626 0.53608182 -0.02420262 0.02472476 0.09958458 0.02683975 -0.18807954
-0.77967137 -0.57143934 0.09772577 0.01353617 0.36521669 0.50158184 0.15504037 0.44141671
0.16975734 1.08856168 -1.10932283 -0.78202606 -0.09069115 0.38514216 -0.01338671 1.20317685
-0.90578550 0.07654583 -0.21544898 0.88658015 -0.10323878 -0.26705615 -0.49476022 -0.51611566
0.01173511 -0.13392728 -1.13709431 0.19998418 0.22711388 0.32989169 0.35219298 0.18371938
-0.05592963 0.73059221 0.09031263 -0.67589918 -0.09241132 -0.50870407 0.43456583 1.01541982
0.14805692 -0.54139176 0.09290644 0.43418409 -0.36896270 -0.23170676 -0.36301555 -0.17451971
0.57831839 -0.73342996 -0.16297254 -0.29435335 -0.19005329 -0.66142295 -0.59626642 -0.97853908
0.39647619 0.64112172 0.57641181 1.32346454 1.19076838 -0.18439336 -0.23353429 0.67874239
-0.50586742 0.05160604 0.69665729 0.58233905 -1.60208456 0.03963962 -0.81511563 -0.33564458
-0.04985961 -0.24834411 0.19613400 -0.80437716 -0.64337082 -1.14154478 -0.28124785 0.47837914
0.25452938 -0.04846301 1.15241385 0.29429960 -0.12495004 -0.13225428 0.26960747 0.01536063
0.02001021 0.17258771 0.32108377 -0.20691982 -0.30300949 -1.54876977 0.90839218 0.20671920
-0.38198351 0.92366068 0.43881225 0.37560060 -0.24963267 -0.59248352 0.37193758 -0.16088587
0.40022400 -0.10742022 -0.10795886 0.18077427 0.10353624 0.01995141 -0.31513875 0.46844446
-0.17821477 -0.20418206 0.00530263 -0.00970002 -0.62792288 -0.61437799 0.42725539 1.36268939
0.08855906 1.12668684 0.27132416 0.38318998 0.11036146 -0.01729359 -0.02983797 0.04338462
0.16204982 1.60627158 0.75173110 -0.62899386 0.98155435 0.02088458 -0.56249363 -0.07444315
-0.87525999 0.65820468 -0.49655708 0.91030365 -0.59581661 -0.43278678 0.36365519 0.96352000
0.96841368 0.38305952 -0.16724154 -0.61597844 0.34964038 -0.86999878 -0.13382491 -0.38844992
0.21072311 -0.28334068 -0.23180419 -0.07997355 0.13001988 0.18412149 -0.60215847 0.79840089
-0.67977796 0.12951370 -0.82206173 -0.24876990 0.63003391 0.41008007 -0.59947542 -0.25320756
-0.86465117 0.33992969 0.81552423 0.17166260 0.15698951 -0.74877933 -0.01022710 0.01389053
0.90601016 -0.05435224 1.09074547 0.18619522 -0.06260265 -0.17496320 0.24266582 0.65667989
-0.86889284 -1.25554274 0.34028246 -0.42282097 0.00036239 0.49748654 0.59360151 0.30463367
0.22587497 0.99638542 0.71642738 -0.12850751 0.01313274 -1.03795244 -0.68267826 -0.07386377
0.38794402 0.08960175 0.06135008 0.17757549 -0.25636609 -0.22646497 0.96654587 -0.29459522
0.00841533 0.24244061 0.71677830 0.94639358 -0.59590415 -0.17860598 -0.46514901 0.29283726
0.29472558 -0.41626939 -0.39366385 0.87424575 0.48202665 -0.16171151 0.01774070 0.13896182
0.03939416 -0.08501813 0.52791750 0.22276193 0.43364995 -0.86559536 0.93438892 -0.61849371
-0.53990362 0.17912484 -1.00671676 -0.22954647 -0.05120640 -0.95817300 0.18852446 -0.24450154
-0.21759488 1.59940865 -0.59740376 -0.49340615 0.04276354 0.19067248 -0.82651972 0.19947918
-0.22468034 0.93495685 0.09501170 -0.29990039 -0.00272906 0.20884527 0.42761613 1.15744600
0.28828106 -0.15284557 -0.14836402 -0.57015985 -0.00014315 0.00359934 -1.10481083 0.89390544
0.54703709 -0.47449065 0.46205581 -0.48685791 -0.12659060 0.25526734 0.09501438 -0.49282206
-0.12933349 1.06640334 0.97973924 -0.28278721 -0.60797212 0.27728201 -0.24372600 -0.24083618
0.22841338 -0.38219348 -0.47552853 -0.31777722 -0.39525906 0.20183673 0.44737890 0.10707160
0.41783248 0.38229800 -0.10819441 0.28078831 0.18269325 0.75044979 0.13936920 -0.58212397
0.20223290 0.88582409 0.91063933 1.11947764 -0.26952606 -0.02340232 -0.90758324 -0.44738863
-0.08817793 -0.07683314 -0.01705696 0.09322816 0.82297093 0.53574610 0.12317446 -0.41625768
0.02425048 0.27483042 0.18776292 -0.73425137 -0.00503483 0.45874739 0.98864891 -0.00088585
-0.96805939 0.34361334 0.47340814 -0.61915385 0.79810780 0.64454562 0.15485907 0.39494205
0.08310001 -0.80031633 0.38176795 -0.04196449 0.27276686 -0.54850939 -0.53674722 -0.40577765
-0.28057405 0.05742674 -0.29432255 0.42132174 -0.91096719 0.12902012 0.43303929 -0.07447707
-0.58553366 -0.08119219 -0.48212337 -0.24528768 -0.47116866 -0.35902008 0.65942610 -0.09986913
0.44814132 0.04783308 0.12368338 0.42480700 -0.16140608 0.60304858 -1.07994224 -0.30308653
-0.76236762 -0.84273218 0.01907107 0.12033573 1.52024198 -0.48275992 -0.27468550 -0.81816335
0.21234923 0.37800873 0.58506588 -0.54565451 -0.58757293 -0.13177168 0.48066886 -0.14124531
-0.02298843 -0.25233950 -1.06588963 0.47939684 -1.28633691 -0.64836226 -0.27778144 -0.37807072
0.16128486 -1.09041381 -0.70366888 -0.34587862 0.55935403 0.02551558 0.17060623 0.01198104
-0.29411461 -0.63166371 0.32242067 0.29167753 -0.03994197 0.15104579 -0.41472736 0.41260793
0.10660971 -0.46574471 -0.83149539 0.90848129 0.24018763 -0.46322511 -0.69841630 0.65580590
0.67970952 0.06710495 0.14934480 0.19730879 -0.09934521 -0.02511910 0.09189692 -0.63028690
0.21990449 0.40666621 -0.04041889 0.30610559 0.74420288 0.32136636 0.45426777 0.31971244
0.40373874 -0.43360152 -0.16722930 0.08579850 -0.03228958 0.65120938 0.10046671 0.26180130
-0.00362201 0.41313368 -0.50936875 -0.70531368 -0.21625285 -0.34306174 -0.35331558 -0.24796237
-0.15821892 -0.77781202 -0.29230433 -0.06369364 -0.29324091 -0.36670873 -0.74324496 0.30567935
0.67410142 -0.37466243 -0.07937539 0.43910133 -0.24331510 0.94368856 -0.61517072 0.27588616
-0.40239787 0.69284104 -1.20966426 0.54215054 0.15305207 -0.24608250 -0.26273127 -0.64315086
0.67477990 -0.29670938 -0.37678118 -0.16791680 -0.29198234 0.54900020 1.14682551 0.61851101
0.76765328 -0.05352482 0.56860169 -0.27212061 -0.00928547 -0.48032376 0.28833450 0.23225846
0.96204665 -0.53623647 -0.36797561 -0.42650709 0.03798075 0.80223460 -0.92911697 0.27903031
-0.37158034 0.38288735 -0.60778457 1.08533064 0.54399672 0.98462711 -0.37204662 -0.72033645
0.03759906 0.72879771 0.22117626 0.06515103 0.81355461 0.77649189 0.38588155 -0.36527996
-0.00206838 0.42541516 0.51863604 0.20053801 -0.33412244 1.27778102 0.32275944 0.45860507
-0.57891852 -0.89432243 -0.73476795 -0.04104039 -0.32913880 -0.56083717 -0.88449051 -0.19040190
-0.32871776 0.71869124 -0.20112360 -1.01093341 0.13206710 0.85856824 -0.31270745 -1.77549000
-0.47700906 0.36031327 -0.20638903 -0.69086306 -0.06017777 -0.01627089 -0.30239552 -0.46058523
0.85567309 -0.32200723 0.64012857 -0.82253434 -0.74262553 -0.25748506 -0.84868565 0.13889223
-0.48228792 -0.44818749 -0.10255111 0.48330252 0.04439773 0.26740527 0.12324665 0.33286433
-0.09094311 0.23862318 0.34354042 0.15719340 0.18679371 -0.85570102 -0.16171971 -0.26391384
0.10526965 0.39767012 0.67691742 -0.18808356 0.24751130 0.56867729 0.33585679 0.30873305
0.08680207 -0.51657894 -0.99305846 0.96474924 -0.96329363 0.55085770 -0.40309257 0.03257284
0.55194007 -0.54253909 0.47540361 0.01925716 0.30522959 -0.06530199 0.25242725 0.34920077
-0.91784531 -0.46030426 0.06000462 0.35475992 -0.31363424 -0.89313912 0.32683039 -0.12531382
-0.36995816 -0.09316130 0.34067842 -0.81143316 -0.23828772 -0.70996166 -0.50516774 -0.04117433
-0.01397533 -0.87463932 0.33060596 -0.27141977 0.27268231 -0.98547587 -0.68206989 0.67548007
-0.09815015 -0.11980848 -1.01702776 -0.42980960 -0.22706562 -0.80847865 0.43241812 0.94977596
1.05256716 0.34058433 0.21770844 0.26754637 -0.74797635 -0.75517364 -0.22846764 0.11404691
-0.19128058 0.14254347 0.41077267 -0.29362133 0.17312162 0.53639506 0.25750109 -0.12017229
1.23351163 0.73265085 -0.09071325 0.74081899 -0.23744456 0.05205312 1.05229340 -0.99419477
0.35718673 -0.27533986 0.22509698 -0.10217996 0.83009873 -0.21273946 -0.03093748 0.09933915
0.06385676 0.04132318 0.51933075 0.14414388 0.01160416 0.70239210 0.68383248 0.30498028
0.52345829 -0.32127465 0.26352164 -0.01154809 -0.74823148 0.43679714 0.47237332 0.52100863
-0.09841094 0.39048978 -0.05336415 -0.25022363 0.65511288 -0.18096707 -0.22702650 0.03314927
1.23168178 0.31669755 -0.17178592 -0.78921712 -0.22016677 -0.12816188 -0.80433626 -0.85232046
-0.02400677 0.87121253 0.39769541 0.30279805 0.14601929 0.39475070 0.30068077 0.25872215
-0.18359513 -0.81150833 -0.06400627 0.44540595 -0.51060784 0.37557000 -0.01530296 0.21311303
-0.21510795 0.85135395 -0.21616437 -0.22136069 0.39397390 -0.63633360 -0.59309863 -0.70476928
0.27493657 -0.47693718 0.13317149 0.10305484 -0.46304749 -0.27466693 0.19304769 -0.01432303
-0.34649146 0.44551354 0.40691823 0.03371573 0.01845670 -0.75168319 0.46166140 -0.89560118
0.74255891 -0.41506617 0.17148792 -0.26362547 -0.80534332 -0.53543089 -0.17634780 0.76612075
-0.24208030 0.67093452 0.26389812 1.11604442 0.28947538 0.30410442 0.21124136 -0.18549019
-0.61869458 0.26795296 0.07144313 0.01826759 0.13362686 0.17383839 0.56854346 -0.34502135
-0.17796894 0.40416458 0.24408536 0.34437872 0.28289307 0.33603613 0.37555241 0.06453260
0.41567207 -0.38463046 -0.12737147 0.46044037 -1.06627738 -0.31279381 -0.62676245 -0.28336799
0.29263080 0.26298707 -0.79125626 -0.57703699 -0.13493733 0.13761746 -0.01650691 0.05408125
0.00534784 -0.39178144 0.94334288 -0.08523566 -0.22697269 -0.53316562 0.76202473 -0.41766133
-0.10754955 0.16706140 -0.14561348 0.31119308 -0.28679972 0.30244101 0.70104997 -0.56002395
0.95898122 0.30509150 -0.28543672 -0.96819389 -0.80249180 0.08463654 -0.52845851 -0.84701319
0.18347500 -0.35486055 0.51814373 -0.06147544 0.90716939 -0.24229396 0.02794831 0.33338655
-0.41278003 0.07316052 -0.46409331 0.35536214 0.31960636 -0.18180741 -0.06809680 0.24044868
0.76881775 -0.10156755 0.14157003 -0.14127299 0.36120925 -0.42342915 -0.12697324 0.56465094
-0.11183611 -0.41421263 -0.14012344 0.30127097 -0.64174199 -0.65689922 0.10150884 -0.29564177
0.30934492 -0.42267815 0.41788814 -0.13844404 0.51735541 0.72304500 0.80367554 0.26256011
0.03348374 -0.91720385 -0.49610929 0.96924553 0.19591230 -0.21351132 0.24162579 -0.31185208
0.42188691 -0.20192094 -0.51514298 0.60113313 0.40075026 0.56473727 -0.41408017 -0.12731201
1.29512461 -0.85485374 0.17549851 0.53755808 0.86814860 0.25204279 -0.77803139 0.19515033
0.93445167 0.18042408 -0.54816359 -0.12715994 0.87319077 -0.93547095 0.62414684 0.38652260
0.19869766 0.48150248 -0.26748900 0.00038062 -0.31933859 0.86300462 0.11200395 0.19327402
0.94607981 0.49989964 0.12444990 0.42628344 0.31807608 0.48693025 0.01255546 -0.58501363
-0.67307075 -0.07114275 0.28693839 -0.27583048 -0.39499277 0.45651603 -0.01243609 -0.59228453
-0.65202597 0.53159541 0.02513457 -1.02301106 -0.43170982 -0.40146615 -0.77791065 -0.78807924
-0.56213729 0.61886322 0.16953190 -0.03258784 -0.18439501 0.32033376 -0.95621277 -0.15479434
0.19931762 -0.01641212 0.02362956 0.38550302 0.09828342 -0.36374194 0.46387011 -0.32450674
-0.25846918 -0.35736283 -0.36736081 0.23113941 -0.20635501 0.19845580 -0.04240638 1.07480312
0.85677179 -0.18717748 -0.59844990 0.59833067 -0.23870499 -0.25471791 -0.76773731 0.08351081
0.99999580 -0.27597845 -0.24186846 0.10174243 0.03616324 0.14601313 0.06877482 -0.08031382
-0.39256812 0.30943838 0.40071087 -0.23686353 0.97845885 1.03667695 0.24521506 0.38165424
0.65237127 1.05370858 -0.30440395 0.30406703 0.88919574 0.09172307 0.99564303 -0.18952082
-0.05439428 0.61666954 -0.60728631 0.85763808 0.72839214 -0.58808935 0.03101467 -0.20059861
1.15025538 -0.82531996 0.16286998 0.17953634 0.04903427 -0.12071403 -0.56151091 0.08581873
-0.54934485 -0.20228372 -0.23212354 -0.02709704 -0.44488467 -0.23867239 -0.36946853 0.41067573
-0.55246118 -0.85152174 0.03363133 0.49045642 0.88183777 -0.08512938 0.60705448 0.09110327
0.66671890 -0.41227856 0.27382487 0.17577031 -0.16265710 0.51162365 0.99995319 -1.16326461
0.54501408 -0.43101567 -0.15210249 -0.09608829 0.48784478 0.16045639 -1.00331169 -0.52126720
-0.16631400 0.11613796 0.37578715 0.20688493 0.17130366 -0.04303121 -0.19961220 0.12715800
0.12446184 0.36923868 -0.11370766 0.46919434 -0.78661897 0.06962806 -0.37792897 -0.07014037
-0.06007420 0.39123065 0.42653136 -0.13906092 -0.69298165 0.58467608 -0.18698129 -0.12311809
0.81228080 0.00648403 -0.36380428 -0.09068028 0.69752801 0.06765224 0.33931758 -0.48511621
0.10140019 0.49240506 0.50096959 -0.50967979 -0.61051266 -0.54790113 -0.33932309 -0.85198538
0.67119624 0.01186968 0.10211499 -0.09739332 0.51635941 -0.36645741 0.59499376 0.31850698
-0.50390367 -0.16666194 0.12029823 0.62175562 -0.60469544 0.55751540 -0.26945095 -0.48650907
0.00771352 0.22474902 -0.04854180 0.10782937 -0.35719455 0.23090646 -0.09139164 0.06851477
0.62087785 0.14124837 0.28272510 0.22861661 -0.08182566 -0.35973194 0.58130284 0.48930107
-0.71145528 -0.03364831 0.96126362 -0.88425624 0.62821044 -0.37525676 0.13794361 -0.06685800
-0.72117154 0.08824783 -0.37740874 -0.13206592 0.18649825 1.35201054 -0.70082838 -0.77850075
-0.14455682 -0.49933281 0.35114006 -0.53430180 0.54574827 0.86736234 -0.33495927 -0.05563515
0.25254540 -0.14691905 0.73097292 0.04322727 -0.92807892 0.03562847 0.02360564 1.10571980
0.33602819 0.14890439 -0.18995747 -0.78374549 0.95941064 -0.46689073 -0.33743680 0.57883617
-0.31863290 -0.98886412 0.46031031 0.42208353 -0.22495895 -0.45000577 -0.10327050 0.57225807
-0.87108547 -0.65370598 0.28842701 0.55047385 0.35189618 0.12937233 -0.36752015 0.50086406
0.30051618 -0.38551358 0.20621835 -0.18298947 0.49771227 0.25392447 0.43192024 0.48445546
-0.10080528 -0.30579371 -0.71642912 0.94798134 0.26947109 -0.18428124 0.47092023 -0.22624472
-0.30024569 -0.30633163 0.38313043 -0.23835252 0.23711300 0.13140222 -0.66523622 -0.04635068
-0.51846488 0.69332254 -0.74878603 -0.34871562 0.49267888 0.28030311 0.19065345 -0.30811286
0.95066331 0.68522925 -0.30645116 -0.46193985 -0.15477751 -0.22495947 -0.07808268 0.05499485
0.50906421 -0.21531268 -0.45782764 -0.13540199 0.03304472 0.10601548 0.30731231 -1.32814231
-0.03316116 -0.09548217 0.94048030 -0.00274432 0.32629623 -0.68704398 0.74170889 0.06384315
0.51482455 0.29418861 -0.06070179 -0.08872878 -0.52729995 0.71210026 0.13992641 0.48778182
0.67823579 -1.00462171 0.55436753 -0.00428371 -0.59095011 0.51778658 -0.04847653 0.27251861
0.24914738 -0.20134765 0.30598386 -0.08105867 0.73348795 0.73149820 -0.55804921 -0.34082871
-0.23310096 -0.03217867 0.95855204 -0.16815310 0.87653865 -0.50312627 -0.50252514 -0.03910149
0.21978810 -0.25529936 -0.89708769 -0.29070537 0.45616078 -0.24953987 -0.83033746 -0.54303249
0.10320697 -0.61801106 0.79241218 -0.07471112 0.51710220 -0.34718566 -0.67307782 -0.59116833
-0.58509370 0.88685293 0.32257450 -0.51962608 0.70818345 0.36510119 -0.53483468 -0.54619892
0.80495190 0.21177199 -0.87067644 -0.34058362 -0.43961545 0.25121147 -0.59195448 0.09860376
-0.24975752 0.63926181 0.84002254 0.13854432 -0.31905356 0.03039598 -0.10636302 -0.09065628
-0.51048918 -0.52166025 0.63499265 0.40555455 -0.72432875 0.64976130 -0.23620464 -0.29733188
0.64862900 -0.65387553 -0.18422422 -0.55968105 0.01754562 -0.44008021 0.61367691 0.00574305
0.19397479 0.14400030 -0.20180549 0.17249086 -0.69849987 0.62884300 0.30840448 0.44518275
0.87994038 0.37088260 0.23203915 -0.06239049 -0.94612617 -0.36179448 -0.00596359 1.00809230
-0.93960117 0.33259653 0.51243030 -0.36145526 -0.23178246 -0.42041693 0.05822440 -0.24199564
-0.35670982 0.49075634 0.39880320 -0.89487685 0.74492429 0.38237971 -0.00142754 -0.59401523
-0.09116361 0.39344842 0.70857521 -1.10324981 0.19090877 0.24522031 0.09657473 1.20158818
-0.01715876 -0.64326739 -0.02611813 -0.87460389 -0.63118010 0.32420135 0.26910496 0.28694138
-0.90398935 -0.49531658 0.14288209 0.51294085 -0.66631521 0.61055915 0.26712699 -0.51646714
0.27737782 -0.82867526 0.06496872 0.50011731 0.76007941 -0.61659105 0.32372287 -1.08806150
1.48422178 -0.56174412 0.60749169 0.30540318 0.28998815 -0.13115734 -0.20236955 -0.36066758
0.26906955 -0.20222104 -0.11567949 -0.08978778 -0.12992622 0.61817279 -0.53422970 -0.12442392
-0.78370372 0.28079629 0.41739478 0.50430345 0.96257945 0.34946047 -0.15275911 0.48338703
0.79278277 0.13790546 0.47263925 -0.07617361 0.77126704 0.64009450 -0.05804474 0.42582912
0.82656649 0.27815370 -0.06572385 -0.64465491 -0.43930348 0.13136111 -0.24748911 -0.59674750
-1.21435590 -0.53418638 -0.11718012 -0.55677899 -0.81258024 0.02519441 -0.69876968 -0.10843507
-0.34662191 0.52864294 -0.17753484 0.13475760 0.21750224 -0.31932013 0.33918650 0.16219005
-0.00773469 0.03895166 -0.13898157 0.90915719 -0.06456297 0.42051993 1.50737007 -0.27311594
0.27953174 0.52376180 0.15243545 0.51613629 -0.44921886 0.37919041 -0.47779071 0.20792564
-0.00487690 0.04449974 -0.14970589 -0.30589622 0.06590473 0.63790546 0.19164752 -0.70796886
-0.07894513 0.25624065 -0.07422895 0.14461716 -0.58789916 -0.50519260 0.34338303 -0.18975619
-0.51801186 -0.55857940 -0.60153438 0.27365728 -0.03673406 0.06891321 0.35158991 0.04606272
0.22802740 -1.00405159 -0.08796636 -1.09937647 -0.22117446 0.08784595 -0.58889458 -0.64496747
-0.00537864 -0.00893050 0.69716321 -0.85641608 0.74770469 0.59173538 0.22430183 -0.16225450
-0.95733699 -0.43652150 0.87297607 0.56271551 0.07892765 -0.24636727 0.26459177 0.10179410
-0.49774959 -0.13459622 0.23995944 0.66243842 -0.26278370 -0.94322100 -0.06259856 0.29889713
-0.00643460 -0.09842389 -0.28770337 0.51096699 0.67745575 0.76338667 -1.34425930 0.20400975
-0.08907172 -1.10918103 -0.29889353 1.03866471 0.07640262 -0.13669163 -0.45571152 0.48694535
0.28914296 0.52935876 -0.18845483 -0.25155016 -0.25840431 -0.90790573 0.29530602 -0.83029634
0.07437679 -0.51628078 -0.49786829 -0.23884174 -0.06390784 -0.11318727 -0.23042252 -0.50116108
0.56284119 0.24334090 -0.09521280 -0.06805304 0.31040843 -0.75495703 -0.12953252 0.68676414
0.00010826 -0.37271482 0.36797263 0.55166902 0.65544356 0.01234082 0.33171695 0.43247903
-0.71378875 -0.39420895 -0.41917021 -0.22003109 -0.01900465 -0.44434551 0.52413781 -0.29717207
-0.69292698 -0.58479715 0.05298390 -0.50185493 1.14067463 0.25793223 -1.02306360 -0.38692688
-0.91418282 0.51425658 0.07500854 0.29103613 0.82204060 0.11360232 -0.20025239 0.40831512
-0.98420788 0.70114727 -0.23229758 -0.00230383 -0.01850672 0.15418805 -0.65358652 -0.03254752
-0.01460051 -0.24255709 0.46089000 1.11491514 0.22094020 -0.31483900 0.03149396 0.15115740
0.12706937 -0.56911614 -0.12150635 0.32741619 0.40302105 -0.94403414 0.36389665 0.89070128
0.13418007 0.11010972 -0.07852816 0.50992693 0.14338773 0.06230559 -0.03343412 0.44791053
-0.33911578 -0.66092902 -0.28227188 -0.10828076 0.18690225 0.25887552 0.57579612 -0.06595630
0.17787595 -0.05752399 0.32550492 0.64883597 0.89339630 0.62063492 -0.53936755 -0.16921588
0.06756331 0.24204912 -0.21446787 -0.03000825 0.96570013 -0.02588332 0.31108227 -0.36379317
-0.24722611 0.28334611 0.67938052 -0.14287991 -0.40773511 -0.02999400 -1.43538387 -1.19203423
-0.01001959 0.39148833 -0.09681129 -0.32111157 -0.41021836 -0.38636245 -0.33621727 -0.37481006
-0.29920318 0.03830584 0.26374805 -0.39892281 0.24354407 -0.68379956 0.48296864 -0.49752561
0.78219092 0.57313030 0.29211615 0.34643406 0.15640896 0.74822832 -0.34631892 0.11746974
0.02189901 0.05672648 0.33016054 -0.04892184 0.81134286 0.27427441 -0.06833636 0.21618015
-0.39263776 0.08288984 0.47302377 0.87362220 1.14539400 0.55723329 -0.10243881 -0.00082315
1.01042803 1.18332254 -0.35534479 -0.21450795 -0.11364693 -0.46726073 -0.43817670 -0.66170771
0.13994366 0.16313929 0.00122878 -0.28701091 -0.76593895 0.38939260 0.09347045 -0.75863441
-0.36755675 0.29774546 -0.28912685 0.39064431 -0.57652017 -0.25942063 0.39373863 -0.14683859
-0.71273062 -0.97792790 0.16294112 0.07789343 -0.61794947 0.42101679 0.51301808 0.62373921
-0.01145255 -0.84389168 0.53734478 0.32239794 -1.16936830 -0.13935092 -0.01291930 -0.64647944
0.38582826 0.64053222 0.56767149 -0.24543929 0.11223597 0.25085833 -1.20438522 0.27395755
0.22983748 -0.36946109 0.26044600 -0.02976346 0.22727112 -0.45189176 0.22548772 -0.60834311
0.02395569 -1.18032516 0.25957063 0.03958121 0.16492052 0.60312237 -1.08715106 0.28073929
0.04820810 -1.16742406 0.10921620 -0.02808344 -0.08671967 0.77637925 0.47774867 -0.10968165
0.38040195 1.10461153 -0.10541461 -0.26437906 0.76324329 0.09211055 -0.17400731 0.23846549
-0.61229528 0.50100920 -0.60320055 -0.15030321 -1.07749177 0.54218434 -0.39356517 -1.52246234
0.45431359 0.18499674 0.19282523 -0.41585949 -0.91035199 -0.30696098 -0.17522275 0.15651843
-0.82344206 0.08131794 0.30623673 -0.84875514 -0.50705021 -0.93892484 -0.08719515 -0.00335052
-0.41064954 0.05777822 -0.38347390 -0.25460283 -0.69185186 0.26926337 -0.00622340 0.49558590
0.71755661 -0.43114876 -0.04306714 -0.38117578 1.01350113 0.30552161 0.33018157 0.04996909
-0.54551621 -0.37657825 0.48745592 1.36451609 0.08773228 0.62703309 0.21398882 0.04957735
0.49320748 0.33905445 -0.45250660 0.46156139 -0.38932389 -0.53198885 0.38999777 0.94610041
-0.68073441 0.66623777 -0.18913889 0.10880692 0.09073527 0.47436404 0.66456834 -0.53912651
0.28236467 0.35471760 -0.48357335 0.00531838 0.45929755 0.11961492 -0.40934799 -0.70357878
0.26411478 0.57377434 0.24576153 0.88359373 0.38186281 0.11181518 0.67894982 -0.28183950
0.09581168 1.24176911 -0.44349307 -0.40602472 -0.25647068 0.10535328 0.26430072 -0.11326020
0.52695982 -0.69652099 0.24875172 -0.83447839 0.33259057 -0.77723032 -0.73118836 -0.17187810
0.00484706 -0.04323103 0.31886400 -0.67670046 -0.07585599 0.31378094 0.05923138 -0.22411814
0.57856344 0.15331788 0.54181695 -0.18602779 -1.19334387 0.27410035 -0.13465114 -0.14376509
-0.13532358 0.99537791 0.79491601 0.30416862 0.05295131 -0.36287284 -0.06516351 -0.31253251
0.42092816 0.12832274 -0.05286967 -0.15982122 -0.20713400 0.73855609 0.38548782 0.27366236
-0.54112742 0.07256565 -1.03556818 0.58925868 0.53537392 -0.06956725 -0.01858114 0.21214820
0.67915966 0.47208734 -0.29735457 -0.33611465 0.83762534 0.79088530 0.05659687 -0.62241210
0.86793938 -0.85434697 0.35818226 0.82493503 0.51979036 -0.57530923 -0.26321819 0.48818371
0.46594124 0.54570843 -0.29605711 0.85952422 -0.75477925 -0.54119658 0.16571719 -0.32326035
-0.03122079 -0.15201510 0.32336879 -0.02581770 -0.05913729 -0.48795197 0.13655078 0.29267789
0.51169984 1.21820568 0.59299549 0.02844733 0.11872815 0.10410634 0.34904374 0.36542415
-0.54733245 0.37933362 -0.40280201 -0.58018929 -1.16337384 1.05858039 0.06730522 0.26684495
-0.28053150 -0.15831090 -0.10991208 0.86003718 -1.23733048 0.03908878 0.40402650 0.58681978
-0.22224523 0.53040705 0.12504134 -0.78648802 -0.36919915 0.38738335 -0.34719329 -0.73545978
0.00732288 0.56585196 0.38892157 0.42165649 0.62869886 -0.72851364 0.16448259 -0.53345706
-0.20470794 0.49505647 -0.33104982 -0.20172969 -0.10120454 -0.16831099 0.85564704 0.15879156
0.46479939 -0.03244268 -0.42106502 0.73579413 0.19913057 -0.22950674 -0.65728588 0.08137327
-0.31034128 0.64412593 -0.05692132 0.01194802 -0.06634563 0.70753001 0.85545347 -0.31658948
-0.75419824 0.41271200 0.61695642 0.22870635 0.22958529 -0.49591438 0.14286329 -0.19643128
-0.25398949 -0.02348703 -0.37755191 0.20173774 0.05713626 0.19993437 0.79496266 -0.09782761
1.04383609 0.61324162 -0.06885678 0.49795345 0.66720964 -0.25565210 -0.35785766 -0.13140847
0.03599483 0.13315302 -0.77616107 0.65100203 -0.53343413 -0.83662979 -0.38328412 0.03373323
-0.20453468 -0.51005119 0.95328805 -0.16938832 0.06473606 -0.38285873 -0.06629916 0.24730262
0.46681217 0.42607060 -0.12441864 0.36556719 0.01163464 -0.57838587 0.20797248 0.57861444
0.27239865 -0.16399360 -0.01224608 -0.23209383 0.34082546 0.15831985 0.29337194 -0.18401401
-0.74463318 0.57728140 0.11238679 0.21088787 0.04324354 0.28258765 -0.12963759 -0.33650598
-0.07363046 -0.84408887 0.49929678 -0.05596064 0.66541503 0.58073296 0.02899867 -0.12701333
0.41546164 0.03408893 0.41500799 -0.51310205 0.93458926 0.50115294 0.66514629 -0.56768732
-0.53771303 1.00885082 0.38601677 -0.03903985 0.42787075 -0.33574039 -0.79654321 -0.41845029
-0.71946024 0.07103044 -0.11433190 0.70108128 -0.70414217 -0.02611739 -0.04006850 0.15703702
0.08347472 -0.41285099 -0.12445428 0.63473290 0.08713294 0.27367367 -0.01861663 0.04901618
-0.13860697 0.24399165 -0.20024203 0.43217130 -0.18182915 -0.33930872 -0.11641469 -0.51458286
-0.08504898 0.54456979 -0.20742816 0.28127642 -0.14381109 -0.07783295 0.01542993 -0.07286303
0.18172336 0.76800867 -0.23244231 -0.12367030 -0.33518325 0.31822824 0.15291234 0.35792553
0.51026631 -0.20754498 0.61866655 0.00064924 -0.10832033 0.24845207 0.06066384 -0.37264880
-0.75429718 0.63391165 0.42332961 -0.18010919 0.34349971 0.14366348 -0.48450010 0.32300765
-0.87259300 0.06205977 -0.07988213 0.61819374 0.01072658 1.20868023 -0.04008873 0.47877926
0.36659521 0.90369648 -1.26280574 -0.39102001 -0.25756775 -1.06482684 0.49643429 -0.06682654
0.21942243 -0.04234656 -0.32565968 -0.37096734 -0.41733216 0.07513601 0.30292916 0.22588339
-0.51853761 -1.18548965 0.05179500 0.26788270 -0.01199685 -0.23226588 0.30199674 0.29307349
1.02622998 -0.35952464 -0.25367199 -0.28838087 0.07685867 -0.72453658 0.72760352 0.29548176
1.03541696 -0.93922557 -0.40791811 -0.35246774 0.40983210 -0.17345443 -0.35414354 0.03922680
-0.26580238 0.10508290 0.26532509 -0.25059863 0.01134450 0.13784106 -0.89623336 -0.21469026
-0.85077167 -0.23971163 0.40604760 0.15230443 0.37745610 0.30007507 -0.22338595 0.42219821
0.01676865 -0.69236735 -0.15127341 -0.33325096 0.24027062 0.42803386 0.18885319 0.09601973
0.22033486 -0.33681422 0.63867432 -0.17537648 -0.02924125 -0.79230014 -0.31352136 0.16601057
0.02670626 0.03618323 0.33902813 0.80915744 0.30692160 -0.30011887 0.33164536 -1.28013611
0.51364587 0.59048830 -0.31127837 0.04584977 -0.10868513 -0.25512029 -0.50141434 -0.00908604
-0.05211598 0.01934501 -0.38417918 -0.00591978 -0.15601540 -0.20953946 -0.49155741 -0.06119604
-0.01846308 -0.72504028 0.42950311 0.27838017 -0.38037855 -0.35258334 0.02009851 0.60276831
0.26986873 -0.75287418 0.26517694 -0.36428697 0.23784084 -1.00505079 0.88158794 -0.94601945
0.43768783 -0.05754726 -0.69647234 -0.10182625 0.49426321 -0.40264687 0.87356309 0.06338925
-0.11305666 -0.13764183 -0.19737710 -0.11889274 -0.63687325 -0.46138530 -0.42760743 0.23186502
-0.32066270 -0.15003332 -0.07829169 -0.02759678 0.72101325 -0.63396723 -0.79717833 -0.17252601
-0.40904606 0.70752462 -0.71783480 0.19166863 0.35221652 -1.23378995 -0.52450413 -0.15484796
-0.29380882 1.07729659 0.30245953 -0.35594516 0.04142478 0.39623925 -0.52810113 0.38008685
0.80562590 -0.39849749 -0.13824930 0.18728187 -0.15282898 0.33771277 0.76509015 -0.00302091
0.04530244 0.66719850 -0.46237526 -0.79437161 -0.87850883 -0.06169475 -1.10312623 -1.00803356
1.06721286 0.56307096 -0.09502877 -0.27858597 0.33517184 0.30106493 -0.36868049 -0.08828117
0.21762360 0.20939322 -0.54812688 0.21727185 -0.31452125 -0.15243406 -0.25892422 0.21698563
-0.49775921 0.44681371 -0.13143514 0.61802943 -0.58550951 0.74620239 0.82348090 0.52593723
-0.18766379 -0.48747994 -0.55957107 0.30033321 0.07501893 0.33538443 0.44304061 -0.00061654
-0.35124566 0.68691333 0.34843897 -0.15082715 -0.65569772 0.11405474 0.10653752 0.27233574
-0.19375447 -0.40392942 0.19374104 0.34441732 -0.39148908 -0.20057061 0.17282121 -0.27658229
-0.78179016 -0.20725353 0.38574062 0.19201801 -0.02851613 0.17718283 0.16321775 -0.52221498
0.79617241 -0.47063992 0.14609647 -0.00665391 0.41959051 0.08471069 -0.44006017 0.31659630
-0.38056429 -0.24791714 -0.13455126 0.22053914 -0.11475559 0.87110977 0.20977474 0.20530818
-0.02055018 0.01136673 -0.42937793 0.48956175 0.68235146 -0.20287321 -0.04717786 0.55582638
-0.20129556 0.30410607 -0.01078074 0.09405815 0.00376351 -0.15447650 -0.37607537 -0.48843039
0.44957152 0.73736799 -0.06558147 -0.51394596 1.40558172 -0.22592891 0.10953534 -0.20566382
-0.21563068 0.15421081 0.20838607 0.89790276 -0.57778025 -0.83176334 0.37719466 0.32978561
-0.44695538 0.45087407 0.55026899 0.29502351 -1.02375805 -0.07769149 0.34212155 -0.51081554
-0.62234835 -0.06380668 -0.30789825 0.27827735 -0.11444016 -0.12385541 -0.11594598 -0.04647914
0.41152383 0.38841271 0.48729411 -0.73437621 -0.07910314 -0.34061631 -0.08748691 -0.13385387
-0.13352249 0.46581666 -0.19099321 -0.38774840 -0.10966665 -0.42781221 0.07353014 -1.02816501
0.52139256 -0.60800831 -0.60531725 0.43184597 0.30791305 1.30434185 0.22813249 -0.16013123
-0.17547995 0.18992501 -0.96828596 -0.65162366 -0.37481119 -0.53778292 -1.40068081 0.13939289
0.30258535 -0.00235089 -0.28171334 0.41983421 0.09186523 0.58983334 -0.62358038 0.20999503
-0.23466428 -0.87869479 0.95790247 0.62688924 -0.52822053 0.39760504 0.16406986 -0.19459779
-0.03580823 -0.63843896 0.18869746 0.28717969 -0.39205029 -0.17636433 0.89942860 0.08528592
-0.14322502 0.00718552 -0.48676761 -0.23976706 0.99550672 0.15286443 0.02282765 0.54061274
-1.18814444 -0.15242184 -0.41565722 -0.14954631 0.07243596 0.34768916 0.64966382 -0.18221761
0.33069898 0.43613533 0.62620853 0.38416503 -0.86688799 0.41384000 -0.83305144 -0.42190599
-0.06146547 0.05922089 0.59749986 0.41777908 -0.24890974 -0.36920425 -0.31537889 0.98070955
-0.26454345 0.24497219 -0.67892775 -0.53818842 0.61850551 -1.14138510 0.37945352 1.09877487
-0.42872412 0.93439156 0.19075308 -0.94044439 -0.24991065 -0.86412516 0.34907930 0.35810107
0.81015942 -0.15045420 0.02160193 -0.32166466 0.50004586 0.77548802 0.11182559 -0.03214078
-0.17975156 -1.11611389 0.87526203 -0.04226264 1.13974585 -0.64774076 -0.20637964 -0.58097847
0.52777250 -0.38136987 -0.59912386 0.13652001 -0.15687836 -0.43856814 -0.19446826 0.03764759
-0.04668378 -0.38443839 0.34491625 0.58374633 0.36179957 -0.34580403 0.55743939 -0.12520281
0.53765926 0.17544152 0.38848107 0.20252188 0.44319995 0.33128894 0.30609327 0.32597072
0.24302140 -0.25728388 -0.10859017 0.00093669 0.38201995 0.30665097 0.11528361 -0.39671377
-1.04811814 0.05674161 0.13973273 0.15309387 0.24442956 -0.05648826 0.49300787 -0.38111615
0.45910619 -0.67143821 -0.87748472 -0.13779552 -0.02338653 0.51621403 0.63003548 -0.02594913
0.54889575 0.31888027 0.68686375 -0.51216285 0.12676554 0.67313156 0.08452755 -0.43611457
0.13231729 0.02371546 -0.13934598 0.72535203 0.09010821 -0.58796036 0.78118473 0.07910814
-0.05093985 -0.19219679 0.18285176 0.47771547 0.25372369 0.32955635 -0.43590124 0.72600463
0.01214852 1.28067265 0.50427004 -0.05838359 -0.50178769 -0.74201608 0.17362291 -0.51856226
0.72943251 0.76621856 0.92590134 -0.41237186 0.12458412 -0.58336925 0.69333418 -0.76027026
-0.30567743 0.42070980 -0.22724630 0.24800693 -0.10820772 -0.98360997 0.74838057 0.20175263
0.86487419 -0.08237312 0.51605618 -0.29717936 0.44542890 0.36694554 -0.29594590 0.97970579
0.02663863 -0.36503435 0.53785957 0.35385215 -0.00643383 0.12415397 -0.04580455 -0.11457868
-0.11057868 0.82078125 0.27802992 0.69904347 0.44769186 0.12012533 -0.09389386 -0.07064284
0.73756344 -0.00816521 0.81037915 -0.45351316 -0.72399965 -0.72857736 0.11661136 -0.50618533
-0.57592703 0.09504154 0.02001170 -0.32327435 -0.35746375 -0.84004495 -0.34373823 0.67624869
-0.53289646 0.04851785 -0.28043989 -0.57586183 0.39909878 -0.61810787 1.12571349 0.03286602
0.60144580 0.14803162 0.70696651 -0.04439743 -0.17493473 -0.64032250 0.21080798 0.14058449
-0.64166880 0.00064971 -1.39207217 -0.46951404 0.15543024 0.04212251 -0.23484526 0.34593421
-0.47638156 0.52704741 -0.60539672 1.25680917 -0.77607248 -0.17225545 0.39325022 0.32037208
-0.07533007 -0.25319093 -0.07112944 -0.92832884 0.24082646 0.37334913 -0.33843055 0.38857589
-0.31796134 1.00148020 0.09534172 -0.50016165 -0.70513870 -0.57123663 0.29738181 0.11836772
-0.12218442 -0.16284055 -0.18690025 -0.84600079 0.06502545 -0.27319157 -0.47026240 0.27520563
0.14183565 -0.47056657 -0.49017422 0.24773788 -0.12921234 0.03215042 0.83800143 0.47206610
-0.03927173 0.45691058 0.15157490 0.17084186 -0.12570951 -0.79307251 -1.09889531 0.06311827
0.55695793 -0.29700922 -0.28602534 0.54265699 0.41112643 0.56195173 1.20827668 0.52720646
-1.04637297 0.43656289 0.90475019 -0.57751986 0.18377241 0.28044502 -0.27552973 1.06309166
-0.28410484 0.26352138 -0.31212893 0.11148488 -0.48306454 0.63748351 0.16913916 -0.08793698
-0.20010494 0.04970142 0.29018100 0.43624443 1.40060102 -0.25516774 0.25759571 0.36090361
0.40878544 0.08916808 -0.05205507 0.09027965 0.50763606 0.48752585 -0.34524411 -0.02465421
0.55627752 -0.25970891 -0.19031146 -0.02081574 0.32207422 -0.38377168 -0.66903460 0.36836115
-0.29648620 0.33330732 0.46367075 -0.50610095 0.05438035 0.12845072 -0.43366704 -0.64968108
1.57473849 -0.20849789 -0.57731471 -0.77003576 0.39856595 0.64673424 0.13574792 0.64718668
-0.39934409 1.27113288 0.09318624 -0.16288852 0.11359970 -0.05815987 0.78741726 -0.11982843
-0.51828105 -0.33593113 -0.21620192 0.26664316 0.79911273 0.03906025 -0.69037984 0.68127123
0.86368379 0.10340566 0.23492747 -0.87322981 0.83524481 0.03046763 0.28485252 -0.18795905
-0.22995750 -0.34116787 0.02758277 0.14761436 -0.53638778 0.21788756 0.44754620 0.12656173
0.11035480 -0.33744993 -1.13046851 0.23983212 0.33611314 -0.07722733 0.33346235 -1.09706222
-0.52949012 -0.08746954 0.41026821 -0.81213900 -0.35849279 1.08008010 -0.84167444 -0.47254831
0.82086542 -0.42990131 -0.45545271 -0.40198735 -0.60001575 -0.30629914 -0.32163437 -0.55372774
-0.07174539 -0.11243947 0.49677076 -0.54491590 0.36988538 -0.88564777 0.00751394 -0.57239871
0.13783564 0.11237709 -0.88035425 -0.26597726 0.49186011 0.57335367 1.87556067 0.28193796
-0.31912266 0.78690707 0.16616219 -0.62158460 0.71890120 0.13271275 -0.40522049 0.20041524
-0.02632064 0.04911969 0.06234415 -0.86634457 0.97017651 -0.18854427 0.49922658 0.12925073
0.40641391 0.22723806 -0.18429858 0.16240109 -0.31172576 0.49496559 -0.34087721 0.49330747
0.61782862 0.31488160 0.26448607 -0.05585387 -0.35148224 0.33179110 0.85790819 -0.44772558
0.71556673 -0.33455634 -1.10267797 0.32240571 0.41118549 -0.47003190 0.77719536 -0.96938819
-0.19521492 0.03543016 -0.39796477 1.09593984 0.18165583 -0.55290969 -0.75329586 -0.48034214
