-0.20345689 -0.01150721 0.49598388 0.03830693 0.35687473 -0.49187568 0.04719876 0.21666402
-0.54099354 0.83485637 0.58263072 -0.37831139 0.63354664 -0.28297764 -0.38968625 0.76079192
-0.57931641 0.36122498 -0.66745434 -0.15505473 0.15649153 0.42798664 -0.08266426 0.23184498
0.10127882 -0.54776794 -0.44095797 -0.09088028 1.23249751 -0.56864491 -0.32977564 0.25116140
0.16655824 0.08798255 -0.68298644 -0.07552374 -0.64214042 0.37407458 0.21693037 -0.00282383
-0.15900621 -0.46869742 0.19820528 0.08018432 0.88795151 -0.53747394 0.81183708 -0.09872248
0.53861798 -0.44441301 -0.42189191 -0.26860689 0.19330529 0.26910502 -0.12581979 -0.27979529
0.44333009 0.06810339 -0.24866662 -0.81695458 -0.50085080 -0.36049869 -0.66629067 0.05205150
-0.80876659 0.10288963 -0.09722282 0.20010483 0.13396946 0.15557209 -0.39952593 0.68154252
-0.35966164 0.64728896 0.73695323 0.59191709 0.54198915 -0.42150539 -0.34867640 0.73096889
-0.15339548 0.62522164 0.15488588 -0.17501955 -0.41110495 -0.13144167 0.31568982 0.51497883
0.39413521 0.46933280 -0.62874751 0.15289766 0.07022339 0.30768269 -0.60678205 0.68020708
-0.02466645 -0.24258881 0.30726940 0.14464863 -0.20627146 0.11057810 -0.19384832 -0.36194094
-1.13354860 0.04739521 0.43962926 -0.49397524 -0.62608204 0.08970630 0.52283904 -0.03112954
-0.31889722 -0.04443406 0.06518611 0.22444214 -0.43934598 -0.54681899 -0.04238067 0.91483635
-0.34218949 -0.20369222 -0.06172958 0.30692442 -0.05937393 -0.02727990 -0.24608487 0.01808930
0.09067775 -0.15070888 -0.29541202 -0.24107011 0.21816993 -0.00771995 -0.12483255 0.42201482
-0.90583812 -0.39620753 -0.70253816 0.17162400 0.31525839 0.42840073 0.02358260 0.31113000
0.40153925 -0.20011211 0.08105339 0.07578370 0.12330279 0.36033762 0.02454083 -0.40629996
-0.81820271 0.26758759 -0.01115300 0.62803988 0.45168799 -0.03772892 -0.10030320 -0.25926140
0.18018669 -0.41058725 0.27976637 -0.13919495 0.76969191 -0.00384219 -0.46298762 -1.08088474
-0.73912458 0.60063151 0.41716631 0.42319897 0.26075399 -0.38732988 0.00508097 0.35111214
1.08837181 0.05668698 0.89418228 -0.01697112 -0.71012895 0.21175414 0.10943750 0.25649851
-0.25410899 0.11298955 0.39556924 0.26206852 -0.30446238 0.74026356 0.27259025 0.11302491
1.03733313 0.60030245 -0.53460206 -0.66877075 0.93036827 -0.30546169 -0.40067993 -0.80106658
-0.15628200 0.25678335 -0.16365676 0.31857445 0.90817943 0.91360906 0.10533787 0.98223138
0.15593430 -0.50449454 0.18752923 -0.34099201 0.46678574 0.67966309 0.08594207 -0.42299315
0.41372322 -0.15198475 -0.51224427 0.56153047 -0.11600350 -0.59302731 -0.09192023 -0.10566477
0.42893243 -0.07970267 -0.70725591 0.31344744 -0.63103537 -0.10988475 0.39583274 0.66306113
-0.72019962 0.02674753 -0.32805077 0.24024823 1.45379224 -0.49676806 -0.68280115 0.30768908
1.00363475 0.10674031 -0.14035619 0.11748644 0.27828221 0.37628894 -0.01665159 0.36488406
0.22187314 -0.20565946 -0.61589301 0.96061699 -0.09655076 -0.57016625 -0.83187844 -0.53354934
-0.25948156 -0.10340147 0.18972649 0.28715351 -0.23104370 0.04080019 0.72088628 0.24849267
0.58902898 0.01916840 0.28760412 0.37736810 -0.00629959 0.13738397 0.20190025 -0.16152721
-0.57474344 0.70145532 0.77263615 0.59528269 0.70631886 -0.68980804 -0.19913727 0.10840751
0.10375620 -0.39332509 -0.24466262 -0.08431167 0.88817550 -0.36193636 0.28502010 0.00338012
-0.20188343 -0.81364599 0.32921254 -0.71022086 -0.50840116 -0.81632933 0.71362242 0.13610766
-0.29178597 0.10070406 0.31135027 -0.28995243 0.50653579 -0.30256313 0.67514139 -0.15592734
1.02269469 0.63690228 -0.54273409 -0.30776976 -0.33769174 -0.38859657 -0.15975046 0.07444699
-0.10399179 -0.36094655 -1.16177839 -0.51917215 0.17046339 -0.17033776 -0.29126540 0.05419488
