-0.14049669 -0.83626217 -0.18065117 -0.15397421 0.62434398 0.32637887 0.22463299 0.04611675
0.51784497 0.23001428 0.00483851 0.30218441 0.27110201 0.90534528 0.33757193 0.30931340
-0.30299001 0.26392683 0.73007733 0.45127382 0.55364486 -0.42419375 0.14990102 0.26959872
0.23496907 -0.11151704 -0.10756131 1.02270716 -1.06022220 0.08760290 -0.53356546 -0.31926726
0.62582349 -0.09774605 -0.72161665 0.43154116 -0.42310193 -0.13869494 0.20720954 0.06827597
-0.35198853 1.05965585 -0.71772513 -0.37908897 0.08848632 0.15050985 0.13275393 0.12653249
1.03483095 0.11961217 -0.42064441 0.02985039 0.17656068 -0.82440140 0.48656376 0.61486421
0.43775918 0.33014859 0.22601359 -0.71639183 0.65710593 0.44570009 -0.17764080 -0.52454264
-0.04890588 0.09660144 0.53233366 -0.52559192 0.08506024 0.06842882 0.24549661 -0.81865896
-0.71518812 -0.16149546 -0.66761915 0.42298747 0.73403893 -0.85357608 -0.70527111 0.75597349
-0.86188848 0.51180774 -0.37270487 0.61426587 0.29692723 0.58343021 -0.20510481 0.61086239
0.20999368 -0.18375086 -0.20372257 0.81522587 -0.27669830 0.37836692 -0.15358536 -1.19926082
-0.03575057 0.39440547 -0.31675316 -0.26359948 -0.99116958 0.06551606 -0.00163781 -0.08119874
-0.09700564 -0.56185232 0.14728578 0.14266346 -0.19546304 0.00088387 0.33058921 -1.34608277
0.03431317 -0.24276583 -0.02136921 -0.09653845 -0.32448493 -0.70956641 0.90119009 0.21113398
-0.35328030 0.25555841 -0.19381578 -0.40019822 -0.07080626 0.17121054 -0.37768030 -0.61198421
0.61890105 0.72573160 0.06929276 0.76907215 -0.04948074 0.12297197 -1.08261843 -0.44309609
-0.14922025 -0.25672897 0.35035877 -0.38773812 0.23351184 0.09200586 0.16808457 -0.33481936
0.55181097 -0.15493242 1.06385814 -0.30834046 -0.33663870 -0.13057913 -0.08722999 0.48261350
-0.43693997 0.73091151 -0.43283165 -0.37246469 0.45288134 -0.52743073 1.01146835 -0.54718597
0.45623696 -0.62401025 0.00212610 -0.09376727 -0.92668344 0.03533594 -0.03253255 0.17821040
0.20307618 -0.18068889 0.04515982 0.02351342 0.21351211 0.80948932 0.47025557 0.18011967
0.22192530 0.17502747 -0.12507865 0.46386451 -0.22493883 0.22578055 0.47275535 -0.20100331
0.46769115 0.53155834 -0.18570283 -0.17330921 0.47006273 0.51494109 0.29199890 0.68454175
-0.16886877 0.08126724 0.55076836 0.45294873 0.18118232 0.70412622 -0.64414452 -0.49642358
-0.44104395 -0.63700380 0.31709735 0.07558086 -0.11276457 -0.08620790 -0.52161677 0.04046616
0.21390646 -1.20958050 -0.60658257 -0.50777229 -0.95106614 -0.66736674 -0.73271476 0.56399138
0.35023395 -0.35579989 0.24979872 0.13844581 0.09721196 -0.57721739 -0.85141485 -0.44291079
0.13200048 -0.82465403 0.19554523 0.05385029 -0.18837534 -0.11471186 -0.35196054 -0.20473537
-0.00641247 0.00508595 0.39042103 1.03906966 -0.74562946 -0.00404931 -0.11550742 0.72818842
0.49113403 0.70892116 -0.00486812 0.41364478 0.27260464 -0.15457641 0.23476199 0.18510468
0.13798144 0.07306010 -0.26172329 -0.67678527 -0.12194615 0.37036473 -0.05641478 0.76615230
-0.21357762 0.58071254 -0.01749711 -0.54583932 0.25312210 -0.17634568 0.30699597 -0.23180885
0.11666183 -1.26221380 -0.49756816 -0.60389854 -0.34188989 0.70509549 0.14850362 0.31191792
-0.21935564 0.18996008 0.61260393 0.43328292 -0.41565204 -0.48854691 0.86125747 0.17201899
0.12492360 -0.03573044 1.00992623 0.79196420 -0.24702720 0.94374085 -0.11203093 -0.93942044
-0.53335877 -0.25617439 -0.94645982 -0.06179403 0.01716923 -0.46998854 -0.17879168 0.30476906
-0.50011882 0.30404736 0.91193811 -0.15954911 0.80801672 0.16906870 0.59203302 0.74320872
-0.31017550 -0.93415614 0.20712461 0.04729179 0.13780769 -0.13732669 0.02702508 0.20740200
0.12722780 0.58903349 -1.06762521 0.32949007 0.02353919 -0.42349660 -0.11481439 0.78035511
