-0.579223 0.025274 0.004483 -0.024182 -0.384613 -0.691692 -0.200605 -0.508506
0.264406 0.621408 -0.814570 -0.265778 0.518054 0.734994 0.180157 -0.109603
-0.494576 -0.033590 -0.600668 0.449793 0.093415 0.000390 0.389898 0.121963
0.860366 -0.462760 -0.031742 0.235705 -0.466346 1.012648 -0.355212 -0.449832
-0.255968 -0.287721 0.462034 -1.170781 -0.227204 0.094689 -0.036625 -0.956678
0.071359 -0.251046 0.221922 -0.676452 -0.113202 -0.450340 -1.022001 -0.551487
-0.723236 -0.150411 -0.846292 -0.372929 0.205277 -0.003245 -0.005958 0.228967
0.006367 -0.289533 0.538594 0.178722 0.091706 -0.179439 0.238958 0.452266
1.761247 -0.831941 0.239162 0.225353 0.442941 0.662414 -0.197693 -0.538024
1.372707 -0.061870 -0.170391 0.092910 -0.017174 0.093711 -1.104511 2.575692
-0.089001 0.155586 0.016381 -0.416917 0.795104 -0.008335 0.406501 0.125468
1.693230 -0.467992 -0.731082 -0.001972 0.804695 -0.187604 0.625717 -0.469389
-1.309972 0.111280 0.489732 -0.302917 -0.831039 -0.622825 0.090784 0.628316
0.265161 -0.109533 0.393422 0.551147 -0.426122 -0.152990 0.232270 0.180498
0.614060 -0.026457 -0.596301 -0.494294 0.671334 0.190194 -1.252376 0.673462
-0.795643 0.819781 0.340621 0.467187 0.267615 -0.613784 0.367819 -0.479980
-0.895033 0.581873 -1.107958 0.072297 0.479521 -0.200314 -0.210957 -1.341843
-0.236330 0.082175 0.065789 0.049364 -0.620398 -0.792872 0.565831 0.102269
0.031966 1.294186 0.367316 -0.018130 0.400681 -0.137113 0.009499 1.016700
-0.077714 -0.011529 0.764352 -0.328424 -0.559043 -0.035752 0.161245 0.220973
0.752647 0.305618 -0.728681 -0.133702 -0.823378 -0.047562 -1.573023 0.177413
-0.469393 -0.356542 0.805771 0.613432 0.125116 -0.439018 0.436084 0.295515
-0.909986 0.296763 -0.297199 -0.013351 0.500513 -0.538769 -0.266945 1.166650
0.017186 0.693240 -0.711241 -0.095092 -0.609709 -0.537571 0.447572 -0.533809
1.679525 0.145979 0.387338 0.283315 -0.118136 -0.188062 0.198325 -0.051520
-0.309606 -0.986458 -0.410054 0.527036 -1.128548 0.654680 0.556317 -0.586741
1.803222 -1.213415 0.030057 0.328613 -0.267674 0.327258 0.264102 -0.195807
-0.098875 -0.889615 0.102780 0.389694 0.044047 -0.923247 -0.089687 -0.521770
0.833665 0.422525 -0.218168 -0.155654 0.373846 0.347365 -0.702553 -1.156774
-0.186347 0.067326 -0.108526 0.105407 -0.070190 0.041217 -1.036715 -0.295780
-0.220098 -0.325973 -1.270383 0.605232 0.752461 -0.326143 0.438107 -0.268429
-0.367088 0.662586 -0.282642 0.517705 0.077091 -0.944377 0.083111 -0.630777
-0.501271 -0.302924 0.368851 0.371989 -0.036163 0.154917 0.454047 0.532500
1.235415 -0.059622 0.130537 -0.243016 -0.605456 -0.771137 0.187048 0.244987
0.124437 -0.431366 -0.249996 0.221307 1.339443 0.300690 -0.172637 -0.206899
0.834804 -0.047589 0.433804 0.784688 -0.487188 0.068208 1.239215 -0.284539
0.725766 -0.445605 -0.131792 0.534215 -0.307145 0.105507 -0.819107 0.215076
0.042974 -0.517964 0.441878 0.498580 0.295359 -0.570026 0.600952 0.259934
-0.402129 0.597312 -0.168466 -0.792804 -0.446698 0.064123 0.705178 -0.707686
-0.270020 -0.290466 0.870587 0.216172 -0.549074 -0.105502 -1.100059 0.435593
