0.04078619 -0.65312543 0.08926661 -0.19498352 -0.67676237 0.72002518 -0.17588194 -0.37951278
-0.03632632 -1.86753724 0.45479901 0.15917764 -0.35753051 -0.04282865 -0.03018640 0.02985994
-0.71751292 -0.14823623 0.32926371 0.12550532 0.01538369 0.04231780 0.58454193 0.10232727
-0.23875446 -0.77719442 0.12761647 -0.63905418 0.77697307 -0.20732566 -0.36720953 0.96526500
-1.11281842 -0.74343934 -0.60522035 -0.19648413 0.20783038 0.43879680 0.12730873 0.13344229
-0.37915545 0.39270954 -0.34517406 -0.37799837 0.57846198 0.34837604 0.49549644 0.30194741
-0.35144757 1.09928719 -0.06808424 1.03749762 -0.55933928 0.69106875 -0.37174672 0.01097146
-0.03459114 -0.09290953 -0.31075482 -0.43216981 -0.19959283 0.04205285 0.20867498 -0.74748820
-0.21339008 -0.58141047 1.23176507 -0.41537604 0.49258112 -0.50019638 -0.23603149 -0.06124678
-0.23009802 -0.48371020 0.90052785 0.37778957 0.83493955 -0.24704156 -0.08948485 0.04759701
0.30084907 0.21010321 0.21860664 -0.03941373 -0.50896077 -0.68608588 0.16847563 -0.36936458
0.06401359 -0.22198489 0.49502863 -0.40332916 0.21146429 -0.64200727 0.32055263 0.22042784
0.60661870 0.51841329 -0.33927431 -0.24799380 -0.22190500 0.32728189 0.35327505 0.16554390
0.06559079 -0.64868773 0.17784341 0.39981118 -0.13078860 0.32018405 -0.85996247 -0.68361985
0.48991845 0.53170606 -0.57784808 -0.17350236 0.49727037 -0.93000619 0.03483229 0.03954700
-1.02519968 -0.10992427 -0.08103603 -0.09859143 0.85204474 0.47409181 -0.17406125 -0.64511196
0.04992590 -0.04880772 -0.03693997 0.34838265 0.09099762 -0.60341394 0.28009679 0.23903343
-0.02160649 0.63973206 0.33792127 -0.02657012 0.60092486 -0.71916713 -0.06659754 0.82418576
-0.34897874 -0.16506699 0.51140135 0.38733328 -0.65332657 0.29278733 -0.66861222 -0.01791004
-0.09379384 0.30724829 -0.56198405 -0.27894038 -0.77572817 0.46005391 -0.56588237 -0.17427225
-0.71308002 0.18334773 0.11376122 0.02457878 -0.22139457 -0.63860509 0.47457468 0.14010013
-0.04123068 -0.45649296 0.21373134 0.50056063 -0.11194102 -0.27220980 0.30502943 0.28059176
0.38415665 -0.58503561 0.58688405 0.94392523 0.39502649 0.10882554 -0.49510113 -0.12006486
-0.03461959 0.64790604 -0.87509747 -0.00346435 0.47240636 -0.32754485 0.26573356 0.78252815
-0.84057965 -0.48521479 -0.86559259 0.42474897 0.14152047 0.38410445 0.53701271 0.43666404
0.91271311 0.59567318 -0.20948167 -0.27961056 0.17226078 -0.68753708 0.14021685 0.54990844
-0.05774069 0.18961990 -0.25787335 -0.59993295 0.08481260 -0.04035691 -0.31482570 -0.05546764
-0.78052063 -0.47495653 -0.91727523 -0.30664265 -0.08925731 0.12862560 -0.93290308 0.10532917
-0.37730132 -0.82614361 -0.81971580 0.05196076 -0.26786389 0.22193882 0.01548576 0.44020051
-0.87390124 -0.52765670 0.45723832 0.13459213 0.60663124 -0.21067943 -1.01887619 0.73218094
0.36635879 0.09352583 0.14304666 -0.15787849 0.14396761 -0.53562357 -0.05037122 -0.00639520
-0.23319486 0.41834566 0.00980413 -0.15524427 0.71010341 -0.13222968 0.37047806 -0.06883535
-0.38501348 -0.18308679 0.17394746 -0.97817884 -0.41168582 -0.52319269 0.84235882 0.56214587
0.92403870 -0.32197535 0.00693008 -0.10880322 0.61003858 0.30191176 -0.72063032 -0.40388722
0.38142639 0.19665257 0.53637361 -0.41447888 0.87534179 0.17775599 0.11731872 0.01591515
-0.11709176 0.59986275 -0.65038321 -0.11012802 -0.47116874 -0.40050362 0.07793425 -0.11748955
0.40094392 -0.00712631 -0.36170850 -0.27390279 -0.54471556 -0.49206033 -0.69777154 -0.54677828
0.24330138 0.73234063 -0.35195670 0.44081124 -0.33239987 -0.66247833 0.05198286 -0.39029439
-0.19895126 -1.51892813 -0.73478367 -0.35398540 0.43719830 -0.78419816 0.46945003 -0.19828079
0.17565661 0.05470966 0.35287844 1.15308395 1.10224683 0.98729645 0.33461858 0.14901550
