1.08125491 0.11722946 0.28143534 0.45887175 -0.22988428 -0.55083683 0.01775657 0.03861132
1.45044825 0.14879470 -0.69872039 -0.12413028 0.21303435 0.35461929 0.63372588 0.70831343
0.52263567 -0.39120706 -0.05105599 0.02600087 0.48478258 -0.08049448 0.82562395 0.40344865
-0.54473567 0.08298827 0.07018526 -0.04105841 -0.80878990 -0.14629444 0.13629484 -0.12414383
-0.33168578 0.48397734 0.36513814 -0.63400178 -0.28021209 0.76040466 -0.20145492 -0.12077789
0.17470043 0.47793174 -0.15383997 0.14526544 -0.79809934 -0.61652026 -0.19455711 -0.30448979
-0.79954658 0.41676037 -0.95530542 0.74382801 0.67740768 -0.18418524 0.09283572 0.24731659
0.18105747 -0.37826283 0.46666260 -0.03163534 -0.15848574 0.00073006 -0.44970867 -0.34126519
0.76017296 0.14247919 -0.19480305 -0.36005023 -0.27400549 -1.00281998 0.91169223 0.89021602
-0.14932692 0.01631932 0.00244030 0.26629883 0.17959456 -0.11094959 -0.30905059 -0.24134944
0.76667514 0.04588690 -1.01490227 -0.66515783 0.15743288 0.40785726 -0.21454514 -0.00624159
-0.23867477 0.02543820 -0.02078558 -0.15673815 0.83826334 -0.50463776 -0.63473355 0.70225973
0.45251356 -0.49304490 0.10591445 -1.23277355 -0.51286296 -0.23779438 -0.97623018 0.16368296
0.15911825 0.18576425 0.25929036 0.34225028 -0.61890372 0.15936783 -0.40145762 -0.32329939
0.12782319 -0.71619222 0.15427503 -1.07125594 -0.52878441 0.40816569 0.35033149 -0.28987072
0.25933829 0.05902215 0.18437451 0.48109749 0.10603639 -0.27498440 -0.37223967 0.85278749
-0.27964059 0.78841852 -0.25222597 0.23726521 0.84290426 0.51825733 0.39562745 -0.45882262
0.46352087 -0.12418652 0.68727385 0.19031050 -0.11066965 -0.19151300 -0.40650402 0.27282592
0.41867891 -0.48925330 -0.00009176 -0.37553791 -0.42316844 -0.05439260 0.12925354 0.41046273
1.14120883 0.43369760 0.43853132 -0.64021834 0.13334713 0.40803062 0.94727679 0.03133625
0.30305092 -0.19122353 0.61412146 0.57183427 -0.06475988 -0.26402003 0.58629892 0.67069621
0.47921192 0.02746376 0.07451332 -0.64129342 -0.02928998 -0.27792210 -0.03571187 -0.50456590
-0.48458296 -0.61258282 -0.22186051 -0.16860027 0.36878836 0.12742877 -0.09325119 -0.67896215
-0.35052832 -0.51398964 0.48647800 0.08797800 -0.09586403 -0.73540938 0.74156444 -0.76687730
-0.33233825 -0.22587980 -0.87872128 -0.23172596 0.22360584 -0.09326759 0.15272557 -0.10664797
-0.48255881 -0.57517046 1.45628893 -0.18316939 1.23204753 0.56297330 -0.49614438 0.30875660
-0.03645537 -0.29503392 0.05633343 -0.37198090 -0.23084900 0.04508202 0.64674128 -0.66486610
-0.13733310 -0.37631820 -0.71135660 -0.21535691 -0.68614783 0.62041240 -0.09824912 0.48608902
0.22996058 1.20429247 0.05353087 0.17830910 0.32652431 -0.21499186 0.01012951 0.35527873
0.02496437 0.20312940 -0.58225343 0.93291377 0.13257303 0.30451798 0.50042414 0.18139459
0.31179319 -1.00965834 0.71126356 0.34424393 0.58597483 0.97112957 0.06424639 -0.45547755
-0.20163069 0.50903479 0.43625924 -0.30262819 0.29614187 0.38627498 0.62119386 0.03125248
0.24786374 -0.62263393 -0.34510883 -0.00701834 -0.67685949 -0.23909067 -0.21138645 -0.10083026
-0.15703957 0.00027525 0.48060993 0.52937309 -0.17329660 0.56315991 0.30891965 0.77484501
0.20706625 0.40867428 0.13874820 -0.28937795 0.14237905 -1.23148445 -0.61375077 0.22142129
-0.69432145 -1.02374489 1.09705663 0.09652625 0.23252123 0.60140086 0.74265793 0.27263063
-0.06145630 0.74836213 -0.49665307 -0.10544216 -0.49509104 -0.43031217 0.18778045 -0.17013412
0.11129564 0.51124431 -0.46568015 -0.96596808 0.48818506 -0.79135114 0.34758474 0.99626244
-0.16888720 0.70947436 0.36081489 0.34858537 -0.07881645 0.35060876 -0.27258891 -0.14994891
0.09393992 0.08016453 0.38322036 0.58157958 0.46499555 0.29663218 0.21721440 0.03493660
