-0.17087703 0.49541577 0.68393245 0.17421125 -0.49064179 0.93295554 1.97673782 -0.37898414 -0.66451511 -0.24524189 0.63714806 1.78451417 -0.72251337 2.07290736 -0.44944295 -0.78866316 0.07199772 0.07842883 -0.15490728 -0.11597553 -1.05457845 0.56409484 -1.29857875 0.62267004 0.79834037 0.31149219 -2.34969465 -0.57683006 0.56527400 -0.84416449 -1.19399283 -1.30913143 0.43576386 -1.53743738 0.61286500 0.89689297 -0.28337632 -1.83383400 0.78279220 -1.11081995
0.00000000 0.17989358 -0.88435313 0.04089913 0.33868874 0.09474336 1.90933566 0.91314436 -0.07633908 1.19116565 0.29715952 0.65282047 -2.15164178 -0.15887569 1.73127196 -1.27045836 -1.02873964 -0.17692895 -0.89933422 0.10359232 -1.28227459 0.92941457 -2.09114487 -0.30378502 0.68850688 0.04104739 -1.37176442 0.55489549 -0.28707681 -0.29557635 -0.46958768 0.18583767 1.33452987 -0.83712813 0.93114327 -0.81478540 0.63845562 -0.26721336 -0.55105999 -0.05425118
0.00000000 0.00000000 -0.43755226 0.30918641 1.63430478 -0.47894676 2.09440199 -0.28775352 -0.54481000 0.37493595 -0.79241281 -0.98896631 0.34283535 -1.62971416 0.16857977 0.58243710 -0.53964638 -0.26296686 1.23074535 0.75333966 -1.55587783 -0.08273965 -1.58339177 1.04800905 -0.15138307 0.99309676 -0.58081016 -0.58056309 0.24477882 -2.10095879 1.17328808 -0.20027996 -1.40828675 -1.05260287 -0.22765070 -0.19519961 1.54623241 -1.41481697 -0.43573869 0.43899021
0.00000000 0.00000000 0.00000000 -0.48687686 -1.30145102 -0.81902554 -0.88467193 1.45150453 2.20990311 -1.10236002 0.22267403 0.10709009 -1.29915037 -1.25322554 0.14914491 -0.08105679 -0.85402409 0.81405210 -0.85790748 -0.30251872 0.40507064 1.20572247 -2.23243745 -1.11583588 0.53302106 -1.78467319 0.27016983 0.28203656 -0.36272871 0.92019083 1.07219796 1.22086711 0.12055976 1.38894038 0.79750710 -0.56104191 -0.16841248 -0.01223076 0.38641635 -1.16821130
0.00000000 0.00000000 0.00000000 0.00000000 -0.80109633 -1.66474584 -0.28454418 0.63839935 -0.61747542 1.05010695 -0.26679433 0.75733890 1.48303740 -0.66128559 1.61311888 0.15894727 -0.08541884 1.27055502 1.38847143 -2.07897733 0.04953602 2.01632279 1.61554698 -1.46185704 0.63784195 -0.39264261 0.41652683 0.11909126 -0.86725665 1.66024052 0.45917694 -0.21079397 0.46734897 -0.58067496 0.36340013 -1.04639851 0.15089931 0.57332346 0.21430202 -0.56111812
0.00000000 0.00000000 0.00000000 0.00000000 0.00000000 -0.58689582 0.41726361 1.72260920 -0.29517154 0.30716354 -0.58276124 -1.43328135 -1.64033814 0.02355689 1.19750938 0.63298328 2.51430953 -0.04518605 2.21516058 -1.88913895 -1.36182314 -0.43417488 0.63530222 0.05903782 1.39802819 0.96354039 -0.52149061 0.97578872 0.43102238 0.44190023 -0.23615917 0.09807914 -1.14966051 1.09491495 0.95489144 0.18002590 1.49266733 1.14203137 0.11006443 1.49250520
0.00000000 0.00000000 0.00000000 0.00000000 0.00000000 0.00000000 0.49010263 0.14902086 2.13473602 -0.32262541 -0.28303960 0.66271815 -1.08770304 0.55342364 0.51354845 0.38078263 -0.36895661 -0.36267029 1.42063445 -0.63697501 0.47406308 0.51535139 -1.06646647 2.08313782 1.57253825 0.31161656 0.00588073 0.32626856 -0.08119616 2.72200381 0.59264688 0.84162049 1.50306591 0.83305810 0.21834615 -0.40958002 1.15866692 -0.22237923 0.29802511 1.34786035
0.00000000 0.00000000 0.00000000 0.00000000 0.00000000 0.00000000 0.00000000 -0.12586141 0.91887847 1.77063364 0.11107476 -0.95738919 -0.12553321 -1.83537450 0.52871845 -0.16456998 0.14261712 -1.44578551 -1.53932594 0.75395316 -0.72231681 0.86170526 0.84343033 -1.17250341 1.42705678 0.59149867 1.24508099 -1.27575403 -0.13823619 -0.35407955 0.82958875 -2.45592895 0.44428563 -0.48475449 0.87905725 -0.52949626 0.74762086 1.10422956 0.83801812 1.13327719
0.00000000 0.00000000 0.00000000 0.00000000 0.00000000 0.00000000 0.00000000 0.00000000 -0.21644068 0.59585534 -1.26898500 0.09687913 -0.89158339 -2.03164311 2.22303135 0.31180014 0.75594572 0.05249721 0.84071763 -0.01119909 -0.43755595 -0.51994317 -1.15075386 0.90605468 1.12605121 1.13127878 -0.04475099 0.43557831 -1.34887854 -1.15440158 0.61578107 0.59519490 0.17114088 -2.66402730 -0.09151683 0.06477554 0.66769778 -0.66585356 0.39448823 0.35008601
0.00000000 0.00000000 0.00000000 0.00000000 0.00000000 0.00000000 0.00000000 0.00000000 0.00000000 -0.33431115 1.04195871 0.53701369 -0.58815723 0.36105918 0.97771048 0.83986649 -0.37757494 -0.55413920 0.30814125 1.14997152 1.86595040 1.67945986 1.87012832 0.02200092 1.30804279 -0.52072748 -0.15284901 -0.91646645 -1.05403731 0.12122301 0.61265212 -1.73332124 -0.87627451 0.26182835 -1.16507552 -0.34465180 -0.87281909 -0.42884894 1.38812013 0.89176747
0.00000000 0.00000000 0.00000000 0.00000000 0.00000000 0.00000000 0.00000000 0.00000000 0.00000000 0.00000000 0.90227562 -0.65952273 -1.66424772 2.13432045 -1.19884705 0.46358238 -0.35757212 1.54661901 -1.06003485 0.05557558 -0.50412315 0.68513487 0.91489372 0.15751023 0.31273390 -1.71751516 1.03525703 -0.35262400 -1.20904789 -0.18749992 -0.04923129 0.29559434 0.15195186 1.74279907 0.12201149 0.76426383 1.30299932 -1.04933831 -0.58689963 -1.54142487
0.00000000 0.00000000 0.00000000 0.00000000 0.00000000 0.00000000 0.00000000 0.00000000 0.00000000 0.00000000 0.00000000 -0.81361966 1.95408293 1.15043545 -0.24941120 0.05039732 -1.71377164 -1.00077053 0.79551274 0.05724139 0.58628134 0.75274271 0.29931766 -0.99168105 2.40577426 0.22720507 0.79997215 0.19067307 0.29774293 -0.43658400 0.66434430 0.15610146 -1.48099196 -1.38068211 0.41878281 -0.23778727 -0.22016831 0.30829367 -1.01619123 1.03955421
0.00000000 0.00000000 0.00000000 0.00000000 0.00000000 0.00000000 0.00000000 0.00000000 0.00000000 0.00000000 0.00000000 0.00000000 0.68350919 1.96006070 -0.41159569 -1.53786476 0.28273633 -0.77535257 0.01200414 -0.45056893 -0.04829706 1.20366448 0.72433514 -0.04733449 -0.05294722 0.30461700 -0.51697564 1.17890481 -0.79331260 -0.07856672 -0.83229734 -0.20149340 -1.52751002 0.90964279 1.08823196 1.36727190 -0.21775147 0.46925202 -0.95823984 -0.83792366
0.00000000 0.00000000 0.00000000 0.00000000 0.00000000 0.00000000 0.00000000 0.00000000 0.00000000 0.00000000 0.00000000 0.00000000 0.00000000 -0.52288807 0.44223038 1.02247338 0.27340229 -0.36850697 -1.04138806 -0.17504414 -1.19250443 0.63430295 1.90577734 -0.71525563 -0.63608415 0.38864561 -0.00142276 2.97818592 -0.08065283 2.06197900 -1.73156024 -1.33783863 -1.02194355 -0.31621171 -0.57251534 -0.73103041 0.98873993 -0.46071211 -0.27524852 -0.04189372
0.00000000 0.00000000 0.00000000 0.00000000 0.00000000 0.00000000 0.00000000 0.00000000 0.00000000 0.00000000 0.00000000 0.00000000 0.00000000 0.00000000 -1.02936367 0.48252419 -0.01449166 1.03087529 1.50953763 0.15011426 -0.51392714 1.88180356 -1.59726411 0.67381760 -0.36819464 -1.47003340 -0.45082246 -0.39026780 -0.38088479 0.66869716 1.00547683 0.67994646 1.37274635 1.47248400 -0.74587413 -0.18335940 -0.28351219 -0.28964525 1.34173513 0.03818054
0.00000000 0.00000000 0.00000000 0.00000000 0.00000000 0.00000000 0.00000000 0.00000000 0.00000000 0.00000000 0.00000000 0.00000000 0.00000000 0.00000000 0.00000000 -1.60548673 -0.19151249 -0.21744176 0.16862499 0.01157473 -0.51815481 -0.25085444 -0.81161504 0.38075278 -1.25586355 -0.11723064 1.43978271 -0.03183875 0.05609547 1.25859495 1.05534106 -1.42564417 -1.67289122 -0.57456693 0.23909676 -0.97484952 -0.83250640 -1.00967690 0.05230904 0.93345289
0.00000000 0.00000000 0.00000000 0.00000000 0.00000000 0.00000000 0.00000000 0.00000000 0.00000000 0.00000000 0.00000000 0.00000000 0.00000000 0.00000000 0.00000000 0.00000000 -0.72496504 0.33050285 -1.45861443 0.19482514 -1.41992091 0.95839221 -0.11287541 0.13242963 1.61400950 -0.45966284 0.69266337 0.00470845 1.42656782 1.90609589 0.27255659 -1.41898999 -0.96091576 -0.56942609 -0.73781472 -0.02475757 2.55616808 -0.46249933 0.21103928 0.24394688
0.00000000 0.00000000 0.00000000 0.00000000 0.00000000 0.00000000 0.00000000 0.00000000 0.00000000 0.00000000 0.00000000 0.00000000 0.00000000 0.00000000 0.00000000 0.00000000 0.00000000 0.44037777 -0.03507957 -0.71037111 -1.36301896 -0.45823757 0.30490439 -0.76047325 1.43740273 0.73249085 1.43316819 -0.48724156 0.06748018 0.18021816 -0.55457183 -0.20694325 -0.41131051 0.23514769 -0.71852993 1.50308890 0.58235441 -1.16498774 -0.04234511 2.24502685
0.00000000 0.00000000 0.00000000 0.00000000 0.00000000 0.00000000 0.00000000 0.00000000 0.00000000 0.00000000 0.00000000 0.00000000 0.00000000 0.00000000 0.00000000 0.00000000 0.00000000 0.00000000 1.98725489 0.00103796 0.54315471 -1.05740693 -2.49823384 -1.79509779 0.70141842 -1.06238185 0.91659661 -0.79517468 1.26158248 -0.35062199 -1.19203552 -1.59968933 0.90712412 -0.33632960 -2.05485781 -1.48818845 -0.14691459 0.56419799 -0.77755786 1.64914541
0.00000000 0.00000000 0.00000000 0.00000000 0.00000000 0.00000000 0.00000000 0.00000000 0.00000000 0.00000000 0.00000000 0.00000000 0.00000000 0.00000000 0.00000000 0.00000000 0.00000000 0.00000000 0.00000000 -1.00743812 1.30328208 0.04244392 -0.63480898 -0.38827954 0.56162347 -0.83211122 -0.38623482 -0.98627776 -1.21039769 0.92484012 -0.28909308 -1.16529611 -1.46494380 0.07947470 -1.20804535 0.48012442 0.38989155 -0.03389269 -0.34665524 2.09884951
0.00000000 0.00000000 0.00000000 0.00000000 0.00000000 0.00000000 0.00000000 0.00000000 0.00000000 0.00000000 0.00000000 0.00000000 0.00000000 0.00000000 0.00000000 0.00000000 0.00000000 0.00000000 0.00000000 0.00000000 -0.92908668 2.34174138 1.08220897 0.95192203 1.22485968 1.01620602 -0.96406320 -0.20809476 -0.30957264 -2.06527904 -0.26022785 0.77075064 -0.54976859 1.49042163 0.11258676 0.82504567 -2.22948587 -1.40538157 0.63641445 0.21716624
0.00000000 0.00000000 0.00000000 0.00000000 0.00000000 0.00000000 0.00000000 0.00000000 0.00000000 0.00000000 0.00000000 0.00000000 0.00000000 0.00000000 0.00000000 0.00000000 0.00000000 0.00000000 0.00000000 0.00000000 0.00000000 1.25536143 -1.82975569 0.85534338 3.00433697 -0.55547236 0.48950600 -0.26558290 0.88939853 0.45986254 -1.07362589 0.37549252 -0.88204652 -1.40699009 0.81849375 -0.40344717 1.70055722 -0.72937213 0.15618395 -0.27607078
0.00000000 0.00000000 0.00000000 0.00000000 0.00000000 0.00000000 0.00000000 0.00000000 0.00000000 0.00000000 0.00000000 0.00000000 0.00000000 0.00000000 0.00000000 0.00000000 0.00000000 0.00000000 0.00000000 0.00000000 0.00000000 0.00000000 2.47659697 -0.21590944 0.06528131 1.48797630 -0.01854385 1.28141807 -0.14747402 1.13718557 0.68362719 -0.49502588 -1.18187650 -0.94853683 -1.59234100 1.04361843 0.27974002 -0.45056691 -0.89669223 0.29579514
0.00000000 0.00000000 0.00000000 0.00000000 0.00000000 0.00000000 0.00000000 0.00000000 0.00000000 0.00000000 0.00000000 0.00000000 0.00000000 0.00000000 0.00000000 0.00000000 0.00000000 0.00000000 0.00000000 0.00000000 0.00000000 0.00000000 0.00000000 -1.34598159 -0.51604086 0.08621755 0.86446215 0.53054218 0.23945827 0.68180422 0.79825153 0.18533802 -0.54329582 -0.79386107 -1.05575974 0.20996150 0.46070023 0.47591606 -1.06697339 -1.30754358
0.00000000 0.00000000 0.00000000 0.00000000 0.00000000 0.00000000 0.00000000 0.00000000 0.00000000 0.00000000 0.00000000 0.00000000 0.00000000 0.00000000 0.00000000 0.00000000 0.00000000 0.00000000 0.00000000 0.00000000 0.00000000 0.00000000 0.00000000 0.00000000 -0.09052690 -0.08311554 -0.33898472 -1.84483434 -0.00501756 -0.33537774 -1.51287016 -1.79683820 0.10888069 -1.42786531 1.05535663 -1.59307673 0.77064406 -0.84913976 1.22244995 1.09430041
0.00000000 0.00000000 0.00000000 0.00000000 0.00000000 0.00000000 0.00000000 0.00000000 0.00000000 0.00000000 0.00000000 0.00000000 0.00000000 0.00000000 0.00000000 0.00000000 0.00000000 0.00000000 0.00000000 0.00000000 0.00000000 0.00000000 0.00000000 0.00000000 0.00000000 -0.15261780 0.71864565 1.20036964 -1.00777960 -1.31704065 0.45695807 0.35427359 -0.03958911 1.77602312 1.39533215 -1.27754613 -2.51993811 -0.66108733 2.07710925 -1.81105367
0.00000000 0.00000000 0.00000000 0.00000000 0.00000000 0.00000000 0.00000000 0.00000000 0.00000000 0.00000000 0.00000000 0.00000000 0.00000000 0.00000000 0.00000000 0.00000000 0.00000000 0.00000000 0.00000000 0.00000000 0.00000000 0.00000000 0.00000000 0.00000000 0.00000000 0.00000000 0.27085766 -0.68045338 0.48501583 1.16545128 0.03134754 -0.43368691 0.56804692 0.18567063 0.36465543 -0.71162394 1.61598169 -0.84734971 0.17159283 2.76071263
0.00000000 0.00000000 0.00000000 0.00000000 0.00000000 0.00000000 0.00000000 0.00000000 0.00000000 0.00000000 0.00000000 0.00000000 0.00000000 0.00000000 0.00000000 0.00000000 0.00000000 0.00000000 0.00000000 0.00000000 0.00000000 0.00000000 0.00000000 0.00000000 0.00000000 0.00000000 0.00000000 0.09337055 -0.20681318 -0.08087307 -0.33774378 1.05178514 -0.83584927 -0.77485153 0.40897834 2.20919563 1.40610358 -0.34217346 -0.11073281 0.48359242
0.00000000 0.00000000 0.00000000 0.00000000 0.00000000 0.00000000 0.00000000 0.00000000 0.00000000 0.00000000 0.00000000 0.00000000 0.00000000 0.00000000 0.00000000 0.00000000 0.00000000 0.00000000 0.00000000 0.00000000 0.00000000 0.00000000 0.00000000 0.00000000 0.00000000 0.00000000 0.00000000 0.00000000 0.47944240 -2.45544854 -0.41242453 2.59956912 1.38922451 0.98234128 -0.40950682 -0.24843277 -0.67780259 0.42828656 1.45145043 1.55952071
0.00000000 0.00000000 0.00000000 0.00000000 0.00000000 0.00000000 0.00000000 0.00000000 0.00000000 0.00000000 0.00000000 0.00000000 0.00000000 0.00000000 0.00000000 0.00000000 0.00000000 0.00000000 0.00000000 0.00000000 0.00000000 0.00000000 0.00000000 0.00000000 0.00000000 0.00000000 0.00000000 0.00000000 0.00000000 1.48182746 -1.36045127 1.58841279 1.23678319 -1.74493251 -0.25310065 0.25496561 -1.38848097 0.38207261 -0.32558611 -0.52803658
0.00000000 0.00000000 0.00000000 0.00000000 0.00000000 0.00000000 0.00000000 0.00000000 0.00000000 0.00000000 0.00000000 0.00000000 0.00000000 0.00000000 0.00000000 0.00000000 0.00000000 0.00000000 0.00000000 0.00000000 0.00000000 0.00000000 0.00000000 0.00000000 0.00000000 0.00000000 0.00000000 0.00000000 0.00000000 0.00000000 -0.41089769 -1.15778808 -0.25947116 0.29397341 0.09784679 1.80681153 1.24670567 -0.47815106 -1.38613733 0.04430204
0.00000000 0.00000000 0.00000000 0.00000000 0.00000000 0.00000000 0.00000000 0.00000000 0.00000000 0.00000000 0.00000000 0.00000000 0.00000000 0.00000000 0.00000000 0.00000000 0.00000000 0.00000000 0.00000000 0.00000000 0.00000000 0.00000000 0.00000000 0.00000000 0.00000000 0.00000000 0.00000000 0.00000000 0.00000000 0.00000000 0.00000000 1.02970976 0.13631776 -0.18447314 -0.27016657 1.08762789 1.32943244 -0.84453425 0.37912966 1.94243860
0.00000000 0.00000000 0.00000000 0.00000000 0.00000000 0.00000000 0.00000000 0.00000000 0.00000000 0.00000000 0.00000000 0.00000000 0.00000000 0.00000000 0.00000000 0.00000000 0.00000000 0.00000000 0.00000000 0.00000000 0.00000000 0.00000000 0.00000000 0.00000000 0.00000000 0.00000000 0.00000000 0.00000000 0.00000000 0.00000000 0.00000000 0.00000000 -1.72708541 2.16626527 0.20102784 1.78015845 -2.37818689 -0.25104208 0.82983243 -0.93144871
0.00000000 0.00000000 0.00000000 0.00000000 0.00000000 0.00000000 0.00000000 0.00000000 0.00000000 0.00000000 0.00000000 0.00000000 0.00000000 0.00000000 0.00000000 0.00000000 0.00000000 0.00000000 0.00000000 0.00000000 0.00000000 0.00000000 0.00000000 0.00000000 0.00000000 0.00000000 0.00000000 0.00000000 0.00000000 0.00000000 0.00000000 0.00000000 0.00000000 -1.72718457 -0.21077219 0.83643080 -0.58970397 1.28139849 0.28274526 -0.59658590
0.00000000 0.00000000 0.00000000 0.00000000 0.00000000 0.00000000 0.00000000 0.00000000 0.00000000 0.00000000 0.00000000 0.00000000 0.00000000 0.00000000 0.00000000 0.00000000 0.00000000 0.00000000 0.00000000 0.00000000 0.00000000 0.00000000 0.00000000 0.00000000 0.00000000 0.00000000 0.00000000 0.00000000 0.00000000 0.00000000 0.00000000 0.00000000 0.00000000 0.00000000 1.75839892 1.28655634 -0.64649835 0.79879642 -0.71151225 -0.19574839
0.00000000 0.00000000 0.00000000 0.00000000 0.00000000 0.00000000 0.00000000 0.00000000 0.00000000 0.00000000 0.00000000 0.00000000 0.00000000 0.00000000 0.00000000 0.00000000 0.00000000 0.00000000 0.00000000 0.00000000 0.00000000 0.00000000 0.00000000 0.00000000 0.00000000 0.00000000 0.00000000 0.00000000 0.00000000 0.00000000 0.00000000 0.00000000 0.00000000 0.00000000 0.00000000 -0.82384390 -0.02934755 -0.82961270 -1.79561394 0.01994185
0.00000000 0.00000000 0.00000000 0.00000000 0.00000000 0.00000000 0.00000000 0.00000000 0.00000000 0.00000000 0.00000000 0.00000000 0.00000000 0.00000000 0.00000000 0.00000000 0.00000000 0.00000000 0.00000000 0.00000000 0.00000000 0.00000000 0.00000000 0.00000000 0.00000000 0.00000000 0.00000000 0.00000000 0.00000000 0.00000000 0.00000000 0.00000000 0.00000000 0.00000000 0.00000000 0.00000000 -2.45017083 -1.68834138 -1.15969992 -0.03405473
0.00000000 0.00000000 0.00000000 0.00000000 0.00000000 0.00000000 0.00000000 0.00000000 0.00000000 0.00000000 0.00000000 0.00000000 0.00000000 0.00000000 0.00000000 0.00000000 0.00000000 0.00000000 0.00000000 0.00000000 0.00000000 0.00000000 0.00000000 0.00000000 0.00000000 0.00000000 0.00000000 0.00000000 0.00000000 0.00000000 0.00000000 0.00000000 0.00000000 0.00000000 0.00000000 0.00000000 0.00000000 -1.49473047 2.44069901 -0.13041176
0.00000000 0.00000000 0.00000000 0.00000000 0.00000000 0.00000000 0.00000000 0.00000000 0.00000000 0.00000000 0.00000000 0.00000000 0.00000000 0.00000000 0.00000000 0.00000000 0.00000000 0.00000000 0.00000000 0.00000000 0.00000000 0.00000000 0.00000000 0.00000000 0.00000000 0.00000000 0.00000000 0.00000000 0.00000000 0.00000000 0.00000000 0.00000000 0.00000000 0.00000000 0.00000000 0.00000000 0.00000000 0.00000000 -0.73515458 0.17920371
0.00000000 0.00000000 0.00000000 0.00000000 0.00000000 0.00000000 0.00000000 0.00000000 0.00000000 0.00000000 0.00000000 0.00000000 0.00000000 0.00000000 0.00000000 0.00000000 0.00000000 0.00000000 0.00000000 0.00000000 0.00000000 0.00000000 0.00000000 0.00000000 0.00000000 0.00000000 0.00000000 0.00000000 0.00000000 0.00000000 0.00000000 0.00000000 0.00000000 0.00000000 0.00000000 0.00000000 0.00000000 0.00000000 0.00000000 -0.49292425
