0.68384198 0.99401661 -0.10312044 1.38502391 0.21294411 -0.40500663 -1.03612881 0.53583475 -0.20980870 0.10350581 0.03329796 -1.11286768 -0.23481813 -0.26974933 0.14952310 -1.84319945 -0.31565523 -0.85099253 0.64023464 -1.32913005 0.59417756 1.31366228 -0.92630713 0.38856042 -0.62915121 -0.69569628 -1.04824405 -0.13854497 0.74107733 -0.76262759 -1.25353629 0.50157154 1.22174466 0.86169957 -0.48873769 -1.74605544 -0.36832398 -0.19320336 -1.12415118 -0.97380316
0.00000000 -1.71374824 -0.14513297 0.39991626 0.18249081 -0.96702528 -0.62772400 -1.58284801 -2.41992866 0.22629041 -2.15830669 0.35102248 -0.43614380 -0.42762748 -0.98819654 1.05281651 -0.45307428 -0.99907618 -1.08425743 1.27290842 2.97150593 0.30047985 0.32453189 -1.87387746 0.07278323 -0.69140317 0.50276349 0.90270140 -0.66134003 -0.24142937 1.67164941 0.79937197 0.20395833 0.18664641 0.66382128 -0.68818347 0.97506709 -1.58848046 0.15463395 1.04758863
0.00000000 0.00000000 -0.81159621 0.07653310 -0.00062764 -0.76784862 -2.67150294 -0.99207197 0.17420534 0.45393553 -0.29469941 0.10137912 0.85125822 -1.31564806 -0.65710612 1.31774880 0.74506685 0.30483640 0.99313660 2.99172611 1.07954828 1.37688595 -0.33242186 -0.11903098 -0.23686531 -0.20589778 -1.51288866 -0.09000989 1.07472632 2.13048058 -0.03243509 -0.18571956 1.30062602 1.76086472 1.35045442 -1.73434566 -0.00002013 0.04258843 0.96777440 0.96084586
0.00000000 0.00000000 0.00000000 0.71523069 -1.18040396 -2.85187816 -0.48314763 0.69833996 0.31025467 -0.86759632 -0.96260562 -0.82060018 -0.01380628 -0.74850711 0.19556796 0.58622114 1.60229602 -0.52049141 -0.59622937 0.23195886 1.11031791 0.27246410 1.66987127 -0.09174855 -0.42704172 0.15946132 -0.11752281 1.28938281 -1.25491016 1.22086721 0.05231658 -0.19393155 0.03187780 -0.26604225 -0.79257702 1.10612798 0.80065809 0.74000367 0.10096054 -1.08411836
0.00000000 0.00000000 0.00000000 0.00000000 0.96720064 1.90296825 1.55782490 -0.32231234 1.43348080 0.10618881 0.48936528 -0.00058377 0.93260768 0.22220734 1.82444828 0.66853747 0.57557360 0.45139717 -1.03530597 0.77324582 -0.89480200 -0.50568867 -0.77774446 -0.37300521 2.19333024 0.52120070 -0.40137103 -1.74844175 -0.31306567 0.29642382 0.71545414 -0.24823872 0.32851764 1.07570434 -1.26152225 -0.77967561 -0.07791970 0.44238799 0.87806938 -0.65986645
0.00000000 0.00000000 0.00000000 0.00000000 0.00000000 1.20680555 -1.58532097 -1.02383419 1.09916750 -0.43007738 0.47718033 0.92772115 0.11103100 0.46943483 -1.43527307 -0.62721756 0.39298089 -1.31198598 0.83959289 0.45340564 0.09880561 2.00991854 1.19510813 -0.50370582 0.00122161 1.19156325 0.60261750 0.62258918 -1.01062722 0.44871672 0.01168659 -0.61881924 0.42656977 0.20283769 -0.88645720 1.77429011 -0.66706273 0.94410439 0.49956041 -0.21904209
0.00000000 0.00000000 0.00000000 0.00000000 0.00000000 0.00000000 0.70087372 -1.44974483 -1.01113112 -2.11981889 -1.35782443 0.45933377 0.33462982 0.24364978 1.30864535 0.39037260 1.00584200 0.31172543 1.02934687 0.72939857 -0.35206390 -0.21281016 -1.57774596 0.80501361 -0.56228318 -0.67658347 -1.77070417 1.58491067 -1.86641593 -0.45509399 -0.22627342 -0.04753718 -2.78740141 1.01954590 0.31611282 1.43179722 -0.91469094 -0.93692274 -0.34649131 1.36855666
0.00000000 0.00000000 0.00000000 0.00000000 0.00000000 0.00000000 0.00000000 0.79409200 1.59901293 0.61936912 -1.57584024 0.62632138 1.19616000 -1.17846968 -2.10605753 1.35724030 -1.53282715 1.79025926 -0.77829945 -0.36415558 0.50783415 0.43962309 1.28730014 1.18357094 -0.64981544 -0.44875763 0.61439475 0.64683672 -0.94418479 0.57444890 0.63720071 1.29438525 0.09033751 0.70510130 1.11832795 -1.72983862 -0.03621829 -0.76571645 0.22757946 1.39014500
0.00000000 0.00000000 0.00000000 0.00000000 0.00000000 0.00000000 0.00000000 0.00000000 -1.64417883 0.60500784 -0.15677734 -0.91201210 1.92018407 0.25056626 0.15653548 -0.51529379 0.09614115 -0.53975614 -0.10343563 2.61924007 -1.51896262 -0.33263336 -0.70573487 0.10454795 -0.13003593 -0.03407239 2.77510823 0.20888507 0.34215958 1.59089513 0.24466643 -0.14261478 0.14905856 0.66795082 -2.02058257 -0.21305026 1.30171608 0.07472012 1.29977935 -1.35977411
0.00000000 0.00000000 0.00000000 0.00000000 0.00000000 0.00000000 0.00000000 0.00000000 0.00000000 -0.02993854 -0.36901655 0.39170092 0.64864363 0.45274301 0.09956646 -0.14276835 -1.01517437 -0.19206121 0.37812671 -0.59530348 -0.29464440 -0.08627349 -0.70909987 -1.79221120 1.13992456 -0.37690363 -1.03901795 1.37394828 0.04322048 2.32660650 -1.41871139 0.85450355 -0.12618032 -2.64146392 2.52346633 -1.11828858 0.32370787 0.14685081 -0.94167785 0.58885299
0.00000000 0.00000000 0.00000000 0.00000000 0.00000000 0.00000000 0.00000000 0.00000000 0.00000000 0.00000000 -0.67436345 1.70652882 2.18024799 1.35382076 -0.91638638 0.06282539 0.06669816 -0.25988142 -0.80916164 -0.49224519 -1.81749469 -1.44999595 0.15373155 0.19994991 -0.62897260 -0.21469782 -1.63956624 -0.00507659 -0.61820998 -0.20456731 0.16207985 1.10129687 0.04556605 -0.36444031 1.17957621 -0.46225759 -0.28651237 -1.40840956 0.26766609 1.34165686
0.00000000 0.00000000 0.00000000 0.00000000 0.00000000 0.00000000 0.00000000 0.00000000 0.00000000 0.00000000 0.00000000 0.79515164 1.02765199 0.73889587 0.85478253 1.47373049 -0.27270916 0.24545185 -0.10378821 0.50588935 -0.41911391 -3.01557701 -0.81884036 0.49120021 0.65717049 -1.04312838 0.61985293 0.21299512 0.45517556 0.72508497 0.58912644 0.93704954 0.14485369 0.44527474 -0.88405197 -1.27462855 -1.27841518 -2.72305005 -0.73316643 2.52881043
0.00000000 0.00000000 0.00000000 0.00000000 0.00000000 0.00000000 0.00000000 0.00000000 0.00000000 0.00000000 0.00000000 0.00000000 -1.83308564 -0.00721810 1.72849618 -2.04551289 -0.49968428 1.36611306 -0.17062701 0.37587772 -0.28701633 -0.51681070 0.15481823 -0.77453940 -2.09947116 0.08423221 0.96581979 1.18866533 -0.81924179 1.38635080 -1.65543169 1.73638704 -0.91718497 0.36479217 0.60134219 1.41514251 0.17513543 -0.74060152 -0.44389052 0.55877536
0.00000000 0.00000000 0.00000000 0.00000000 0.00000000 0.00000000 0.00000000 0.00000000 0.00000000 0.00000000 0.00000000 0.00000000 0.00000000 -0.97607619 -0.41572690 2.36420468 -0.19022357 -0.92062801 -0.33155559 -0.68680048 0.04587341 -1.05005533 1.84640027 -0.11233926 -1.20820297 0.38278459 0.26753596 0.40461885 0.79104158 0.15623617 -0.59210023 -0.13644579 0.85200935 -0.80722091 -0.35845224 0.77106819 2.03722511 0.06526109 -1.79795169 1.12679868
0.00000000 0.00000000 0.00000000 0.00000000 0.00000000 0.00000000 0.00000000 0.00000000 0.00000000 0.00000000 0.00000000 0.00000000 0.00000000 0.00000000 1.73660261 -2.78895759 -0.08629792 0.81659821 -1.79643425 0.22656444 -0.97948659 -1.10635333 1.00826965 -1.26399347 -0.73986763 -1.52722397 0.02193746 -1.08370776 0.38642227 0.10042074 -0.92800740 -1.98160417 -0.37145493 0.02543144 -0.10963480 -0.09329082 -0.18478086 0.53325007 -0.02692896 0.90092627
0.00000000 0.00000000 0.00000000 0.00000000 0.00000000 0.00000000 0.00000000 0.00000000 0.00000000 0.00000000 0.00000000 0.00000000 0.00000000 0.00000000 0.00000000 -0.28148470 -0.04647887 0.34024807 -1.19143160 0.06398962 -1.15421261 0.46919987 2.34101168 -0.38169824 -1.38218900 1.61441753 -1.08186346 -0.45400018 -0.48454440 2.18242155 0.59662902 -0.72424241 -0.71431777 -0.45809150 0.25916210 1.41115335 -0.30681607 -2.87871583 -0.21095265 1.15281007
0.00000000 0.00000000 0.00000000 0.00000000 0.00000000 0.00000000 0.00000000 0.00000000 0.00000000 0.00000000 0.00000000 0.00000000 0.00000000 0.00000000 0.00000000 0.00000000 -0.09604253 -0.42588788 -0.66523635 0.57435284 0.70365386 1.41584718 -0.08689309 -0.54159045 -0.58178339 -1.27130408 -0.32170231 -0.65879558 -0.52411354 -1.17390081 0.76411741 -1.23471703 1.25472706 -0.55173153 -1.35517061 2.65943129 -1.65376981 -0.74591493 -0.58851406 -0.40758599
0.00000000 0.00000000 0.00000000 0.00000000 0.00000000 0.00000000 0.00000000 0.00000000 0.00000000 0.00000000 0.00000000 0.00000000 0.00000000 0.00000000 0.00000000 0.00000000 0.00000000 1.28347271 -0.29062474 0.92455619 0.69900515 1.02482684 0.33017663 0.18796326 -0.22763231 -0.42800491 -0.18365297 0.18529158 -0.06770339 0.11481384 0.21806991 2.67334920 -0.88635546 -0.53674851 2.00421474 -0.99138348 -0.15824612 -1.16796133 1.72717898 -0.15605162
0.00000000 0.00000000 0.00000000 0.00000000 0.00000000 0.00000000 0.00000000 0.00000000 0.00000000 0.00000000 0.00000000 0.00000000 0.00000000 0.00000000 0.00000000 0.00000000 0.00000000 0.00000000 -0.13440694 0.82889150 0.54754723 0.24484898 -0.09092263 -0.40180855 0.47014033 -0.09180684 -0.94491466 0.04717080 -0.96748952 -1.32743645 0.08900831 0.83523577 2.07575177 0.13912734 -0.31206862 0.45603661 -0.86980912 0.57264811 -1.11223410 -1.09374423
0.00000000 0.00000000 0.00000000 0.00000000 0.00000000 0.00000000 0.00000000 0.00000000 0.00000000 0.00000000 0.00000000 0.00000000 0.00000000 0.00000000 0.00000000 0.00000000 0.00000000 0.00000000 0.00000000 0.07557099 1.88929185 -1.18534636 0.13206364 0.94172093 0.67954583 -0.82428295 0.54023929 0.35404078 1.38208210 -0.01738907 -0.91299069 0.14750961 1.38619739 1.22901302 -0.30554271 0.51084067 -0.71469839 -0.96479590 0.33647847 -1.21877341
0.00000000 0.00000000 0.00000000 0.00000000 0.00000000 0.00000000 0.00000000 0.00000000 0.00000000 0.00000000 0.00000000 0.00000000 0.00000000 0.00000000 0.00000000 0.00000000 0.00000000 0.00000000 0.00000000 0.00000000 -0.08807670 0.65162061 -0.61436581 -0.87997175 0.02743222 -0.33696980 0.09575863 1.21775643 -0.86635823 0.38578379 1.00952301 -0.79103608 0.31057985 -0.53344427 -0.06212016 1.22726096 0.97168765 0.89365821 -0.24057725 0.69634759
0.00000000 0.00000000 0.00000000 0.00000000 0.00000000 0.00000000 0.00000000 0.00000000 0.00000000 0.00000000 0.00000000 0.00000000 0.00000000 0.00000000 0.00000000 0.00000000 0.00000000 0.00000000 0.00000000 0.00000000 0.00000000 0.54989906 0.11099403 0.02789245 -0.63023472 -0.14806144 0.30454396 -0.79556750 0.67161515 0.74299278 -0.27024439 -0.94548532 -0.52700970 0.67153205 -0.49812152 0.33089785 -2.16962738 0.83104394 -0.23645303 0.25832826
0.00000000 0.00000000 0.00000000 0.00000000 0.00000000 0.00000000 0.00000000 0.00000000 0.00000000 0.00000000 0.00000000 0.00000000 0.00000000 0.00000000 0.00000000 0.00000000 0.00000000 0.00000000 0.00000000 0.00000000 0.00000000 0.00000000 1.35488267 -0.89179513 1.52537799 0.04776447 -0.38692008 0.89388150 -1.26881199 0.56470428 -0.61034934 -0.14930739 1.92310587 -1.32423522 -2.32763701 -1.27189929 -0.74321292 1.34265533 -0.70753138 0.67245664
0.00000000 0.00000000 0.00000000 0.00000000 0.00000000 0.00000000 0.00000000 0.00000000 0.00000000 0.00000000 0.00000000 0.00000000 0.00000000 0.00000000 0.00000000 0.00000000 0.00000000 0.00000000 0.00000000 0.00000000 0.00000000 0.00000000 0.00000000 1.05612243 -1.22480768 0.92402975 0.75456427 -1.59006493 0.60603858 -1.20440266 -0.85681785 1.53560740 -1.16473760 -0.59143731 -1.37139524 2.03248287 0.42011706 0.43792850 -0.76918740 -0.01074467
0.00000000 0.00000000 0.00000000 0.00000000 0.00000000 0.00000000 0.00000000 0.00000000 0.00000000 0.00000000 0.00000000 0.00000000 0.00000000 0.00000000 0.00000000 0.00000000 0.00000000 0.00000000 0.00000000 0.00000000 0.00000000 0.00000000 0.00000000 0.00000000 1.00200927 0.53825793 -0.68954522 -1.49340193 0.11892780 1.32694247 -0.91269672 -0.49732161 -1.06639070 2.00093823 0.74229993 1.15145117 -0.43451753 -0.68417494 1.20576005 -1.17900141
0.00000000 0.00000000 0.00000000 0.00000000 0.00000000 0.00000000 0.00000000 0.00000000 0.00000000 0.00000000 0.00000000 0.00000000 0.00000000 0.00000000 0.00000000 0.00000000 0.00000000 0.00000000 0.00000000 0.00000000 0.00000000 0.00000000 0.00000000 0.00000000 0.00000000 0.77148560 0.93870336 -0.75032480 0.07193451 1.39769744 0.38518982 -1.06717278 -0.10882986 0.02271437 -1.06555297 -0.01302222 0.46395182 0.17703243 -0.05693850 0.46942806
0.00000000 0.00000000 0.00000000 0.00000000 0.00000000 0.00000000 0.00000000 0.00000000 0.00000000 0.00000000 0.00000000 0.00000000 0.00000000 0.00000000 0.00000000 0.00000000 0.00000000 0.00000000 0.00000000 0.00000000 0.00000000 0.00000000 0.00000000 0.00000000 0.00000000 0.00000000 0.67807112 0.92895495 0.92770779 1.02144449 -0.86147011 0.41346425 -1.60507276 -0.12062882 -0.84587499 0.12324120 0.49100574 -0.14459641 -1.73020777 -1.09364858
0.00000000 0.00000000 0.00000000 0.00000000 0.00000000 0.00000000 0.00000000 0.00000000 0.00000000 0.00000000 0.00000000 0.00000000 0.00000000 0.00000000 0.00000000 0.00000000 0.00000000 0.00000000 0.00000000 0.00000000 0.00000000 0.00000000 0.00000000 0.00000000 0.00000000 0.00000000 0.00000000 -0.13673325 0.14487990 1.04544524 0.41582164 2.20859100 0.71123838 0.12550687 0.91666012 0.01994199 0.17817260 0.85346201 1.83721937 -0.09536852
0.00000000 0.00000000 0.00000000 0.00000000 0.00000000 0.00000000 0.00000000 0.00000000 0.00000000 0.00000000 0.00000000 0.00000000 0.00000000 0.00000000 0.00000000 0.00000000 0.00000000 0.00000000 0.00000000 0.00000000 0.00000000 0.00000000 0.00000000 0.00000000 0.00000000 0.00000000 0.00000000 0.00000000 1.39529233 -0.49129313 1.68170973 -0.58825813 0.15707099 2.08512896 -0.76074215 0.02621244 0.25656660 0.06950517 0.28835397 0.10156588
0.00000000 0.00000000 0.00000000 0.00000000 0.00000000 0.00000000 0.00000000 0.00000000 0.00000000 0.00000000 0.00000000 0.00000000 0.00000000 0.00000000 0.00000000 0.00000000 0.00000000 0.00000000 0.00000000 0.00000000 0.00000000 0.00000000 0.00000000 0.00000000 0.00000000 0.00000000 0.00000000 0.00000000 0.00000000 -1.67801096 0.03166204 -0.75877214 -0.22984568 -0.16537785 -0.37119939 -0.50075674 -0.64170972 -0.60127260 -0.13231430 0.66310544
0.00000000 0.00000000 0.00000000 0.00000000 0.00000000 0.00000000 0.00000000 0.00000000 0.00000000 0.00000000 0.00000000 0.00000000 0.00000000 0.00000000 0.00000000 0.00000000 0.00000000 0.00000000 0.00000000 0.00000000 0.00000000 0.00000000 0.00000000 0.00000000 0.00000000 0.00000000 0.00000000 0.00000000 0.00000000 0.00000000 -0.65268765 -0.67248699 -1.25992091 0.42174668 -0.91179624 0.52208105 1.67392206 0.06571902 -0.03602033 1.44533171
0.00000000 0.00000000 0.00000000 0.00000000 0.00000000 0.00000000 0.00000000 0.00000000 0.00000000 0.00000000 0.00000000 0.00000000 0.00000000 0.00000000 0.00000000 0.00000000 0.00000000 0.00000000 0.00000000 0.00000000 0.00000000 0.00000000 0.00000000 0.00000000 0.00000000 0.00000000 0.00000000 0.00000000 0.00000000 0.00000000 0.00000000 -0.86519860 0.27524256 -0.54611481 -0.13551965 -0.37682475 -0.00658297 0.11981695 0.24311994 1.31368769
0.00000000 0.00000000 0.00000000 0.00000000 0.00000000 0.00000000 0.00000000 0.00000000 0.00000000 0.00000000 0.00000000 0.00000000 0.00000000 0.00000000 0.00000000 0.00000000 0.00000000 0.00000000 0.00000000 0.00000000 0.00000000 0.00000000 0.00000000 0.00000000 0.00000000 0.00000000 0.00000000 0.00000000 0.00000000 0.00000000 0.00000000 0.00000000 2.73680047 1.73662130 -1.25037742 0.60866966 1.26158821 0.02775046 -0.98306832 -0.95724164
0.00000000 0.00000000 0.00000000 0.00000000 0.00000000 0.00000000 0.00000000 0.00000000 0.00000000 0.00000000 0.00000000 0.00000000 0.00000000 0.00000000 0.00000000 0.00000000 0.00000000 0.00000000 0.00000000 0.00000000 0.00000000 0.00000000 0.00000000 0.00000000 0.00000000 0.00000000 0.00000000 0.00000000 0.00000000 0.00000000 0.00000000 0.00000000 0.00000000 -0.04889480 -1.88424948 -0.87366484 -0.71935217 0.83678759 0.63289558 0.10014169
0.00000000 0.00000000 0.00000000 0.00000000 0.00000000 0.00000000 0.00000000 0.00000000 0.00000000 0.00000000 0.00000000 0.00000000 0.00000000 0.00000000 0.00000000 0.00000000 0.00000000 0.00000000 0.00000000 0.00000000 0.00000000 0.00000000 0.00000000 0.00000000 0.00000000 0.00000000 0.00000000 0.00000000 0.00000000 0.00000000 0.00000000 0.00000000 0.00000000 0.00000000 1.18030496 1.13163478 0.59121624 2.47710301 -1.68490292 -0.43806876
0.00000000 0.00000000 0.00000000 0.00000000 0.00000000 0.00000000 0.00000000 0.00000000 0.00000000 0.00000000 0.00000000 0.00000000 0.00000000 0.00000000 0.00000000 0.00000000 0.00000000 0.00000000 0.00000000 0.00000000 0.00000000 0.00000000 0.00000000 0.00000000 0.00000000 0.00000000 0.00000000 0.00000000 0.00000000 0.00000000 0.00000000 0.00000000 0.00000000 0.00000000 0.00000000 -0.80998901 1.35921460 0.04344729 -1.04684791 -0.71710247
0.00000000 0.00000000 0.00000000 0.00000000 0.00000000 0.00000000 0.00000000 0.00000000 0.00000000 0.00000000 0.00000000 0.00000000 0.00000000 0.00000000 0.00000000 0.00000000 0.00000000 0.00000000 0.00000000 0.00000000 0.00000000 0.00000000 0.00000000 0.00000000 0.00000000 0.00000000 0.00000000 0.00000000 0.00000000 0.00000000 0.00000000 0.00000000 0.00000000 0.00000000 0.00000000 0.00000000 0.27919254 1.00321987 -0.18830397 0.35181191
0.00000000 0.00000000 0.00000000 0.00000000 0.00000000 0.00000000 0.00000000 0.00000000 0.00000000 0.00000000 0.00000000 0.00000000 0.00000000 0.00000000 0.00000000 0.00000000 0.00000000 0.00000000 0.00000000 0.00000000 0.00000000 0.00000000 0.00000000 0.00000000 0.00000000 0.00000000 0.00000000 0.00000000 0.00000000 0.00000000 0.00000000 0.00000000 0.00000000 0.00000000 0.00000000 0.00000000 0.00000000 0.82608681 -0.58126874 0.15283447
0.00000000 0.00000000 0.00000000 0.00000000 0.00000000 0.00000000 0.00000000 0.00000000 0.00000000 0.00000000 0.00000000 0.00000000 0.00000000 0.00000000 0.00000000 0.00000000 0.00000000 0.00000000 0.00000000 0.00000000 0.00000000 0.00000000 0.00000000 0.00000000 0.00000000 0.00000000 0.00000000 0.00000000 0.00000000 0.00000000 0.00000000 0.00000000 0.00000000 0.00000000 0.00000000 0.00000000 0.00000000 0.00000000 0.06973289 -0.54296748
0.00000000 0.00000000 0.00000000 0.00000000 0.00000000 0.00000000 0.00000000 0.00000000 0.00000000 0.00000000 0.00000000 0.00000000 0.00000000 0.00000000 0.00000000 0.00000000 0.00000000 0.00000000 0.00000000 0.00000000 0.00000000 0.00000000 0.00000000 0.00000000 0.00000000 0.00000000 0.00000000 0.00000000 0.00000000 0.00000000 0.00000000 0.00000000 0.00000000 0.00000000 0.00000000 0.00000000 0.00000000 0.00000000 0.00000000 -0.87212157
