0.609552 -0.521797 -0.983916 -0.956312 1.872324 0.697323 1.080171 0.070757 -0.866906 1.055325 -0.889094 -2.555184 1.095466 1.291553 1.264804 -0.197621 -3.740531 0.094673 0.889111 1.517038 0.551953 -1.407124 0.411718 -0.555546 0.447995 2.448375 -1.353707 -0.815196 -0.528975 -2.934049 -3.524364 0.251923 1.262057 -0.611984 0.680871 0.155479 0.829421 0.202614 0.507215 0.641828
0.000000 0.097751 -0.106518 0.506260 0.861713 0.312369 0.326425 0.197268 -0.688920 0.812387 1.132283 -0.450468 -0.571122 -1.227594 1.256569 0.780948 -0.327238 0.382614 0.237748 -1.097875 -0.915232 0.337431 1.795983 0.433836 -1.589849 0.653814 -2.141070 -0.282600 1.033717 0.758200 0.035366 -0.549850 0.748023 -0.206205 0.196461 -0.434546 1.668760 -0.428988 0.931727 0.562922
0.000000 0.000000 0.386269 0.197367 -0.415680 -1.095222 -0.818405 0.170727 -0.081431 0.167335 1.558907 1.238026 -0.007503 -0.328352 -1.748966 -0.212361 2.300173 0.160302 -0.830003 -0.690799 0.240831 0.870405 -0.140864 0.557380 -1.006924 -1.939786 1.104136 1.243214 0.056839 0.621806 -0.206606 -0.254907 -0.903706 0.381620 0.995832 -0.365546 0.290531 -0.252671 -0.872011 0.309163
0.000000 0.000000 0.000000 0.472859 -1.159664 -0.027941 -0.548873 -0.265374 0.566857 -0.430208 0.865720 -0.426426 -0.804202 -0.735582 0.305740 -0.258977 1.749676 -0.909812 -0.075287 -1.075202 -0.534139 0.289298 -0.311525 -0.100267 -1.678320 1.055889 0.922291 0.888042 0.736614 0.904643 1.524556 -0.617378 -0.372171 0.867390 -0.165165 0.242107 0.239367 0.052913 0.575507 -0.629823
0.000000 0.000000 0.000000 0.000000 0.375333 2.071091 1.871285 -0.237645 -1.739663 1.393632 0.633550 -2.177560 0.820171 -0.593421 2.167137 0.926776 -3.567945 1.333978 0.329948 1.419639 0.818833 -0.998969 1.667837 1.244775 1.124793 -0.078401 -2.181043 -1.772592 -0.082389 -1.336155 -2.829705 -0.374319 1.542215 -0.999488 1.033786 -0.263570 1.013163 -1.040602 -0.436646 -0.205553
0.000000 0.000000 0.000000 0.000000 0.000000 0.455071 1.553630 -0.163245 -0.020275 -0.005234 -1.369904 -2.268067 -0.121545 -0.603324 1.741704 0.229882 -2.450202 -0.214792 0.892539 1.308011 0.047327 -0.899071 0.629921 0.474025 1.003149 1.909971 -1.131814 -1.259414 0.524037 0.648500 -0.307328 -0.361670 -0.366137 -0.711327 0.655542 0.844271 0.105021 -0.046550 0.004994 -1.844708
0.000000 0.000000 0.000000 0.000000 0.000000 0.000000 0.035696 -0.133694 -0.450481 0.385363 -1.206238 -0.764383 0.237458 -0.062069 0.991208 0.251565 -2.313518 0.312006 0.516836 0.946383 0.008385 -0.743104 0.587241 0.341189 0.908981 0.965393 -1.340132 -0.988639 0.134334 -0.226476 -1.224985 -0.033344 0.544775 -0.475577 0.346672 0.259804 0.330483 -0.103050 0.302872 -0.551561
0.000000 0.000000 0.000000 0.000000 0.000000 0.000000 0.000000 0.599127 -0.049398 0.155918 -0.255715 0.009886 0.179485 0.305096 -0.459878 0.191130 -0.310685 0.262253 0.216752 0.218870 -0.030150 0.382246 0.675204 -0.267956 0.301987 -0.364506 -1.018259 -0.478881 -0.083949 0.318335 -0.107789 0.335487 -0.946285 -1.006350 0.501993 -0.106679 0.160016 0.329816 -0.717754 0.754615
0.000000 0.000000 0.000000 0.000000 0.000000 0.000000 0.000000 0.000000 0.536408 -0.864227 -1.170154 0.659739 -0.466880 0.189379 -0.958136 -0.558236 1.145072 -0.833907 0.103569 -0.155230 -0.367387 0.196443 -0.965881 -0.438718 -0.000442 0.525066 1.159209 0.767212 0.137662 1.060486 1.343974 0.178085 -1.071624 0.400439 -0.327415 0.549150 -0.723711 0.564769 0.288618 -0.867296
0.000000 0.000000 0.000000 0.000000 0.000000 0.000000 0.000000 0.000000 0.000000 1.004317 0.981492 -1.275823 0.430706 -0.198243 0.471717 0.578634 -1.647890 0.907398 0.324459 0.247714 0.219477 -0.065438 1.359428 0.404862 -0.118808 -0.409235 -1.394271 -0.058497 -0.152084 -0.983383 -1.920399 0.207149 0.969207 -0.765399 0.436699 -0.471732 1.102276 -0.595656 0.378054 0.559160
0.000000 0.000000 0.000000 0.000000 0.000000 0.000000 0.000000 0.000000 0.000000 0.000000 0.094269 -2.847932 -0.024147 -1.565609 1.739195 0.902798 2.026603 0.691014 -0.839679 -1.460310 1.002722 0.779893 1.128943 0.822678 -2.285602 -2.085665 0.943825 0.586214 -0.088194 -1.326503 0.529342 -0.914586 1.204762 0.218503 -0.036016 -1.184252 0.936382 -1.637347 -0.887816 0.942516
0.000000 0.000000 0.000000 0.000000 0.000000 0.000000 0.000000 0.000000 0.000000 0.000000 0.000000 0.375245 -0.465319 0.759135 -4.206419 -1.043061 4.043198 -0.281565 -1.701677 -1.513512 -1.310219 1.018623 -2.053730 -0.017786 -0.198466 -2.082915 1.173802 1.072680 0.406299 2.477817 1.143006 0.006467 -1.030299 1.988678 -0.042319 -0.242297 -0.802208 1.084885 -0.108180 1.136058
0.000000 0.000000 0.000000 0.000000 0.000000 0.000000 0.000000 0.000000 0.000000 0.000000 0.000000 0.000000 0.411704 0.600151 -0.052180 0.147469 -1.272624 0.606286 0.075989 0.839931 0.646690 -0.257561 0.202028 0.004076 1.017669 -0.700775 -0.364725 -0.487829 -0.682445 -1.159010 -1.327876 0.425942 0.327937 -0.655766 0.194515 -0.206938 -0.131226 -0.132056 -0.536778 0.506471
0.000000 0.000000 0.000000 0.000000 0.000000 0.000000 0.000000 0.000000 0.000000 0.000000 0.000000 0.000000 0.000000 0.833209 -0.898145 -0.444253 -0.752435 -0.054791 0.118133 0.763410 0.246260 -0.302062 -0.715830 -0.742706 1.067759 0.152358 0.112626 -0.241149 -0.709990 -0.953234 -0.830215 0.668362 -0.213978 -0.266218 -0.105004 0.106193 -0.629182 0.648407 -0.270194 0.685102
0.000000 0.000000 0.000000 0.000000 0.000000 0.000000 0.000000 0.000000 0.000000 0.000000 0.000000 0.000000 0.000000 0.000000 -0.264849 0.918254 -2.452693 0.061837 0.697544 0.262831 0.305292 -1.071394 1.190456 0.043699 -0.246108 2.273512 -1.435516 -1.995105 0.289180 -1.543607 0.362796 -0.777872 1.944089 -0.371684 -0.798535 -0.038460 0.535868 -0.736718 0.375007 -0.187977
0.000000 0.000000 0.000000 0.000000 0.000000 0.000000 0.000000 0.000000 0.000000 0.000000 0.000000 0.000000 0.000000 0.000000 0.000000 0.980051 -1.085529 0.816143 0.233382 0.150639 0.192796 0.104267 1.166574 0.318312 0.433482 -0.770818 -1.201702 -0.691568 -0.141588 -0.257586 -0.201329 0.177769 0.590489 -0.879672 -0.192183 -0.388703 0.349388 -0.530578 -0.106991 0.336649
0.000000 0.000000 0.000000 0.000000 0.000000 0.000000 0.000000 0.000000 0.000000 0.000000 0.000000 0.000000 0.000000 0.000000 0.000000 0.000000 -0.080413 -1.497693 -1.968333 -2.843804 -0.646473 1.605237 -2.239052 0.001110 -2.998777 -1.538460 3.847158 2.314183 0.862835 2.451528 3.789930 -1.200238 -1.831801 2.682122 -0.044278 -0.147664 -0.735410 0.381492 -0.874331 0.160492
0.000000 0.000000 0.000000 0.000000 0.000000 0.000000 0.000000 0.000000 0.000000 0.000000 0.000000 0.000000 0.000000 0.000000 0.000000 0.000000 0.000000 1.173971 0.065162 0.547724 0.517928 0.155831 1.197147 0.525895 1.143317 -1.968169 -1.283504 -0.581547 -0.614531 -0.702632 -1.289417 0.582104 0.785309 -1.143610 0.006822 -0.637956 0.283998 -0.666131 -0.344174 0.699165
0.000000 0.000000 0.000000 0.000000 0.000000 0.000000 0.000000 0.000000 0.000000 0.000000 0.000000 0.000000 0.000000 0.000000 0.000000 0.000000 0.000000 0.000000 0.423345 0.688266 -0.104624 -0.352248 0.725969 -0.250465 0.543322 1.137017 -1.129112 -0.373139 -0.023606 -0.237511 -0.579131 0.410335 0.068731 -0.893820 -0.045331 0.284298 0.285527 0.099827 0.607565 -0.396792
0.000000 0.000000 0.000000 0.000000 0.000000 0.000000 0.000000 0.000000 0.000000 0.000000 0.000000 0.000000 0.000000 0.000000 0.000000 0.000000 0.000000 0.000000 0.000000 0.962566 0.863059 -0.725687 0.232976 0.016216 2.368860 -0.072825 -0.690044 -1.081887 -0.826283 -0.919343 -1.524253 0.728173 -0.198549 -1.361858 0.348962 0.357958 -0.602986 0.039587 -0.674478 -0.575282
0.000000 0.000000 0.000000 0.000000 0.000000 0.000000 0.000000 0.000000 0.000000 0.000000 0.000000 0.000000 0.000000 0.000000 0.000000 0.000000 0.000000 0.000000 0.000000 0.000000 0.172146 -0.192695 -0.039777 0.218697 1.048589 -1.199628 0.552901 -0.399910 -0.809025 -1.158332 -0.636708 0.227966 0.147929 -0.560826 0.096589 -0.161892 -0.542975 -0.436927 -1.054342 -0.015066
0.000000 0.000000 0.000000 0.000000 0.000000 0.000000 0.000000 0.000000 0.000000 0.000000 0.000000 0.000000 0.000000 0.000000 0.000000 0.000000 0.000000 0.000000 0.000000 0.000000 0.000000 1.037115 0.221365 0.099366 -0.536509 -1.354488 0.205267 0.595527 0.112758 0.958989 0.816095 0.078459 -0.781714 -0.110059 0.140982 -0.294949 0.076497 -0.017353 -0.396936 0.429409
0.000000 0.000000 0.000000 0.000000 0.000000 0.000000 0.000000 0.000000 0.000000 0.000000 0.000000 0.000000 0.000000 0.000000 0.000000 0.000000 0.000000 0.000000 0.000000 0.000000 0.000000 0.000000 0.533868 0.468095 0.020892 -0.380430 -2.796996 -0.847741 0.164402 -0.172576 -1.249632 0.238594 0.509934 -1.724067 0.525089 -0.518212 1.429053 -0.634815 0.134674 0.665269
0.000000 0.000000 0.000000 0.000000 0.000000 0.000000 0.000000 0.000000 0.000000 0.000000 0.000000 0.000000 0.000000 0.000000 0.000000 0.000000 0.000000 0.000000 0.000000 0.000000 0.000000 0.000000 0.000000 0.512166 0.007298 -1.044708 -0.074509 0.130836 0.147030 0.342880 -0.513142 -0.269316 0.275272 0.015120 0.459551 -0.177431 0.350933 -0.636165 -0.163119 -0.493202
0.000000 0.000000 0.000000 0.000000 0.000000 0.000000 0.000000 0.000000 0.000000 0.000000 0.000000 0.000000 0.000000 0.000000 0.000000 0.000000 0.000000 0.000000 0.000000 0.000000 0.000000 0.000000 0.000000 0.000000 1.090406 -1.693319 -0.730071 -1.658409 -1.415454 -0.638777 -0.791210 1.369736 -0.183418 -1.824156 -0.472503 0.194399 -1.606685 0.036908 -1.097444 -0.421205
0.000000 0.000000 0.000000 0.000000 0.000000 0.000000 0.000000 0.000000 0.000000 0.000000 0.000000 0.000000 0.000000 0.000000 0.000000 0.000000 0.000000 0.000000 0.000000 0.000000 0.000000 0.000000 0.000000 0.000000 0.000000 -0.187125 -0.769771 -0.392635 1.302336 -0.177431 0.061114 -0.899827 0.288340 0.959654 0.058923 1.152941 0.866865 1.011172 1.939212 -0.945257
0.000000 0.000000 0.000000 0.000000 0.000000 0.000000 0.000000 0.000000 0.000000 0.000000 0.000000 0.000000 0.000000 0.000000 0.000000 0.000000 0.000000 0.000000 0.000000 0.000000 0.000000 0.000000 0.000000 0.000000 0.000000 0.000000 0.607714 1.951704 -0.303589 0.172899 1.870479 -0.460556 -0.672657 2.134811 -0.543790 0.389526 -1.611903 0.062139 -0.447784 -1.253480
0.000000 0.000000 0.000000 0.000000 0.000000 0.000000 0.000000 0.000000 0.000000 0.000000 0.000000 0.000000 0.000000 0.000000 0.000000 0.000000 0.000000 0.000000 0.000000 0.000000 0.000000 0.000000 0.000000 0.000000 0.000000 0.000000 0.000000 0.298999 0.255102 0.594292 -0.028337 -0.014740 -0.233605 1.265142 0.095755 0.054117 0.330998 -0.067638 1.167347 -0.665727
0.000000 0.000000 0.000000 0.000000 0.000000 0.000000 0.000000 0.000000 0.000000 0.000000 0.000000 0.000000 0.000000 0.000000 0.000000 0.000000 0.000000 0.000000 0.000000 0.000000 0.000000 0.000000 0.000000 0.000000 0.000000 0.000000 0.000000 0.000000 0.091995 1.198796 0.656802 -0.719231 -0.318317 0.649413 0.400395 0.223992 0.705878 0.171884 0.551572 -0.361951
0.000000 0.000000 0.000000 0.000000 0.000000 0.000000 0.000000 0.000000 0.000000 0.000000 0.000000 0.000000 0.000000 0.000000 0.000000 0.000000 0.000000 0.000000 0.000000 0.000000 0.000000 0.000000 0.000000 0.000000 0.000000 0.000000 0.000000 0.000000 0.000000 0.030178 2.358639 -0.404631 -2.255600 0.350129 0.571790 0.527611 -0.127275 0.568424 -0.157122 -1.107363
0.000000 0.000000 0.000000 0.000000 0.000000 0.000000 0.000000 0.000000 0.000000 0.000000 0.000000 0.000000 0.000000 0.000000 0.000000 0.000000 0.000000 0.000000 0.000000 0.000000 0.000000 0.000000 0.000000 0.000000 0.000000 0.000000 0.000000 0.000000 0.000000 0.000000 0.075362 -0.634959 -1.435593 1.001435 -1.382941 0.349294 -1.474919 0.465474 -0.598654 -0.640569
0.000000 0.000000 0.000000 0.000000 0.000000 0.000000 0.000000 0.000000 0.000000 0.000000 0.000000 0.000000 0.000000 0.000000 0.000000 0.000000 0.000000 0.000000 0.000000 0.000000 0.000000 0.000000 0.000000 0.000000 0.000000 0.000000 0.000000 0.000000 0.000000 0.000000 0.000000 1.176193 -0.033064 -0.959065 -0.361949 -0.080006 -0.382169 0.090357 0.097069 0.219408
0.000000 0.000000 0.000000 0.000000 0.000000 0.000000 0.000000 0.000000 0.000000 0.000000 0.000000 0.000000 0.000000 0.000000 0.000000 0.000000 0.000000 0.000000 0.000000 0.000000 0.000000 0.000000 0.000000 0.000000 0.000000 0.000000 0.000000 0.000000 0.000000 0.000000 0.000000 0.000000 0.186596 0.536609 -1.247120 -0.648842 0.687406 -0.967344 1.627164 0.539755
0.000000 0.000000 0.000000 0.000000 0.000000 0.000000 0.000000 0.000000 0.000000 0.000000 0.000000 0.000000 0.000000 0.000000 0.000000 0.000000 0.000000 0.000000 0.000000 0.000000 0.000000 0.000000 0.000000 0.000000 0.000000 0.000000 0.000000 0.000000 0.000000 0.000000 0.000000 0.000000 0.000000 0.087161 -0.386674 0.166664 -0.122289 0.142477 0.856114 -0.428483
0.000000 0.000000 0.000000 0.000000 0.000000 0.000000 0.000000 0.000000 0.000000 0.000000 0.000000 0.000000 0.000000 0.000000 0.000000 0.000000 0.000000 0.000000 0.000000 0.000000 0.000000 0.000000 0.000000 0.000000 0.000000 0.000000 0.000000 0.000000 0.000000 0.000000 0.000000 0.000000 0.000000 0.000000 0.169783 0.145862 0.800271 0.141394 -0.876053 -0.044717
0.000000 0.000000 0.000000 0.000000 0.000000 0.000000 0.000000 0.000000 0.000000 0.000000 0.000000 0.000000 0.000000 0.000000 0.000000 0.000000 0.000000 0.000000 0.000000 0.000000 0.000000 0.000000 0.000000 0.000000 0.000000 0.000000 0.000000 0.000000 0.000000 0.000000 0.000000 0.000000 0.000000 0.000000 0.000000 0.101927 -0.325038 0.391202 0.152835 -0.926301
0.000000 0.000000 0.000000 0.000000 0.000000 0.000000 0.000000 0.000000 0.000000 0.000000 0.000000 0.000000 0.000000 0.000000 0.000000 0.000000 0.000000 0.000000 0.000000 0.000000 0.000000 0.000000 0.000000 0.000000 0.000000 0.000000 0.000000 0.000000 0.000000 0.000000 0.000000 0.000000 0.000000 0.000000 0.000000 0.000000 0.544292 -0.330673 0.935555 0.533929
0.000000 0.000000 0.000000 0.000000 0.000000 0.000000 0.000000 0.000000 0.000000 0.000000 0.000000 0.000000 0.000000 0.000000 0.000000 0.000000 0.000000 0.000000 0.000000 0.000000 0.000000 0.000000 0.000000 0.000000 0.000000 0.000000 0.000000 0.000000 0.000000 0.000000 0.000000 0.000000 0.000000 0.000000 0.000000 0.000000 0.000000 1.121733 -0.075639 0.135803
0.000000 0.000000 0.000000 0.000000 0.000000 0.000000 0.000000 0.000000 0.000000 0.000000 0.000000 0.000000 0.000000 0.000000 0.000000 0.000000 0.000000 0.000000 0.000000 0.000000 0.000000 0.000000 0.000000 0.000000 0.000000 0.000000 0.000000 0.000000 0.000000 0.000000 0.000000 0.000000 0.000000 0.000000 0.000000 0.000000 0.000000 0.000000 0.785243 -0.595185
0.000000 0.000000 0.000000 0.000000 0.000000 0.000000 0.000000 0.000000 0.000000 0.000000 0.000000 0.000000 0.000000 0.000000 0.000000 0.000000 0.000000 0.000000 0.000000 0.000000 0.000000 0.000000 0.000000 0.000000 0.000000 0.000000 0.000000 0.000000 0.000000 0.000000 0.000000 0.000000 0.000000 0.000000 0.000000 0.000000 0.000000 0.000000 0.000000 0.321023
