0.84530932 1.18750785 -2.12214474 0.65201474 -0.52675841 0.18190999 -0.70290919 0.52289850 -1.52042097 0.32000110 0.33398809 0.28687858 -0.46803992 -0.00405703 -1.53822077 -1.19370453 -2.07065987 1.54014283 -1.51239004 0.90415531 -0.24219413 -0.45147679 -1.08959965 1.00333894 -1.19458887 -0.88539039 0.66942153 2.17884801 -0.49893134 -1.10454770 -1.56105781 0.74230240 0.30279562 1.18047361 -0.58538407 2.09417392 -0.24119750 -0.03445841 0.52847192 -1.83840178
0.00000000 -1.97385647 1.43515032 0.19377156 0.04357729 1.09879884 1.08255382 -1.26203374 -0.11053331 -0.95480435 -1.23996388 2.51594880 -2.38763113 -0.64946073 0.14203978 -0.35386707 -1.42496130 1.06859026 1.03884044 1.08306832 1.30876325 0.52932749 -1.66616761 -0.39189310 2.37621997 0.36098726 0.97366450 1.14718036 0.26799547 -0.74417053 -0.37552534 -0.56092838 0.87164247 -0.12818164 -0.06725894 0.85402394 0.36918572 -0.66547350 0.11710665 -0.32297279
0.00000000 0.00000000 -0.74022606 2.31512924 1.03611810 -0.63053759 -2.90572090 -0.51909200 -0.75924367 -0.79624233 1.39954583 1.07657884 0.24307835 0.95729218 -1.03529533 0.94647691 -1.26003837 -0.27186001 1.33568133 -0.11934816 0.30643654 0.22936121 0.59881538 -0.33628522 -0.38585385 1.61286648 1.50652893 0.55985209 0.72749082 -2.93962508 -0.47639889 -0.01083003 2.65573396 0.09036464 1.24973274 -2.35333529 -0.61984661 0.14069753 -0.36794854 0.39581355
0.00000000 0.00000000 0.00000000 -1.85648341 -0.97265656 -0.33184105 0.86516308 -0.15831771 -1.58756584 -0.52665561 -0.49396258 -0.70644333 -0.33770422 -0.41146106 -0.88013731 -0.30382318 -0.52863846 1.36382498 -0.70457305 0.41855453 1.26342293 0.36934617 0.55697275 -1.61555013 -1.12125314 -0.15345218 0.69475805 1.23417636 -1.25402007 -1.05509313 0.10243942 0.13786537 -1.97314847 -0.14170342 0.02757390 -0.09861845 0.43668656 0.85689739 0.30399584 0.11527439
0.00000000 0.00000000 0.00000000 0.00000000 -0.03983470 -0.38379625 -0.53542409 2.97504047 1.49576038 1.06099386 -0.30258701 -1.48637046 -0.88085689 -0.41165614 0.02606747 -0.83210311 1.02461889 0.36448058 -1.46648435 -1.02263409 1.73979066 -0.02509178 -0.09425978 1.33746210 -0.26623233 0.52743240 0.55505628 1.93867199 1.58149862 -1.55630778 1.45493884 0.07322629 1.47433835 -1.41303256 -0.17077952 0.48980959 1.04243264 1.91202309 -0.42847075 -1.69413865
0.00000000 0.00000000 0.00000000 0.00000000 0.00000000 -1.10077232 1.95850235 -0.18220903 -0.75074759 -0.69264630 0.62074222 1.59768507 0.77178746 0.47477047 -1.13512615 0.03887353 -0.42047010 0.07170218 -1.05370571 0.82542694 1.22508293 0.17412841 0.42840603 1.16260722 1.44649232 2.16168038 0.66181700 -0.08152454 -1.21551142 2.22669622 0.82734718 -0.23498076 -0.02766576 -1.07633438 -0.48549731 1.16319904 2.80617914 -0.35927626 -2.90709366 -0.42101529
0.00000000 0.00000000 0.00000000 0.00000000 0.00000000 0.00000000 -1.37919165 -0.54285768 1.36421974 -0.98023499 0.08671283 -0.08600064 -0.64243552 0.50914315 -0.92090296 -1.06594343 0.67378522 -2.25636483 -0.33553252 0.72926179 0.50409706 0.87874288 0.89129214 0.22054821 -1.04820761 -0.10030835 0.56749012 -0.34813003 -2.73731573 -0.02823843 0.94100267 0.60997170 -2.15951299 -0.56150158 0.35946546 -0.77006705 0.23443363 0.80149269 -0.69551104 -0.04602801
0.00000000 0.00000000 0.00000000 0.00000000 0.00000000 0.00000000 0.00000000 0.76183281 -0.13624670 1.64075247 -0.35392066 1.12929097 -0.27472413 -0.53049783 -0.21764222 -0.70036135 0.98600615 -0.19526346 -0.35336446 -0.10657443 0.15414756 -1.87207021 1.05473161 1.05372527 -1.44553799 -0.23260434 0.42287677 1.17201020 -0.19369736 1.08090636 0.46629821 1.02755979 0.18025305 2.24418706 2.01818547 -2.20877970 -0.57754474 0.11429822 0.08127177 -1.66441452
0.00000000 0.00000000 0.00000000 0.00000000 0.00000000 0.00000000 0.00000000 0.00000000 1.89682881 -0.41556976 -1.13138089 -0.56673249 0.97214652 1.15234657 -1.17891088 2.22985425 0.99553550 2.62812150 -1.46736155 0.33235023 -0.20965267 -0.75606976 1.82670408 1.85659410 -0.14718599 -0.30993329 -0.25512135 2.20990147 0.48841557 -0.52709607 -0.96729864 0.67589929 0.97908939 0.40352021 -0.18932470 -0.20916075 0.30105606 -0.77414325 -0.00564670 -1.91714122
0.00000000 0.00000000 0.00000000 0.00000000 0.00000000 0.00000000 0.00000000 0.00000000 0.00000000 -1.52427230 0.32100311 -0.59112691 0.10205769 -0.51064078 -0.24075229 0.88270751 2.13016325 -1.67042887 0.03027227 0.15318619 -0.92930847 -0.73720996 1.94271074 1.58768903 -0.39527559 0.45662497 0.63719135 -0.27951669 -0.36645097 -1.90853711 1.39536622 0.91208240 -0.39103117 -0.41662544 0.43151826 0.84281609 1.66841966 0.68202211 -0.95352335 1.18406698
0.00000000 0.00000000 0.00000000 0.00000000 0.00000000 0.00000000 0.00000000 0.00000000 0.00000000 0.00000000 0.53140672 1.68672596 -0.73425593 0.95557900 -0.15916886 -0.02647393 0.42300839 1.55072783 -0.88408877 -0.33328625 -0.52031403 1.16795144 1.32393397 0.83549354 1.12397430 0.01897403 -1.23605683 1.06041364 -0.11819241 -0.12373203 -0.68451095 -0.19653785 -2.19365217 0.58088968 0.05682146 -0.85624341 0.27987034 -0.01281624 -1.21956032 -1.20581807
0.00000000 0.00000000 0.00000000 0.00000000 0.00000000 0.00000000 0.00000000 0.00000000 0.00000000 0.00000000 0.00000000 0.76881776 1.43132570 -1.79995710 0.61946767 -0.10765874 0.22405036 -1.29814158 -0.68782631 -1.26418148 0.30214075 -1.60880797 0.15935632 -0.36744121 1.86633291 -0.04812536 -0.87578156 -0.71403631 -0.55837486 0.62654271 0.35718827 0.11821933 -0.25515367 0.55158975 0.50024143 1.59675680 0.48493862 -0.31911023 1.50102979 0.57742027
0.00000000 0.00000000 0.00000000 0.00000000 0.00000000 0.00000000 0.00000000 0.00000000 0.00000000 0.00000000 0.00000000 0.00000000 -0.52686704 1.06534862 1.52012412 -2.92580019 0.79495504 1.67076715 -0.76278997 0.45095593 2.60111579 0.19730374 -0.30781183 -0.27949925 0.83905706 0.80040008 0.15731326 -0.36797236 1.49194610 -0.55195505 0.40484678 0.37470319 -0.90820604 -0.62774347 0.46689092 -0.79576193 1.42553002 1.30134396 -0.53845265 0.78274772
0.00000000 0.00000000 0.00000000 0.00000000 0.00000000 0.00000000 0.00000000 0.00000000 0.00000000 0.00000000 0.00000000 0.00000000 0.00000000 1.26854466 -0.80594983 -0.74953576 -2.11320443 -0.17396406 -0.53283933 0.59874356 0.20040233 1.98168203 1.25464596 -0.61372842 0.15870348 -1.12956552 0.82763749 -2.71358933 -0.79214880 1.09504727 -1.51564289 -0.74571247 -1.00515162 -2.45723174 -2.14652026 0.61227117 -0.46891416 -0.00433780 0.32728240 -0.49065961
0.00000000 0.00000000 0.00000000 0.00000000 0.00000000 0.00000000 0.00000000 0.00000000 0.00000000 0.00000000 0.00000000 0.00000000 0.00000000 0.00000000 0.73417127 0.86558120 -1.20960503 0.90110952 0.14375797 -0.68636234 -0.18659200 1.14294577 1.49167656 0.82857807 -0.46682644 0.73550069 -0.38610710 1.87845467 0.69611129 -0.18043661 0.14575365 0.80033410 0.06344681 1.23908460 1.17593078 -0.43853914 2.42997955 0.04460011 -0.27084681 -0.31296091
0.00000000 0.00000000 0.00000000 0.00000000 0.00000000 0.00000000 0.00000000 0.00000000 0.00000000 0.00000000 0.00000000 0.00000000 0.00000000 0.00000000 0.00000000 -0.09934634 -0.09511576 -0.64666898 0.26202913 -1.23936070 1.93653636 0.59083072 -0.14338423 -0.99111475 2.01310735 0.16017344 -0.38799716 -0.54674703 -0.73371481 1.78392693 0.59608686 -0.24679192 -1.08042466 0.71789283 -0.04508164 -2.68620738 -1.80462862 -0.25496248 0.26680444 -1.72237967
0.00000000 0.00000000 0.00000000 0.00000000 0.00000000 0.00000000 0.00000000 0.00000000 0.00000000 0.00000000 0.00000000 0.00000000 0.00000000 0.00000000 0.00000000 0.00000000 0.63296924 -0.89166205 -0.61930868 -0.15484990 0.44638276 -0.86331906 0.38066433 -0.73111514 -0.96550796 1.36559241 -0.46303668 0.15796493 0.46313366 1.31852149 0.35196719 0.74365647 0.83257227 1.11893728 1.34862726 -0.98031744 1.85914453 -0.64776058 1.31793977 -1.64968654
0.00000000 0.00000000 0.00000000 0.00000000 0.00000000 0.00000000 0.00000000 0.00000000 0.00000000 0.00000000 0.00000000 0.00000000 0.00000000 0.00000000 0.00000000 0.00000000 0.00000000 0.12867416 1.07479018 1.41318338 0.72000536 -1.04795670 0.52299100 -0.37469836 -1.09279314 0.35655439 -1.87047204 1.26699028 -0.28169315 -0.20267882 -0.62900019 1.03914592 0.14735134 0.35126026 -0.01616419 0.64281359 0.11223119 0.80906257 0.89095736 1.52594071
0.00000000 0.00000000 0.00000000 0.00000000 0.00000000 0.00000000 0.00000000 0.00000000 0.00000000 0.00000000 0.00000000 0.00000000 0.00000000 0.00000000 0.00000000 0.00000000 0.00000000 0.00000000 -2.33426800 0.65373581 0.27506402 1.04756941 -0.69236268 0.42498884 0.56167382 1.49769905 -0.02709496 0.84632360 1.55808620 0.04896169 0.10234919 -0.21207359 -0.34382329 1.22801903 1.57285053 0.39509355 0.34511704 -0.73352945 0.89106302 0.30943367
0.00000000 0.00000000 0.00000000 0.00000000 0.00000000 0.00000000 0.00000000 0.00000000 0.00000000 0.00000000 0.00000000 0.00000000 0.00000000 0.00000000 0.00000000 0.00000000 0.00000000 0.00000000 0.00000000 0.56545417 0.22744781 0.90350027 -0.72062277 -0.19646401 0.71634209 -0.61883297 -0.20844346 -0.84926604 -0.95824589 0.55824231 2.94230956 -1.87387026 0.44091453 -0.48021542 -0.30977874 -0.64046074 0.57271284 1.42325769 0.46156368 1.04904049
0.00000000 0.00000000 0.00000000 0.00000000 0.00000000 0.00000000 0.00000000 0.00000000 0.00000000 0.00000000 0.00000000 0.00000000 0.00000000 0.00000000 0.00000000 0.00000000 0.00000000 0.00000000 0.00000000 0.00000000 -0.03282854 -1.55087589 -0.81547955 -1.71923484 1.16962770 1.30265096 0.27218120 0.91918975 -2.48696325 0.77390729 -0.23992029 0.42555357 -0.17991680 1.37814624 0.79179207 -0.07070372 -0.83993603 -0.48273639 -0.45590922 -0.67850675
0.00000000 0.00000000 0.00000000 0.00000000 0.00000000 0.00000000 0.00000000 0.00000000 0.00000000 0.00000000 0.00000000 0.00000000 0.00000000 0.00000000 0.00000000 0.00000000 0.00000000 0.00000000 0.00000000 0.00000000 0.00000000 -1.14635698 0.31621855 0.32581282 0.72256591 -1.80820968 -0.00909830 0.76359899 -0.18411245 -1.36944062 0.02435208 1.00630383 -0.12479807 0.06851283 0.52508423 -0.64494474 0.44893582 -0.51696162 -0.05865737 -1.55345694
0.00000000 0.00000000 0.00000000 0.00000000 0.00000000 0.00000000 0.00000000 0.00000000 0.00000000 0.00000000 0.00000000 0.00000000 0.00000000 0.00000000 0.00000000 0.00000000 0.00000000 0.00000000 0.00000000 0.00000000 0.00000000 0.00000000 -0.69112205 -0.57960955 0.59891509 -0.01292705 0.32842711 -0.21525448 -0.05966940 1.18020302 -0.64893305 -0.84468041 0.16227012 0.98211438 0.06778444 0.38399388 -0.19146317 -0.75819950 -0.30922682 0.67779568
0.00000000 0.00000000 0.00000000 0.00000000 0.00000000 0.00000000 0.00000000 0.00000000 0.00000000 0.00000000 0.00000000 0.00000000 0.00000000 0.00000000 0.00000000 0.00000000 0.00000000 0.00000000 0.00000000 0.00000000 0.00000000 0.00000000 0.00000000 -0.27597709 0.88899541 -1.66535800 -0.06885852 -0.20957656 -0.50811586 1.54045095 0.72879401 1.08601142 -0.63960471 0.51479507 0.23242647 -1.15181714 0.36823483 0.70497028 1.22878950 1.38324510
0.00000000 0.00000000 0.00000000 0.00000000 0.00000000 0.00000000 0.00000000 0.00000000 0.00000000 0.00000000 0.00000000 0.00000000 0.00000000 0.00000000 0.00000000 0.00000000 0.00000000 0.00000000 0.00000000 0.00000000 0.00000000 0.00000000 0.00000000 0.00000000 -1.18836431 0.07934523 1.41677966 -0.32286240 1.66686205 1.13564656 -0.70510699 0.18004847 -1.57553511 0.44375531 -0.84077393 0.56046740 0.16162697 -0.66521201 0.07144148 0.73135021
0.00000000 0.00000000 0.00000000 0.00000000 0.00000000 0.00000000 0.00000000 0.00000000 0.00000000 0.00000000 0.00000000 0.00000000 0.00000000 0.00000000 0.00000000 0.00000000 0.00000000 0.00000000 0.00000000 0.00000000 0.00000000 0.00000000 0.00000000 0.00000000 0.00000000 -1.21661426 1.09594472 -0.74599740 0.11862728 -0.46561516 -0.56463671 -0.39835206 0.76570480 0.34874956 -0.28954406 1.07329874 0.77088417 -0.51393803 0.25995098 -0.93051564
0.00000000 0.00000000 0.00000000 0.00000000 0.00000000 0.00000000 0.00000000 0.00000000 0.00000000 0.00000000 0.00000000 0.00000000 0.00000000 0.00000000 0.00000000 0.00000000 0.00000000 0.00000000 0.00000000 0.00000000 0.00000000 0.00000000 0.00000000 0.00000000 0.00000000 0.00000000 -0.23353050 1.86834975 0.52639659 -0.53940588 -2.38710009 -0.19323068 1.07435069 -0.78017906 -1.59484972 0.73671734 0.15641411 -0.35539902 -0.39658220 -0.20629316
0.00000000 0.00000000 0.00000000 0.00000000 0.00000000 0.00000000 0.00000000 0.00000000 0.00000000 0.00000000 0.00000000 0.00000000 0.00000000 0.00000000 0.00000000 0.00000000 0.00000000 0.00000000 0.00000000 0.00000000 0.00000000 0.00000000 0.00000000 0.00000000 0.00000000 0.00000000 0.00000000 0.53418864 -0.77063935 -0.69205490 -0.58215752 -0.97660125 0.24436691 -0.40973510 0.87018880 -1.50199418 0.09029248 1.85521080 0.18794703 -1.10010571
0.00000000 0.00000000 0.00000000 0.00000000 0.00000000 0.00000000 0.00000000 0.00000000 0.00000000 0.00000000 0.00000000 0.00000000 0.00000000 0.00000000 0.00000000 0.00000000 0.00000000 0.00000000 0.00000000 0.00000000 0.00000000 0.00000000 0.00000000 0.00000000 0.00000000 0.00000000 0.00000000 0.00000000 -0.09858787 -1.72194860 0.12288350 -0.80668954 -1.08320238 0.01934190 -0.91224235 -0.73146139 -0.42920214 -1.95422882 0.76856669 -1.58893606
0.00000000 0.00000000 0.00000000 0.00000000 0.00000000 0.00000000 0.00000000 0.00000000 0.00000000 0.00000000 0.00000000 0.00000000 0.00000000 0.00000000 0.00000000 0.00000000 0.00000000 0.00000000 0.00000000 0.00000000 0.00000000 0.00000000 0.00000000 0.00000000 0.00000000 0.00000000 0.00000000 0.00000000 0.00000000 0.81416961 0.22057474 0.66672291 -1.09445655 -1.77814344 0.26831010 -1.23188310 -1.22332513 0.95110923 -0.10560585 0.67534689
0.00000000 0.00000000 0.00000000 0.00000000 0.00000000 0.00000000 0.00000000 0.00000000 0.00000000 0.00000000 0.00000000 0.00000000 0.00000000 0.00000000 0.00000000 0.00000000 0.00000000 0.00000000 0.00000000 0.00000000 0.00000000 0.00000000 0.00000000 0.00000000 0.00000000 0.00000000 0.00000000 0.00000000 0.00000000 0.00000000 0.12978712 -0.54677425 0.30159351 0.54339169 1.52855344 -1.12799857 -0.13149871 0.39595587 -1.54195221 0.07793212
0.00000000 0.00000000 0.00000000 0.00000000 0.00000000 0.00000000 0.00000000 0.00000000 0.00000000 0.00000000 0.00000000 0.00000000 0.00000000 0.00000000 0.00000000 0.00000000 0.00000000 0.00000000 0.00000000 0.00000000 0.00000000 0.00000000 0.00000000 0.00000000 0.00000000 0.00000000 0.00000000 0.00000000 0.00000000 0.00000000 0.00000000 -2.11895768 0.35935052 -0.05349464 0.33462224 0.96885865 1.33490100 -1.78232684 -0.63123715 -0.50245715
0.00000000 0.00000000 0.00000000 0.00000000 0.00000000 0.00000000 0.00000000 0.00000000 0.00000000 0.00000000 0.00000000 0.00000000 0.00000000 0.00000000 0.00000000 0.00000000 0.00000000 0.00000000 0.00000000 0.00000000 0.00000000 0.00000000 0.00000000 0.00000000 0.00000000 0.00000000 0.00000000 0.00000000 0.00000000 0.00000000 0.00000000 0.00000000 0.29604023 -0.46988177 0.79331495 -0.72761749 -1.46338404 1.12025039 0.76207325 -0.55022724
0.00000000 0.00000000 0.00000000 0.00000000 0.00000000 0.00000000 0.00000000 0.00000000 0.00000000 0.00000000 0.00000000 0.00000000 0.00000000 0.00000000 0.00000000 0.00000000 0.00000000 0.00000000 0.00000000 0.00000000 0.00000000 0.00000000 0.00000000 0.00000000 0.00000000 0.00000000 0.00000000 0.00000000 0.00000000 0.00000000 0.00000000 0.00000000 0.00000000 0.56961405 -1.31279302 0.36263865 1.56364256 -0.43162631 -1.37303860 2.34322435
0.00000000 0.00000000 0.00000000 0.00000000 0.00000000 0.00000000 0.00000000 0.00000000 0.00000000 0.00000000 0.00000000 0.00000000 0.00000000 0.00000000 0.00000000 0.00000000 0.00000000 0.00000000 0.00000000 0.00000000 0.00000000 0.00000000 0.00000000 0.00000000 0.00000000 0.00000000 0.00000000 0.00000000 0.00000000 0.00000000 0.00000000 0.00000000 0.00000000 0.00000000 -0.81062307 0.25659895 -0.37936566 0.83584714 -1.76478981 1.03604931
0.00000000 0.00000000 0.00000000 0.00000000 0.00000000 0.00000000 0.00000000 0.00000000 0.00000000 0.00000000 0.00000000 0.00000000 0.00000000 0.00000000 0.00000000 0.00000000 0.00000000 0.00000000 0.00000000 0.00000000 0.00000000 0.00000000 0.00000000 0.00000000 0.00000000 0.00000000 0.00000000 0.00000000 0.00000000 0.00000000 0.00000000 0.00000000 0.00000000 0.00000000 0.00000000 -2.24550823 1.34327251 -2.00816314 0.61759551 1.52447754
0.00000000 0.00000000 0.00000000 0.00000000 0.00000000 0.00000000 0.00000000 0.00000000 0.00000000 0.00000000 0.00000000 0.00000000 0.00000000 0.00000000 0.00000000 0.00000000 0.00000000 0.00000000 0.00000000 0.00000000 0.00000000 0.00000000 0.00000000 0.00000000 0.00000000 0.00000000 0.00000000 0.00000000 0.00000000 0.00000000 0.00000000 0.00000000 0.00000000 0.00000000 0.00000000 0.00000000 -1.78349943 -0.77923077 1.52758573 2.21548693
0.00000000 0.00000000 0.00000000 0.00000000 0.00000000 0.00000000 0.00000000 0.00000000 0.00000000 0.00000000 0.00000000 0.00000000 0.00000000 0.00000000 0.00000000 0.00000000 0.00000000 0.00000000 0.00000000 0.00000000 0.00000000 0.00000000 0.00000000 0.00000000 0.00000000 0.00000000 0.00000000 0.00000000 0.00000000 0.00000000 0.00000000 0.00000000 0.00000000 0.00000000 0.00000000 0.00000000 0.00000000 -0.70699091 0.28092192 1.43394206
0.00000000 0.00000000 0.00000000 0.00000000 0.00000000 0.00000000 0.00000000 0.00000000 0.00000000 0.00000000 0.00000000 0.00000000 0.00000000 0.00000000 0.00000000 0.00000000 0.00000000 0.00000000 0.00000000 0.00000000 0.00000000 0.00000000 0.00000000 0.00000000 0.00000000 0.00000000 0.00000000 0.00000000 0.00000000 0.00000000 0.00000000 0.00000000 0.00000000 0.00000000 0.00000000 0.00000000 0.00000000 0.00000000 -0.21396984 0.30284167
0.00000000 0.00000000 0.00000000 0.00000000 0.00000000 0.00000000 0.00000000 0.00000000 0.00000000 0.00000000 0.00000000 0.00000000 0.00000000 0.00000000 0.00000000 0.00000000 0.00000000 0.00000000 0.00000000 0.00000000 0.00000000 0.00000000 0.00000000 0.00000000 0.00000000 0.00000000 0.00000000 0.00000000 0.00000000 0.00000000 0.00000000 0.00000000 0.00000000 0.00000000 0.00000000 0.00000000 0.00000000 0.00000000 0.00000000 1.55737548
