-0.78676099 -0.16589399 0.00838150 -0.10528781 0.12318180 -0.19706750 0.00462685 0.44542903
-0.88743642 -0.60352568 -0.74052568 -0.72641738 0.15920693 -0.21384369 0.33758712 0.06443244
0.23438518 -0.01487103 -1.00666998 0.61604443 0.44850161 0.50928092 -0.66533695 0.61626822
-0.81341917 0.03958269 0.32591343 -0.57303718 -0.73969170 0.09511442 -0.03459704 -0.06609044
0.43108415 -0.32689603 -0.87764287 -0.92403076 -0.58348672 0.36296750 0.14158402 0.33405213
-0.10839160 0.34911921 0.11750036 -0.17959620 0.28612960 -0.17227778 -0.14273235 -0.43340655
0.03702495 -0.82134279 -0.96017505 0.00971550 -0.59337209 -0.58281990 0.40656349 -0.28673832
0.30165384 0.08524399 0.90156895 0.19389327 0.05146854 0.26724126 0.13398008 0.01020602
1.44046117 0.60426223 -1.13404201 -0.21210504 0.23152220 0.92789949 -0.08864162 0.32089770
0.65186509 -0.39428384 0.45243310 -0.13566959 0.41509757 0.68323123 -0.15622764 0.32873969
0.09225171 -0.07383600 0.92292555 0.18785010 -0.39021911 -1.07834455 0.23540056 -0.91095990
-0.75523808 -0.51304416 0.47988236 -0.37924754 0.71125999 0.98275022 -0.31853237 0.11729371
-0.65052254 0.39079270 -0.44253551 1.41620208 -0.81687980 -0.76965135 0.20130910 -0.24939420
0.65065339 0.37116837 -1.25693708 -0.30845616 0.06640317 -0.76196354 -0.28607729 -0.03867971
-0.00772975 0.40379352 0.07692282 -0.65064489 -0.93985058 0.57772722 -0.29624908 0.15281149
0.27843993 0.24621566 0.16425963 0.16867009 -1.05333283 -0.20596356 -0.38763551 -0.49020150
-0.79514045 -0.21221540 0.19955926 -0.34311898 -0.68782105 0.16580738 1.03182871 0.11249236
-0.47725850 0.12812328 -0.09419913 0.27689302 0.42142119 -0.83308439 1.24539649 -0.23197987
0.15475028 -0.33435047 0.25435016 -0.04040995 0.03378943 -1.10472305 -0.33201207 0.06741057
-0.03718466 -0.63495256 -0.33479877 -0.60148036 0.28906474 -0.20040875 0.69291086 0.38484182
0.43419605 -0.25264681 0.91661591 -0.80908014 0.54244856 -0.39442920 0.06913632 -0.25316121
-0.14961321 -0.93120300 0.15049145 0.12556329 -0.72374429 0.69274732 0.82096208 0.16548914
-0.33215984 -0.45797022 0.07743053 0.30494127 -0.32154705 -0.09754622 -0.69612439 0.18567675
-0.23958665 0.48709248 0.05304609 0.11513582 -0.13927692 0.15145397 -0.65542738 -0.54910941
0.61486027 -0.16327804 0.20441265 0.53878970 -0.94015436 -0.10761239 -0.24893295 -0.97387304
0.46016128 -1.03098153 0.14100676 -0.02168851 -0.22228611 -0.86447016 -0.07418355 0.74403848
-0.79235021 0.39021992 0.89266987 0.44014033 -0.31578963 -0.18120570 -0.25726649 0.47699632
-0.59107554 -0.70791984 0.24235511 0.31119029 0.40512207 0.06020444 0.53012645 1.15301730
0.78463406 0.67544920 -0.12179462 0.34766083 -0.28812063 0.15273100 0.03815591 0.28620067
-0.07516471 0.87326665 -0.72104120 0.75828145 -0.58776040 -0.43034693 0.58376460 0.19730717
0.60331440 0.39362787 -0.08089197 -0.10114545 0.56864705 0.69697009 0.54982277 0.07397159
-0.64766818 -1.01422096 0.30649748 -0.27305092 -0.18077043 0.82748589 0.48401591 0.67993504
-0.31548767 0.08644441 -0.17533987 0.09941210 0.18042024 -0.15375778 0.15977719 -0.03650211
-0.22100595 0.06997479 -0.28359727 -0.28537639 0.49862892 -0.12613324 -0.26509840 -0.19299845
-0.46934821 -0.59066101 0.92593997 -1.40247116 -0.51688874 0.38882742 -0.16357697 0.38730500
-0.04211032 0.49788303 0.76547109 0.05781466 0.53610979 0.14464887 0.01308585 -0.22232547
0.56688921 0.51022653 -0.49212846 0.18139958 -0.59406546 0.39076800 -0.06758503 0.02151237
-0.15551526 -0.21646628 -0.90078546 -0.31505756 0.51173002 -0.22135452 0.31963782 0.41022161
-0.57397931 0.40377752 -0.62875953 0.45052337 -0.37290084 -0.10882713 1.34621673 0.23434974
0.49094140 -0.24566767 0.43964971 0.18202521 0.00538908 0.26390696 -0.64129311 0.53665132
-1.10002809 -0.47392737 -0.05125889 0.94543688 -0.31719239 -0.00011859 0.80172385 -0.31210685
-0.61600995 0.14085539 1.19264863 -0.25603226 -0.20427835 0.54296767 0.13610511 0.24647764
-0.54445755 0.60252420 -0.36903024 -0.07490166 -0.89392889 -0.43919741 0.45591300 1.68775217
-0.89141775 0.09130740 0.22902188 0.61999921 0.91461073 -0.19072334 -0.45474951 -0.53296877
0.07206981 -0.07917679 0.77162449 0.31517400 0.11447678 -0.23857015 -0.70022641 0.90748512
0.94853361 0.97122790 -0.62744203 -0.23794315 0.01987527 0.08742797 -1.06518795 -0.26478094
-0.18027687 -0.29422271 0.41576955 -0.03028623 0.59058052 0.61897117 -0.34158171 0.17020730
-1.43541132 0.12318755 0.61517457 -0.31135742 0.33062278 -0.21359152 -0.08779044 -0.24558013
0.39681026 0.15124034 0.09328861 0.22611033 0.29764591 0.95459651 0.54839365 0.19521515
0.90512162 0.53425921 0.02675019 0.03603823 -0.28119355 -0.50877347 0.28088813 0.01875625
-0.26955691 -0.24949278 0.06239905 0.28993040 -0.34205409 -0.20931568 -0.11771357 -0.46920504
-0.00464064 1.48548527 -0.19002805 0.37142681 -0.16521407 -0.48180042 -0.09760719 -0.99671846
-0.06928123 -0.44982221 -0.48931805 0.12660093 0.44338068 -0.32212506 0.85359793 -0.90126630
0.50639889 -0.44543708 0.39581123 0.28063026 0.15396696 0.66616042 0.62275828 -0.31216185
-1.19135614 -0.17733620 -0.97405906 0.67913807 0.32610710 -0.18016940 -0.15796384 -0.09289260
-0.47829030 0.19516918 0.63527872 -0.01207126 -0.04768387 0.18153893 1.09924573 0.19932804
0.22848054 -0.30836879 -0.64263536 0.58633542 -0.46024607 -0.41431770 -0.85295932 -0.00165617
-1.21445118 0.53271073 -0.36454425 0.79706382 -0.69422464 0.00522047 -0.31977167 -0.17345204
0.05862940 -0.26836917 0.79642604 -0.33680693 -0.49437525 0.05182611 -0.17722459 1.00205663
-0.60054619 -0.68662090 0.34214283 -0.15308648 -0.64249659 -0.00238868 0.28550436 -1.40376354
0.89540538 0.01469956 -0.35722971 0.06021462 0.39849696 1.10652555 0.72570446 0.11777186
-0.65311630 0.05090400 -0.11068690 -0.15281920 0.12319802 -0.40325745 0.51092785 0.22657140
0.22783833 -0.59217406 0.47257009 -0.72419671 0.50900571 -1.11091969 0.78138083 -0.02604604
-1.15379185 0.16076223 -0.15030454 -0.83498758 0.40068727 0.09758532 0.11250116 -0.20177409
0.81570024 0.27943017 0.63203713 0.44293250 0.38318534 -0.58206112 0.18263185 -0.44534825
-0.68958432 0.07798909 0.07840127 -0.04630162 0.81713962 -0.36086412 -0.18419752 0.32660437
-0.28977117 -0.13811647 -0.33723182 -0.20682010 -0.22512430 0.01778265 -0.05181059 0.61853184
-0.39769472 0.06628256 1.18117889 -0.50867353 0.58974104 0.05795902 0.84521449 1.28365738
-0.11605450 -0.01163652 -0.74982994 0.71922979 0.22597096 0.54867656 -0.21675881 0.45570616
-0.31818722 -0.25681945 -0.00453883 0.52998426 -0.43799300 -0.42607134 -0.54072491 -0.11332273
0.12495763 -0.58802621 -1.16598210 -0.15922264 0.01097255 -0.58065334 -0.24180976 0.27948116
0.10970257 0.20535750 -0.43764865 -0.79920521 -0.12383895 0.57894805 0.35833975 0.08382879
-0.53218302 -0.21329398 -0.20003641 0.59042318 -0.05741991 0.59204652 0.35910462 0.56321115
0.36271541 -0.29142636 -0.10513233 0.39689202 -1.38697693 0.33686470 0.70538571 -0.07100924
-0.97184968 -0.16040897 -0.45426145 1.12598346 -0.56724239 -0.34654824 0.04641399 -0.28916076
0.83403271 -0.04855135 0.02432292 0.62034245 0.25028895 -0.93544634 -0.17795028 -0.34350581
0.38417801 -0.04624088 0.06777873 0.28337428 -1.12395916 0.16437153 -0.14007519 -0.31159170
-0.29058895 0.47015237 0.25623444 0.99175096 -0.55350678 -0.79308510 -0.57196219 -0.43271425
0.55413115 -0.33680751 0.28824766 0.55453168 -0.24620692 -0.49380850 -0.88283823 -0.03230187
-0.42446758 -0.11904621 -0.61421746 0.61540977 0.58701741 0.17938618 0.03052332 -0.64554196
0.55282934 -0.28920645 -0.17044000 0.60502413 -0.96511770 0.64411568 -0.16875577 0.37658380
-0.04828834 -0.27283805 -0.78505598 0.19334495 1.08169044 -0.06068862 0.05166667 -0.11912161
0.12862770 -0.20208395 -0.61307824 0.10540850 -0.15679648 0.22906160 0.44142812 -0.51640683
-0.62281101 -0.15527594 -0.95141150 -0.27472818 -0.61380182 0.29435211 0.67565459 -0.34357688
0.84436974 -0.63936253 0.55573987 -0.09254737 0.16013636 0.76985409 -0.55206671 -0.32080183
-0.29714617 -0.48038980 -0.78231593 0.35107368 0.06426917 -0.26816019 0.70582929 0.29979301
-0.34160782 -0.79916884 0.70556989 -0.53552664 -0.98017117 0.54561768 1.17164009 -0.54746141
-0.02940113 0.93083852 0.11648509 0.64658629 0.10412553 0.05091022 0.11228300 0.26513929
-0.73584054 0.28397549 0.29573288 -0.77044093 0.03865142 -0.28839400 -0.43995382 -0.38169960
-0.28366632 0.18057885 -0.75162891 1.10064563 -0.49672931 -0.65489547 0.41686476 -0.33113677
-0.54838230 0.77320388 -0.02687441 -0.17311286 -0.75127537 0.47571854 1.08866530 -0.19703763
-0.43110308 0.12871621 0.74367140 -0.16122708 0.82328780 0.55957349 -0.06746610 0.31396726
-0.48558563 0.46229943 -0.79046628 0.16494841 -0.67363436 0.18042204 -0.46124334 -0.43626343
0.21060948 0.14879339 0.71680249 0.43235737 0.38093452 0.59719118 0.68566491 -0.28270058
-0.27842037 -0.34331948 0.32684671 0.17709656 0.46400331 0.00924540 -0.36092183 -0.21465585
-0.91258510 -0.68262204 0.61855523 0.12634351 0.60657427 0.06602418 -0.21680236 -0.09927930
0.30494607 -0.78106260 0.38829848 -0.38834443 -0.33265408 -0.50393050 -0.66433820 1.17157330
-0.34880191 -0.25653199 0.44931389 -0.33494225 0.02377147 -0.11486757 0.47076414 -0.00887357
-0.28913782 0.08799527 0.53681509 -0.11157957 0.26876397 0.03224417 -0.04002186 -0.43371459
-0.12272233 -0.35847611 0.38188652 -0.23423856 0.19984347 -0.92568926 -1.06292991 -0.20155940
1.23739889 0.49645166 0.24090704 -0.11357630 -0.36338053 0.56677301 -0.81054460 -1.14132378
-0.87671195 0.71824029 0.31252880 0.06562480 0.14164670 -0.09297711 0.36928588 0.56384336
-0.07973685 0.36354289 0.94494659 0.46999601 0.34827377 0.27104892 0.38342446 0.01998598
0.40469959 -0.36188112 0.62766097 0.45651155 -0.52584711 0.09945533 0.47153812 0.32836261
0.90067007 0.39796845 -0.23876522 -0.13195523 -0.27824060 0.81105271 -0.64798550 0.35984326
1.38712490 -0.49017222 -0.32198169 0.53678217 -0.01002114 0.26851333 -0.24401300 0.28169583
0.78010150 -0.11274275 0.23207580 0.15910705 0.40940838 0.02660634 0.17176683 -0.33787841
0.26499827 -0.37394091 0.46705436 0.65599706 -0.28256579 0.18799001 -0.37268920 0.33765234
0.40245969 -1.06886429 0.51771062 -0.29117153 0.50687217 -0.28532394 -0.30328487 -0.19548408
0.70683511 -0.09898786 0.06511936 0.19451818 0.88430463 0.35083201 0.59454012 -0.32769346
-0.32525322 0.35367267 0.10005550 -0.38606723 0.12847584 0.46778138 -0.04500483 0.74522192
-0.85019691 -0.30872319 -0.38108003 0.51567611 0.06086425 -0.91941676 0.42033715 -0.44634674
0.49094657 -0.22496100 0.27577583 0.63853236 0.09401051 0.14175038 -0.59380345 0.13268115
-0.15990100 -0.09313335 -0.13115275 0.16075808 0.00302923 -0.16276628 0.30450756 -0.10883649
-0.30576330 -0.16605265 -0.32211132 -0.04349146 -0.52776150 0.08682132 -0.80387629 0.40502790
1.91634774 0.25168858 0.25765247 1.43714477 -0.23991201 -0.31163085 0.11274827 0.00575795
-0.67435112 -0.36828225 0.42710783 -0.61957531 -0.14462205 0.07256112 0.68155226 -0.19937077
-0.45940030 -0.06344285 0.31419010 0.92453896 0.89880856 0.38969797 -0.31508150 0.87126338
0.07836022 0.43578563 0.77694670 0.40240575 -0.73517914 -0.05333565 -0.34931282 0.14726262
-0.13984869 0.20277117 0.08676681 0.48274853 0.87284981 0.70604103 -0.95079079 -0.29178651
0.04345814 -0.43018479 -0.01447045 -0.68161436 -0.63353206 -0.23800438 -0.80187120 -0.19779124
-0.28953120 -0.41148189 0.42994462 -0.43242871 0.05021401 0.87064165 -0.51155382 0.28597267
-0.17452439 0.51826890 0.02988053 0.71363323 0.04655217 0.15140696 0.09382088 -0.03492562
0.10037628 -0.08469622 0.25096080 -0.99475122 -0.20950873 -0.58576864 0.32898470 -0.36346438
0.04860287 -0.69616513 0.11700038 0.26226255 -0.16030414 -0.82779083 -0.56057389 -0.09709788
-0.16883485 -0.26907449 0.36953772 0.19467776 0.39227548 -0.56862182 -0.51938386 -0.33244560
-0.06568481 -0.32854066 -0.03311498 0.67504293 0.23966041 -0.75101851 -0.69378985 0.41853060
0.22166742 -0.17784164 -0.51477753 -1.46247172 0.33015338 0.00342727 0.82783722 -0.21932749
0.15474702 -0.45829000 0.25853443 -0.20415977 -0.33627453 -0.06020973 0.62058146 -0.43454451
0.33501080 0.26830526 0.26704956 0.55759649 0.14472708 -0.31046045 0.33693878 -0.34374264
1.18012108 1.07929449 0.77955150 0.58914237 -0.35787588 -0.53147062 -0.25041941 -0.31192924
0.22870111 -0.11822972 0.08754006 0.06770317 0.12806344 -0.22921322 -0.61838744 -0.43251454
-0.47723209 -0.01063142 -0.16582588 -0.30637352 -0.99227180 0.27004743 -0.23710315 0.21573529
0.09318234 0.12385948 -0.59292352 0.41536573 0.68426850 0.96043721 0.81908190 -0.29653659
-0.61820287 0.09964488 0.33327867 -0.11412447 0.31008348 0.02054674 0.13713526 -0.82507842
-0.05562746 1.13037862 -0.08330988 -0.09749767 0.39005220 -0.35616721 0.33214291 0.51691667
0.01224523 -0.06301398 0.70581280 0.41448749 0.14888960 -0.50191864 -0.28582810 -1.24995427
-0.49225683 0.86839122 -0.56593515 0.20541172 0.77401481 -0.82071822 0.63166894 0.09079311
-0.75221271 -0.35806484 -0.86562774 -0.15381897 -0.35788580 -1.66658206 -0.44218626 -0.32396126
-0.36360798 0.40854199 0.63611746 -0.67176721 -0.04295964 0.09875371 0.26426116 0.97909880
0.12292659 -0.06021246 0.53590315 -0.11135739 0.68451282 0.40418780 -0.18060786 0.78809446
-0.10890709 -0.68529946 0.03608720 0.58527922 -0.06003070 -0.09183198 -0.36447793 -0.10829889
-0.02653813 0.60151337 0.12002910 -0.64587152 -0.06808731 0.81416181 -0.70577674 -0.14468627
-0.03794908 0.29356774 0.08055975 1.03771656 0.66949407 0.05377451 0.49215498 -0.18384656
0.10199005 -0.55598690 0.07357151 0.80854857 0.21124951 0.03742312 -0.63068273 -0.13218299
-0.08429590 -0.64251916 0.55118646 -0.20788373 -0.62342245 -0.53281461 0.32107621 -0.00963466
0.52816087 -0.44628377 -0.31604244 -0.30471055 -0.49077333 -1.64241974 -0.63779370 -0.19677010
-0.72184410 -1.43883571 0.12874445 0.48002480 -0.72088193 0.07019328 0.04038622 -0.34001538
0.67702024 0.33781941 -0.03659851 -0.33107689 0.29175126 -0.40510087 0.45922883 -0.50631132
-0.45427303 -0.44762765 0.04572121 0.42113148 0.76075655 0.57528038 1.09087557 -0.20964659
0.49662348 0.22744565 0.30595812 -0.73578027 -0.46806210 -0.12990103 -0.14571159 0.84549037
-0.26404753 0.30537202 -0.59331444 0.81383700 0.04783401 -0.01238660 -0.21668308 -0.26864495
0.88386293 -0.36559447 0.51380219 0.02255365 0.45029038 0.57761270 -0.16623146 0.69862997
0.12672785 0.10469206 -0.76710005 -0.23799355 0.31079318 -0.73324760 0.58820247 -0.03197942
0.33378404 0.45764877 0.18694716 0.24707020 -0.55966154 0.45923926 0.04514254 0.38570999
-0.09361606 0.45538311 -0.10962185 0.76802829 -0.25549693 0.70252573 -0.22614881 0.64633984
-0.91915527 -0.21204802 0.11680642 -0.16053897 0.10103819 0.98923615 0.47536957 -0.15737868
-0.32578924 0.28382640 -0.16948544 -0.37353123 0.07349580 -0.04129892 -0.08038195 0.25261981
-0.66872429 0.55851706 -0.18139006 -0.17379155 -0.33600213 0.21108027 0.52041550 -0.54405167
0.06975119 -0.27325754 -0.31461728 -0.00409832 -0.04735225 0.47592723 0.17695602 -0.21776625
0.75523594 0.05274977 -0.25768122 -0.78531742 -0.25196785 0.45842488 -0.01631655 -0.32527651
-0.02983201 0.04875778 -0.01411988 -0.12884303 -0.23812548 -0.80955379 0.26458741 0.14554061
-0.03912623 -0.04415657 0.53381273 0.91619206 0.07895251 0.82616624 0.17679392 -0.76453886
0.63122072 -0.42503083 0.52784217 0.19297605 0.80052523 -0.29549689 0.04443928 -0.10928287
0.00792999 0.23087206 0.37368899 -0.03494390 0.02417845 -0.26784464 -0.27180410 -1.00568962
0.35447821 -0.59629155 -0.15151330 0.77753854 0.59062248 0.60620314 0.12197158 -0.37970181
-0.56297889 0.21908592 0.32549664 0.93186045 0.78110938 -0.27025270 0.03185631 -0.79930018
0.05230802 -0.09126750 1.12116668 0.22342395 -0.12276145 0.48812122 -0.72837037 -0.05590173
0.85566335 0.32496506 -0.72093056 0.28405777 0.62301710 -0.53906509 0.82102523 0.02421015
0.40688911 -0.80057598 0.72451234 0.05967604 -1.15048363 0.04871831 -0.94885085 -0.14187669
-0.37107488 -0.51912924 -0.47589864 -0.40837027 -0.78615533 -0.14750522 0.16689416 1.09203879
0.98437181 0.03193122 -0.06908641 -0.11641942 -0.00143511 -0.13484991 -1.02386918 -0.54153066
-0.79296022 -0.41690545 0.49506110 -0.34655019 -0.97060922 -1.76531894 0.51157223 -0.49536197
0.28731800 -0.31661724 0.11791423 -0.36172680 0.08805658 -0.89630043 -0.18586392 0.13367459
-0.29850213 0.57713544 -0.19170261 0.41322281 -0.31864215 0.06541489 -0.17937171 0.45475169
-0.59626665 -0.05816917 0.34953400 -0.04341747 -0.57239924 0.19479006 0.29175006 0.80819329
0.38969646 -0.11418804 -0.04337789 -0.17291676 -0.48659026 0.16730844 -0.20397670 -0.61619867
-0.68931473 -0.10922277 -0.04189172 -0.00312069 0.10065298 -0.06197141 0.26448611 -0.11514800
-0.19972114 0.12224973 0.60821489 -0.26298312 -0.31219879 0.46980346 -0.20247567 -0.47242661
-0.41549338 0.51438460 0.71701220 -0.70114729 -0.20406519 0.47365127 -0.02504224 -0.26850665
-0.63259511 -0.80565142 -0.66171294 -0.60418882 0.39892208 0.76672609 -0.01384263 0.75650725
-0.23817492 0.30973810 0.69388577 -0.23620294 -0.59222521 -0.26200794 0.07445062 -0.20088082
-0.38359207 -0.18401410 0.51553173 0.42530642 0.39774293 0.67643664 0.48785688 0.60556987
-0.33413668 0.00171604 0.49626536 0.89252870 0.60745763 0.15298551 -0.28781770 1.45087701
0.28225073 -0.55545441 -0.61680351 -0.26765609 0.25959242 0.18633481 0.47424647 0.20135546
-1.08852137 -0.17319372 -0.75008274 0.45307084 0.83101049 -0.44777530 0.17594947 -0.25826366
-0.14828352 0.07467669 -0.36109127 -1.06014715 -0.17126341 0.53471924 0.28617514 -0.60670747
-0.31034160 0.12107686 0.16845141 0.29896054 0.26024951 0.56777678 0.04178381 0.38649352
-0.22521023 0.11432908 -0.43295154 0.09106503 0.39975565 0.69844694 -0.23333777 -0.16678570
0.43977369 0.19287672 0.19058981 0.59556092 -0.57224362 -0.57692353 0.41418555 -0.15527721
0.11159094 -0.05219299 1.05028190 0.25081177 0.28182067 -0.34632992 0.55853156 0.36734324
-0.29521151 0.92334544 -0.48405999 -0.92437267 -0.54667606 -0.56885925 0.71519760 0.27200493
0.06745728 0.39442268 -1.15501484 -0.02078329 -0.52168867 0.16348816 0.62750611 0.14064671
0.50837237 0.29011315 -0.59263590 -0.99105314 0.59102208 -0.09747988 0.46546385 -0.63230872
-0.31255971 0.71937451 0.09624180 -0.24894115 0.53164927 0.33432240 0.29927722 -0.55912299
1.04343150 0.08441047 -0.65248648 0.20035096 0.10272286 0.12569237 -0.27260785 0.29229555
0.04591398 -0.12612066 0.89185146 0.23916502 -0.62918064 0.34651895 -0.82380707 0.33232004
-1.05019765 0.57678267 0.17654921 -0.24401966 -0.10823024 0.17225442 -0.73589245 0.50079053
0.70275015 0.12707136 0.00051114 -0.57885492 -0.34754876 -0.42681887 0.18326986 0.39289551
-0.56049049 -0.00555448 -0.10880308 -0.03293840 0.00962698 0.43524613 0.78275809 0.17578650
-0.35287134 -0.19155957 1.04630942 0.29539275 0.10701572 -0.00239889 -0.00658443 0.63205755
0.64863471 -0.36421368 -0.04231024 -0.24532941 -0.33796659 -0.34173400 0.73801846 -0.01183353
0.56874322 1.41076127 -0.95661595 -0.19128505 0.49882415 -0.31544400 -0.52153971 -0.37646090
0.52938334 0.90643474 -0.34692038 -0.36732914 0.20561038 0.44894547 0.28346438 0.20777045
-0.61086916 0.05618285 -0.46155792 -0.11702060 -0.23300986 0.13275242 0.00667465 0.52060876
0.34351646 -0.14548608 0.19234174 -0.93530741 -0.88510794 0.46820499 -0.27174298 0.08852974
0.60437753 0.07304800 1.00165712 0.38831817 -0.43067351 0.71590072 -0.28544639 0.22079116
0.76715037 0.09905261 -0.18074794 -0.50704001 -0.07169013 0.07319231 0.27239196 0.07783194
-1.03251357 0.53493629 0.47721146 -0.59721385 -0.43983422 0.32858398 0.48780360 -0.00471373
0.00445707 -0.09494470 -0.37116115 0.74322862 -0.64250236 -0.65176137 0.30860533 -0.28693388
0.77331951 -0.40688885 0.29228823 0.31919574 -1.15245399 -0.79328189 -0.80522045 -0.26744472
-0.00881170 -0.45131260 -0.07572305 0.71996021 0.05238244 -0.29047772 -0.04908214 0.38213335
-0.33420941 -0.11366075 0.06879036 -0.07070399 0.40502652 -0.73718654 -0.42357599 0.26840808
0.24986585 -0.13108640 -0.63706555 -0.19905238 -0.00119913 -0.47834595 0.33259024 -0.63823626
-0.32361414 0.66594510 0.02551289 -0.11926627 -0.34821137 -0.37860053 0.92393698 -0.26100413
-0.02792851 0.62454047 -0.24877981 0.01534858 0.28083846 -0.06470481 -0.94394587 -0.33219166
-0.13155844 -0.00304195 -0.46486157 -0.34642255 -0.03534944 -0.02287118 -0.73463332 -0.05837633
0.13642038 0.65817718 0.27950596 -0.34248167 0.30498204 -0.22590519 -0.32566588 -0.16613673
0.43112537 0.10845812 -0.79135644 -1.03714967 0.09424002 0.52572012 -0.57927035 0.69123454
0.20733049 0.05103061 -0.29313570 0.47359997 -0.66295356 0.57259372 -0.18965584 -0.40191186
0.70224519 0.79603505 -0.15059507 -0.48406206 -0.64778724 0.41294237 0.66024478 -0.21105766
-0.11680011 -0.24444197 0.18415949 -0.32995067 -0.54883008 -0.52495726 -0.16245322 -0.09662118
-0.74710739 -0.36854337 0.96904834 0.25544428 0.18557990 0.05014397 -0.46099745 1.07766553
-0.53270312 0.35542934 0.13251982 -0.04770761 -0.07830773 0.06549443 -0.47054960 -0.06152941
-0.48477565 0.16745178 0.06615968 0.89168621 -0.68361568 0.45175790 0.13969757 -0.61304689
0.09259647 0.35994455 0.01691262 -0.78722025 -0.48757591 -0.08852550 -0.89472077 -0.58975180
0.63892407 -0.79923875 0.51474926 -0.04119812 -0.95702183 0.29318056 0.50208326 0.56966263
-0.52910026 0.21810556 0.31971700 0.39881449 -0.00640091 -0.11404930 -0.02708641 -0.29403436
0.32428884 0.20208560 0.16587097 0.26779023 0.19783563 -0.41240454 0.06502071 -0.86748875
-0.32004026 -0.06198429 -0.29613752 -0.06915395 0.30485537 -0.47379539 0.70874077 -0.49680810
0.43290699 0.32706569 -0.07894120 0.73152970 0.00984879 -0.85209411 -0.44792754 -1.02909713
0.55791091 0.52913644 -0.47523958 -0.19152234 0.67691551 -0.56095608 0.04607812 0.76870491
-0.96545770 -0.36574457 -0.45812230 -0.35423681 -0.29074903 0.07952320 0.15898246 -0.06067428
-0.96704247 -0.25754761 0.23232548 -0.90718676 0.07075370 0.46990237 0.14957134 0.19714104
0.23325205 -0.55418972 1.11071851 0.26037121 -1.34306138 0.18354357 0.61557002 -0.01417480
-1.33234505 0.44068313 0.04806432 0.62252765 -0.74390776 0.05342237 -0.52498317 -0.64467976
-0.54260080 0.12441549 -0.04820512 0.34975450 0.20642503 -0.32947126 0.63964654 -0.03993647
0.00427899 -0.20064142 -0.45834867 -0.75878969 -1.05144205 0.02808607 0.37607310 0.08815172
-0.68528655 -0.49902333 0.19850875 0.17184660 1.12387994 0.47934174 0.08408648 -0.24614374
0.11767992 -0.17142088 0.22768267 0.97037327 0.35370467 0.44597221 -0.84364256 0.59432787
-0.26099865 -0.34695240 0.22361224 0.14339376 -0.28507751 0.29517755 -0.03916183 -0.41530489
0.16505612 0.35015942 0.12987073 -0.12708563 -0.37303813 0.62165334 1.05016244 -0.00532945
-0.46794613 -0.52180374 -1.24252061 -0.67854465 0.58762077 -0.87358985 -0.10985079 -0.45565824
0.60767916 0.06774243 0.46439996 -0.37873645 -0.34817715 -0.79020197 0.83631148 -0.33761026
-0.73075984 0.30856668 0.42533889 0.14483483 0.40227503 -1.42843257 0.58612792 -0.00604544
0.24359021 0.09786545 0.36669686 1.23326810 -0.46475681 0.40743492 -0.16486810 -0.21265093
0.10802568 0.76287978 0.01922433 0.02970222 -0.12571676 0.07920224 -0.00526790 0.20909156
0.93418879 -0.36817986 -0.18998334 -0.41445412 -0.28123211 0.37805188 -0.13002774 0.55332286
0.00287916 -0.17704907 -0.64883861 0.91675331 0.74993520 0.04443951 -0.75853926 -0.17094737
-0.60254434 1.08732375 -0.55859147 -0.06062133 0.01976806 -0.11462923 0.60999592 0.17524317
0.09536256 -0.11995290 0.34410130 -0.08120179 0.09132732 0.43243919 0.13959427 -0.14236168
-0.05081864 -0.33118287 -0.98022870 1.00037573 -0.45780646 0.28938044 -0.12355543 0.08400587
0.07652586 -0.19843521 -1.09068555 -0.50972277 0.61311657 0.70564742 -0.29581753 -0.33482260
-0.21894042 0.64675799 -0.26296730 -0.71035892 0.15775504 -0.75556400 -0.35966362 -1.10052092
-0.72205757 -0.07987252 -0.27453197 -0.31819113 -0.30360023 -0.04640866 0.11370160 -0.03582969
-0.71611286 -0.12026409 0.00284859 0.70463961 0.19376427 0.10736016 -0.47164544 -0.10146360
-0.01579838 -0.52554069 0.47227648 -0.76409990 -0.71108031 0.32645247 -0.21275372 0.60581523
-0.11608369 0.02813492 -0.34039882 0.27030047 -0.04186925 0.28275334 0.17059851 0.45267551
-0.48527641 0.16753242 -0.02162039 -0.48789967 -0.09828095 -0.75110364 -0.16112266 0.40787464
-0.11792440 0.81649172 -0.02649084 0.47777321 -0.09132076 -0.46527515 0.11184053 -0.23272212
-0.56176955 0.18414091 -0.31222834 0.38777131 0.36503595 -0.56187336 -0.15535760 0.43775399
0.24943391 -0.93666702 0.05347454 -0.01384639 -0.90215534 0.19556469 0.56970179 -0.19194855
-0.02001129 0.38354230 -0.44033193 -0.15830178 -0.24058390 -0.54941883 0.55113534 0.93158966
0.16033673 0.69878911 0.85464830 0.16313600 0.16421076 0.40597752 0.24472299 0.77072585
0.37287328 0.65791649 -1.06705763 0.14575865 0.19657512 -1.04506466 0.45347109 -0.49846148
0.24016006 0.32958769 -0.08401793 -0.30413850 0.15852195 -0.02054508 0.98852138 0.14974054
0.29423336 0.39083123 -0.46225823 -0.19834181 -0.80864877 1.18639454 -0.12828363 0.41992541
-0.06764052 -0.74084425 0.37392691 0.20787232 0.65167940 0.05471003 -0.58555868 -0.31272210
-0.00697189 -0.27403896 1.43938243 -0.40167636 0.36095999 -0.66317517 -0.32036981 -0.22879540
0.02704270 -0.00303973 0.52238050 -0.14347483 0.41224986 0.83372835 -1.10622216 0.06551925
0.56116545 -0.18849356 -0.72149700 -0.58638298 0.01225134 0.12527957 -0.30989998 0.38051078
0.20945265 0.19051806 0.97367074 0.13334078 0.66894431 -1.22090261 -0.22117495 0.11206110
-0.41548946 0.58847226 -0.28781695 0.45357454 -0.54858743 -0.46669743 -0.11439614 -0.04452568
-0.16035465 -0.06316485 0.70350732 0.63310180 0.86004870 0.08074392 0.29902944 0.02047945
-0.25095258 0.31286239 0.30991833 0.23109253 0.11484066 -0.12959043 -0.03805825 0.47443774
0.23847795 0.46582156 0.32246470 0.53782077 -0.05508384 0.06742978 0.28680939 0.24158165
0.54540809 -0.18162641 0.38817372 -0.22730738 0.07570570 0.01222209 -0.37972107 -0.43568321
0.65343599 0.29666939 -0.43189861 0.50373270 0.55663722 0.46070401 -0.07031914 -0.47151915
0.01237297 0.08730956 -0.00785740 -0.21364346 0.32385922 0.40797956 0.39290726 0.58684106
0.09504129 0.64191735 -0.28689241 0.22122326 -0.49685971 0.28739318 0.34260633 -0.77275504
-0.26466526 -0.05664055 0.20803522 -0.30639617 0.52728966 0.20442082 0.19009085 0.44586026
0.24399744 -0.10774035 0.79874622 -0.13845088 -0.12016321 -0.38991306 0.61720379 0.80919368
0.78769135 -0.51140588 -0.75300808 -0.11017329 -0.06404461 0.28088208 0.04701237 0.24656233
0.69062438 -0.87390469 0.17129828 -0.35013468 -0.74492910 0.01810883 0.46255288 -0.05530403
-0.03974649 -0.00755317 0.15170148 0.86793555 -0.26519705 0.40211907 -0.33202897 -0.46544641
0.92492555 -0.95791326 0.27538231 0.22850466 -0.81480619 -0.03679335 -0.23639514 -0.44675404
1.62978868 0.72491378 -0.63750144 -0.71406785 -0.10836821 0.15293589 0.44104648 0.23407601
-0.44654190 -0.16059943 1.29607415 0.06045123 0.62931015 -0.18011381 0.19773315 0.18068299
0.39198722 -0.66170951 -0.09298029 -0.54302132 -0.06711245 -0.55275017 -0.82593731 -0.76493891
0.39756887 -0.25862578 0.35037833 -0.13073771 0.27083226 -0.91562169 1.01405940 -0.05391833
-0.22962913 -0.40651331 -0.06938352 1.07731662 0.20689904 0.25544723 -0.01287625 0.99452262
0.20746277 -0.05924829 0.55994327 0.01949606 -0.17722548 0.45182095 0.11812806 1.04518628
0.45508347 0.12343016 1.06255848 0.54179903 1.04982611 -0.43476688 1.03814423 -0.18669467
-0.31821839 0.27632930 -0.43076195 0.74144633 0.28550105 0.43479778 0.06369856 0.45471695
-0.27259197 -0.22115243 0.53274978 0.30795770 -0.44022384 0.25333663 -0.47797181 0.04971137
-0.13923066 0.42665927 0.07025829 -0.22697243 0.16909454 0.68749789 -0.21643855 -0.08608279
0.09841405 -0.15709931 -0.00764626 0.55941833 -0.48304379 0.18962232 -0.41187643 -0.30568551
-0.57406862 0.15133892 -0.51602291 -0.74368303 0.25940820 -0.32711431 -0.75733132 0.18899193
-0.67012267 0.38368739 -0.62503852 -1.15062237 0.95889677 0.78488447 -1.06539750 -0.55790710
0.73492317 0.00465097 0.31346148 -1.09445522 0.86504509 0.58744584 -0.40842070 0.60624601
0.28234605 0.10269644 0.18243405 -0.51160434 0.14693284 -0.74410559 -0.33967471 -0.51305208
0.61168606 -0.62496318 -0.37102325 -0.95231803 -0.24103816 -0.27219307 0.23427303 0.17986505
-0.48986575 0.21041309 0.10579759 1.06871412 0.23974439 0.87677212 -0.05503327 -0.70288124
0.23372302 -0.02678047 0.38414580 -0.88488450 -0.07492612 -0.20517638 -0.63148231 0.15141609
-0.12738881 0.29865200 0.20890308 0.98685305 0.68134130 -1.07702760 -0.25198132 0.29643300
0.27730092 -0.05027821 0.38152286 -0.29040092 -0.45634947 -0.68301828 0.01982371 -0.49838646
0.57457825 -1.40047487 -0.10109304 0.49549074 1.21200672 -0.67182204 -0.35501477 0.05219849
-0.39097036 -0.03227073 -0.99881565 -0.30805245 -0.06958226 -0.62386816 0.47373163 0.13069646
-1.01968923 0.46856519 -0.60288523 0.13010570 0.55061228 -0.16701084 0.26753195 -0.93628383
0.52641764 -0.10053361 0.27298028 -0.16470578 -0.31165505 -0.20212589 0.14765478 0.26491891
-0.04084024 -0.18979484 0.70263793 -0.65831035 0.20111214 -0.54907878 -0.45005197 0.44637724
0.66074086 -0.96418287 -0.66289074 0.35861925 0.31064415 -0.02198784 0.33945534 0.46032320
-0.17735002 -0.48621187 0.31009506 -0.88558542 0.51261140 0.14857713 -0.38231227 -1.37617925
0.06991040 0.27974565 -0.33747154 0.34233414 0.99312162 -0.40517893 0.19722828 -0.32956103
1.00307936 0.86792116 0.30286186 -0.92285142 0.82270480 -0.51735706 0.56549473 0.19579566
0.18509090 -0.34447806 0.05846887 1.05345990 0.64558700 -0.57826392 0.26263438 0.22931682
-0.69718022 0.80149802 0.56722121 -0.48561871 0.20601211 -0.09142843 0.17334496 0.08484028
-0.07601847 -0.41483868 -0.34780871 0.39105531 0.20251193 -0.60776759 -0.02960928 -1.43117211
0.18312530 0.84002900 1.00638172 -0.26614152 0.08413771 0.02950697 0.30139689 0.00452032
-0.65404499 -0.00898166 0.40679588 0.20393990 -1.11606640 0.15417304 0.18991373 -0.38259045
0.49175496 -0.51930747 -0.29178751 -0.61058236 0.95981272 0.02694549 0.32499689 -0.19737151
0.01846247 -0.35604294 0.48211299 -0.49627006 -0.26069305 0.80344587 0.56780182 1.03685161
0.29025560 -0.60424511 0.00523232 1.14066243 -1.04947147 -0.18782795 -0.11940036 -0.18222079
-0.59548925 0.55725655 0.01809942 -0.07387769 -0.12446858 -0.41215097 -0.33090558 0.94205165
0.29832995 0.17975566 0.33051609 -0.10310609 0.67146043 0.64283890 0.65866587 0.81701302
0.06154525 0.35883612 0.44436296 0.58813414 -0.57320793 0.21374921 0.35533173 0.67302999
0.53562790 0.08157330 -0.27211579 1.15788634 0.32988158 0.30262126 0.30471834 0.13507638
0.63303610 0.79444325 -0.24654277 0.31158615 -0.35129307 -0.55302747 -0.99476858 -0.82572820
0.26356888 -1.03881138 -0.41471963 -0.26738863 0.40335903 0.05099298 -0.89287347 -0.67713143
0.30200341 -0.02184808 0.15757910 0.48418784 -0.78933763 0.27292619 -0.25769479 0.50730832
-0.37783899 -0.13768696 -0.24000353 -0.02943741 -0.23748302 0.72516123 -0.01847140 0.00952813
0.26211175 0.19502214 -0.11077787 -0.20910045 -0.01749020 -0.27674446 -0.58621144 -0.04989086
0.39048568 -0.18613115 -0.65956909 0.18343782 0.72367576 0.79340074 0.34714017 -1.06878650
-0.40808920 1.30053172 -0.37289444 0.31506760 -0.40899263 -1.12915236 0.38124922 -0.31617788
-0.32127897 -0.65514767 0.09688277 -0.22606040 -0.41758938 -0.30317782 0.36894584 0.60290877
-0.48148801 0.73130925 0.02653018 1.23446764 0.17062358 0.09668430 -0.12058026 0.17193656
1.27034819 0.01545751 -0.56678564 -0.11977202 -0.59652849 -0.60007483 -0.74171295 0.08336652
0.12609526 0.41927736 -0.15857608 0.01126788 -0.04397795 -0.43265225 0.46811948 -0.43366103
-0.04347628 0.10788458 -0.30849001 1.30253463 0.43323955 -0.40566476 0.26896858 -0.07529547
0.05792518 -0.47334072 -0.77744186 -0.05002238 -0.26194214 0.65151171 -0.19811623 -0.59932854
1.11982882 -0.40892009 -0.06737711 -0.35603246 0.54750090 -0.68768056 -1.05671415 0.12078465
0.21539432 -0.04400629 0.75074518 0.20632591 0.05975205 -0.03623725 0.43435483 -0.43887213
-0.90509441 -0.75672660 -0.02006815 0.60715443 -0.82326775 -0.20538958 0.49584956 -0.22429900
0.15360623 0.01510397 0.51093814 -0.04539023 -0.15244505 0.03038073 -0.69097169 0.26759415
-0.45023233 -0.39672744 -0.06439987 0.27787714 -0.79099749 -0.00014380 0.22993528 -0.30255147
0.62647415 0.39070711 0.53331755 0.41299818 -0.93610298 -0.86117119 -0.49155768 -0.16195363
-0.46923413 0.97671228 0.34712308 -0.61973174 -1.20860334 0.35133128 0.74945938 1.01672795
0.63853495 0.54734104 0.10473094 0.28215359 0.82499133 -0.45020324 -1.01880628 -0.16877120
0.25633191 -0.36599890 -0.59384977 0.41946969 -0.77444982 -0.71679694 -0.30144898 -0.45389817
1.00663260 0.64151901 0.11714716 -0.25682808 -0.02072190 0.28287703 0.49801056 -0.13935547
0.09339768 0.38780503 0.11709550 0.25912462 0.48384127 0.39718270 -0.14996598 -0.11130229
0.63655772 -0.17822675 -0.08227686 -1.32627701 0.97353971 -0.25605442 -0.13755242 0.25848842
0.52510664 -0.82460142 -0.47263071 -0.50118172 0.10493540 -0.20614760 -0.18730103 -0.11774236
0.47070547 0.28984132 -0.31201268 -0.34575546 -0.43927777 0.11973981 1.66585254 0.22176812
-0.12799945 0.39054043 0.03669407 -0.02561318 -0.09059495 0.23718041 -0.07454251 -0.33980339
0.22067857 -0.27501730 0.07808934 -0.10881815 0.22784693 0.36538445 0.19779924 0.62071854
0.66379716 0.63559815 -0.35030585 0.06740702 -0.12312922 -0.83383430 0.78732638 0.36406318
0.08190029 0.10653719 -0.26425975 0.34850047 -0.67008049 0.27801159 -0.57132985 0.56097709
-0.43227114 0.14589415 0.52431924 -0.03247351 0.45149632 0.45790844 -0.76996772 -0.76206422
-0.80571351 -0.30478757 -1.33442797 -0.11951998 -0.90092815 0.34768544 0.15344596 -0.31576216
0.49496588 -0.18830365 0.53251455 1.37240886 0.25520243 0.41886011 -0.58056929 0.03032748
-0.53419004 0.34314667 -0.97278295 0.67259800 0.10040908 -0.10830674 -0.30376809 0.17360634
0.11110774 -0.78629806 0.27376430 -0.86558369 -0.49909643 -0.28614975 -0.95725759 0.09561745
0.63514176 0.19143684 0.46518777 0.62632709 0.26501371 0.29893346 0.14923944 -0.46261573
-1.09445123 -0.45216224 -0.54263486 0.04327253 0.29670140 -0.19375157 -0.04047498 0.56099711
0.26657144 0.52345279 -0.40260122 -0.46000532 0.22260998 -0.09396834 0.01368486 0.05998777
0.18857679 -0.15341166 -0.25881459 0.11145895 -0.77588880 -0.38761972 -0.26323259 -0.32925960
-0.41848389 -0.79652881 0.56660974 1.16776570 0.84310217 0.03616505 0.09768636 0.89110824
-0.43177329 0.18731272 -0.04832592 -0.20537896 0.30468514 0.55701559 0.36420391 0.24958093
-0.43578175 -1.00314240 0.09895049 -0.09922304 -0.15768708 -0.01177347 0.45758779 0.29790391
-0.05514145 0.19389421 -0.84306509 -0.13182352 0.25319510 -0.18590040 0.72499089 0.86428382
0.35921969 -0.10679946 -0.36313361 -0.20926957 -0.18060432 0.31409066 -0.85940340 0.04801799
0.53089005 0.16694623 -0.24837935 -0.22907788 0.57800887 0.63596142 0.76412840 -0.66029390
0.02780584 0.40902142 0.01080362 -0.07623138 0.25844020 0.37088984 0.14415098 0.23810509
0.06785580 -1.04038202 -0.08853518 -0.03938310 -0.19561089 1.19727684 0.04084278 -0.36836810
-0.26372546 -0.73446471 1.15102872 -0.62778595 0.08337679 -0.01917093 0.14131480 -0.79597836
0.67702453 0.41531359 0.69034231 -0.73633578 -0.25322458 0.75590342 0.29276738 0.11303511
-0.11490669 0.44024774 0.84934801 -0.16516111 -1.04391620 -0.12956488 0.05766587 -0.88847462
0.22771063 0.31654799 0.59749290 -0.19711781 0.06769214 0.56670413 -0.56028968 -0.28350535
-0.05705273 0.60904446 -0.84058316 0.65843922 -0.16277069 1.12557012 -0.30402614 -0.70091586
-0.14783121 -0.80661731 -0.09098409 0.19775014 0.13240649 -0.30487621 -0.08881093 -0.15112871
-0.66685389 -0.14923721 -0.45555005 0.32781312 -0.30859380 -0.41365435 -0.14098884 -1.29501750
0.62369942 -0.73897505 -0.79339347 -0.15925521 -0.60931177 0.08150541 -0.67858775 0.08441408
1.38348873 -0.30359406 0.13557345 -0.65500080 0.15886150 -0.49610021 0.82640361 0.29772250
0.04483696 -0.56736168 -0.11788209 1.05137605 1.27053558 -0.22982735 -0.21751585 0.36246539
0.41526901 -0.26022384 0.18649690 -0.43541218 0.05661919 0.41544698 -0.26989165 0.20676971
-0.23961680 -0.25159846 0.12235117 0.51705543 0.20193792 -0.06495993 -0.11446782 0.06224891
-0.71114572 -0.75977002 -0.47296857 0.72850479 0.39447551 -0.36579201 0.64247433 -0.13757530
-0.14566530 1.09189544 0.35581028 0.74444830 0.28930198 0.49243348 -0.26569321 0.80175929
-0.37802662 0.65954708 -0.34766843 0.03858051 -0.17912803 0.10611825 -0.11422887 0.39654442
0.37018259 -0.15178545 -0.02992389 0.40870856 -0.46354625 0.45099533 0.60095833 0.34652018
0.73124489 -0.27734879 0.33899942 -0.16683413 0.03382785 0.28076520 -0.31474025 -0.26823074
0.00709888 -0.52046920 0.31933752 0.05781106 0.47802237 -0.00037290 0.81034738 1.42203297
0.25739025 -0.53122055 -0.08466450 -0.97633112 0.42632566 0.79008298 0.91972087 0.63982571
-0.72018690 0.02553299 0.07635688 -0.25054241 0.08838300 -0.07408892 -0.00584072 0.68927014
0.41587796 0.53678238 -0.84603745 0.75844312 0.27720350 0.68612029 0.37135426 0.78997106
-0.28846162 -0.45112727 -0.59382159 -1.19428361 -0.16399176 -0.16695229 -0.72545490 0.47412085
0.61008532 0.47038167 -0.24173185 -0.24128447 -0.67033011 -0.69392960 -0.12959588 0.86903001
-0.27105479 -0.05577383 -0.26212004 0.95443174 0.61381620 -1.14952189 -0.60578996 0.27493443
0.04634204 0.80363536 -0.02744912 -1.16001644 0.87770928 -0.25145872 -0.98480113 0.41390646
0.50521684 0.08679061 -0.48921326 -0.06537229 0.02922747 0.00171787 0.39984421 -0.31313373
-0.34291458 0.38257975 -0.42195183 0.07220884 -0.19203745 -0.49346113 -0.87032249 -0.77239464
-0.33644089 -0.11039055 -0.07247865 0.04111805 -0.01744195 0.54483727 0.15720613 0.60101134
-0.43436572 -0.76391282 0.37291820 -0.56601310 -0.76491396 -0.57401416 0.26510253 0.11416727
-0.09240820 -0.09115798 0.61074436 0.62881220 0.09999533 0.60501985 -0.28211704 -0.00027547
0.44566527 -0.46388294 1.10059966 -0.71376023 -0.18855664 -0.06928897 -1.48685426 -0.88022506
-0.45304583 0.93102419 -0.28782401 -0.69377200 -0.51386324 -0.30180615 -0.18424755 0.52145118
-0.02876533 -0.53728259 0.69802268 0.73464677 -0.53264353 0.01853718 1.11621602 -0.12893684
-0.37248195 -1.05403362 0.07571571 -0.22399933 1.15721751 0.09426382 -0.68065200 -0.35939232
0.23836036 0.55276875 -0.19783560 -0.99949153 0.24691181 0.05853055 -0.14651559 0.03581884
-0.51774093 -0.86135625 -0.79824615 0.56519546 -0.85171470 0.50471716 -0.51320282 -0.75541336
-0.04309207 -0.32704000 0.32403724 0.19458332 -0.23859426 0.26117800 0.15870788 -0.66671408
0.76453607 -0.03498746 0.10221402 0.53464819 0.85312247 -0.39614411 0.41424772 0.56663065
-0.10453886 -0.41886544 -0.23730179 -0.60421881 -0.05918933 -0.34628730 -0.52885111 -0.00641787
0.44863981 0.43497836 0.21819084 -0.53731609 0.20093005 -0.14051162 -1.41415980 -0.74919302
-0.17272561 0.76253356 0.31693358 0.03776902 -0.35150100 0.46805849 -0.02872351 -0.31044993
1.11825714 -1.28523962 -0.13398258 -0.40132804 -0.33483135 0.20281023 -0.39881317 -0.25637795
-0.10913963 -0.20488178 0.35528114 -0.08555743 0.01959267 1.23426139 -0.62474799 0.16346736
-0.02301912 -0.42176708 -0.36974722 0.86112616 -0.00304353 0.88598742 -0.18282618 0.34629178
-0.52075380 0.03655321 0.14435003 0.03214098 0.15605467 -1.26474919 0.27104985 0.29563380
0.84631922 0.54371634 0.85730929 -0.49147073 0.34842062 -0.98421948 0.07878652 0.07399127
0.23805219 -0.16591466 -0.05710876 0.06889453 0.02309108 -0.70541982 0.98068889 -0.54256696
-0.17170252 -0.67241663 0.54350160 -0.44111753 -0.28950140 0.53488395 -0.53861200 -0.93127001
-0.24144857 0.07629081 -0.34961199 0.70243294 0.60145421 -0.51606448 -0.94076060 -0.40783359
0.16677091 0.72539705 0.03164565 -0.24708099 0.09200645 -0.04521024 0.68834137 0.13585422
0.09665642 1.08796416 -0.22316251 0.05812266 -0.69040843 -0.65635585 0.23657880 -0.26360504
-0.04746385 0.15016697 0.04421151 -0.19845488 -0.07796929 -0.44569607 0.53545669 -0.19106968
-0.26264685 0.18891641 0.01499140 -0.58037596 -0.27660106 -0.26511835 -0.63679532 0.37436002
-0.15964003 -0.10232127 0.82931530 0.38873528 0.25311346 0.28236803 -0.82978326 -0.28364707
0.10165047 0.63696532 -0.51739359 -0.22917319 -0.89099097 -0.01538675 -0.08434832 -0.64399710
0.35592909 0.06842607 -0.93469239 0.06018389 -1.11243948 0.15429871 0.40392344 0.01670218
-0.00161900 -0.13075613 -0.36503160 -0.59198220 0.54950969 0.49065972 0.44515069 0.16096390
-0.46310214 0.07902659 0.03466862 -0.05323792 0.23969297 -0.02509656 0.27147191 0.35185424
0.06026439 0.25044511 0.15812204 0.08731507 -0.28922885 0.17641226 -0.37438870 0.57143650
0.01063952 0.04470983 0.29753075 -0.21436015 -0.29591913 -0.53703981 0.48985902 0.10571251
-0.72234499 0.63055424 0.08913534 -0.65601026 -0.81971557 0.54854568 0.01046394 0.75795317
-0.17451496 -0.57089065 0.88416226 -0.12050826 0.77738855 0.22434892 0.24125956 -0.23016042
-0.08642116 -0.39246220 -0.78326748 -0.91467418 0.08290990 0.08481512 -0.29707874 0.01778455
-0.53081207 -0.35020445 -0.25934879 0.14274465 -0.05179428 -0.61553749 0.12617054 -0.36161427
0.12715286 -0.14925177 -0.42421856 -0.63020091 -0.94614284 0.60181756 0.36215719 -0.97933553
-0.30733361 -0.50869222 -0.12426192 -0.04693909 0.20388318 -0.53319114 -0.48390842 0.27973930
-0.26527332 0.39383636 -0.56840838 0.67890815 -0.38150215 0.20340405 -0.17736558 0.83516037
-0.65270568 0.24417338 0.18768342 -0.00737579 -0.26561871 -0.66434145 0.16216018 0.34845016
-0.28898362 0.73176868 -0.08370372 -0.61239222 -0.44886382 -0.56010551 -0.30259363 -0.30499176
0.51155973 0.44344341 0.12899033 -0.18033565 -0.10087259 0.77383353 -0.09419373 0.57936002
-0.22728150 0.54003374 -0.34803384 -1.30057601 -0.84936397 -0.55996391 -0.50723835 0.66883904
-0.11283183 -0.53194413 0.78904815 0.02620004 0.83238666 -0.95534921 0.52954843 -0.37214199
-0.24109931 0.49923677 0.09971931 -0.16673877 -0.60738875 0.35464931 0.36348114 -0.27507034
-0.18904643 -0.85860342 -0.00772587 -0.60655213 0.91651418 0.31148394 0.53032603 -0.11742003
0.32634760 -0.83203986 1.46076940 -0.24009763 -0.28156082 0.33452280 -0.77673390 -0.67045861
-0.66514568 0.21030008 -0.11549437 0.16458991 -0.80770790 0.77896679 0.05488997 0.48463470
-1.38404723 0.08367278 0.81060341 -0.32488804 -0.67481813 0.60814890 0.26884899 1.06700050
-0.28742288 0.53336479 0.59327412 0.21660203 -0.00619552 -0.14654746 0.29771167 -0.01778681
-0.33547927 -0.28396434 0.94663765 0.11119771 -0.30510078 0.05239761 -1.10005496 -0.50325598
-0.48983275 -0.39772311 0.82083378 -0.11871785 -0.78475533 -0.96923390 0.67119201 -0.01908330
0.16902818 -0.10082028 0.04929618 -0.18144204 0.49072308 0.12285715 0.10981929 -0.19590533
-0.28357889 -0.35915132 0.31520595 1.06170165 0.65046470 -0.23367311 0.51003112 0.05981864
0.20876804 0.12188738 -0.34913874 0.91754559 -0.48640292 -0.84953702 -0.31518970 -0.96227318
-0.98575977 -0.04102131 0.31257260 -0.62475183 0.26241869 0.73386364 0.05180075 0.40206983
-0.72556500 -0.05671310 -0.27335988 0.40264637 -0.69949201 -0.54654946 0.12536048 -0.49772309
0.21937991 0.37766630 0.48390272 -0.35025505 -0.17926563 0.81021995 -0.05209857 0.12009112
0.77095117 0.63465139 0.71338200 0.70337142 -0.15929261 0.17552967 0.54612613 -0.30749531
0.32822417 0.08269399 0.81917438 -0.16576565 0.49323862 -0.01665221 0.11726044 0.63552574
-0.08081461 0.10080616 0.02149771 -0.39818193 -0.01580442 0.45359697 1.28352622 0.25183540
0.39026261 0.06309819 0.33009732 -0.25853163 0.10069800 -0.51823147 0.05524165 -0.72597426
0.08156104 0.36385440 0.35999724 0.66306194 1.03811537 0.00801514 0.43005715 0.30475959
0.24762746 0.10455439 0.92776698 0.48161747 -0.25587485 -0.88968219 0.32091148 -0.10306754
0.85472785 0.98669555 -0.05989066 -0.15164598 -0.05039752 -0.19990965 0.69561078 -0.63923920
0.45767004 -0.87553980 -0.50643475 -0.65131463 0.04771928 -0.22852908 -0.24394170 0.06996889
-0.37143485 -0.09917427 -0.25598328 -0.63673752 0.25713021 -0.74778756 -0.51761471 0.60974815
0.10501720 0.38800493 0.44973854 0.24162825 -0.16056726 -0.17533993 0.15268123 0.88831104
0.45912853 0.63955471 -0.72691403 0.45878245 0.38073431 0.36247577 0.40974411 0.30119935
0.26436137 0.14711315 0.34320501 0.32811355 0.16684642 0.33745894 -0.88547375 0.42851042
-0.18870136 -1.02469211 0.30112200 -0.39524322 1.50129486 0.10731775 0.10916952 0.04183132
-0.25246636 -0.80393877 0.31651976 0.32522885 0.06792093 0.63933156 -0.52255525 -0.04500026
0.49407056 0.38873349 -0.14682867 0.69624952 -0.23686371 -0.24317427 -1.06428124 0.63601452
0.38658418 0.16358202 0.71811717 -0.28924409 0.02465720 1.05892926 0.13993548 0.40239026
0.85458590 -0.02294692 0.32168057 0.12472283 0.12713052 -0.23046215 -0.29462159 -0.19102075
-0.97307286 -0.08416749 0.19237334 -0.59483724 -0.26540456 -0.99393809 -0.05232342 0.24251219
-0.60148598 -0.41567595 -0.50033390 -0.49412550 -0.46925398 -0.68075756 -0.14530761 0.12686120
-0.25834782 -0.48500574 0.36476894 0.34735361 -0.45472256 0.14440246 -0.84841674 -0.16194624
0.18593706 -0.02966595 0.42786041 0.52156519 0.44116216 0.01777664 0.08245459 0.69199684
0.89077156 -0.14778827 -0.53107892 -0.42685677 -0.34114573 0.03626627 -0.47696500 -0.14480935
-0.85661490 0.07891367 0.15689803 -0.15617451 -0.05304491 -0.12321161 -0.08806696 -0.41182095
-0.35899422 -0.76658216 0.25927549 -0.78963338 0.56561481 -0.28641468 0.20427243 -0.18097428
-0.44151288 0.22754969 0.22939724 0.25451614 -0.50580112 0.74154332 0.23826009 0.32343120
0.16327499 0.48733588 -0.22199813 -0.26122355 -0.54116498 -0.85146150 0.84201233 0.84429049
0.23783534 -0.68736109 -0.18917055 0.04582041 -0.06118900 0.27574439 0.46366139 -0.10898608
-0.36175859 -0.93690334 0.31240520 0.23002528 -0.11435891 0.38474545 0.13229238 -1.10928881
0.17244843 0.60235245 -0.07841926 -0.70318745 0.45005483 0.25165294 -0.17952747 0.18660513
-0.03630860 0.81395985 -0.27059262 0.67837385 0.25221786 0.78170227 -0.21297984 -0.86922918
-0.99254312 0.74153923 -0.37604943 0.29001672 -0.25739646 -0.07441131 0.11620049 0.25764140
-0.27224419 -0.69929982 -0.49903456 -0.50448720 -0.97348403 -0.35850627 -0.52004046 0.23082382
-0.08725315 0.18670187 -0.01418040 -0.32908472 0.73811678 -0.59763921 0.86017963 0.92838610
0.04876150 -0.56086798 0.32248645 -0.01049317 -0.07200939 0.13124573 -1.22944507 -0.23093436
0.27741534 -0.59115119 -0.08701157 0.11267146 -0.38864584 -0.78684014 0.10139525 -0.52008795
-0.47508304 -0.01156710 0.23240271 0.29116291 -0.08805073 -0.37056024 -0.39878610 -0.46986160
-0.46161388 -0.11587820 0.13200663 -0.48524288 -0.66836513 -0.97861891 -0.68017834 -0.23840979
0.15048705 -0.21612990 0.55845448 -0.02535517 -0.26441416 -0.31081072 0.17791654 -0.14806497
0.47249129 -0.00837981 -0.22053895 -0.80778491 0.44155587 -0.28148727 0.09029858 0.20991512
