-0.21245201 -0.05009003 -0.08681116 -0.06089053 -0.03569489 0.65492692 -0.29717091 -0.26342948
0.13518828 0.35620900 0.18384472 -0.54657521 -0.06825613 -0.35471540 0.16487257 0.19843706
-0.48121822 0.66653414 -0.34858370 -0.05413977 -0.05372306 -0.39949552 -0.39385295 -0.67771332
-1.08575676 -0.13877327 -0.33203615 0.30303735 0.36600123 -0.31843564 -0.86348666 0.49024623
-0.02892630 0.19028035 -0.88583619 0.33191049 0.14212374 0.30353650 -0.07810085 -0.57428481
0.57858814 -0.53446677 -0.23757526 -0.81850745 0.47479509 0.19465888 0.41826618 0.34331441
0.01341169 0.54704187 0.42493084 -1.09178102 0.22037411 0.43464902 0.04877044 0.36862094
0.23886806 -0.22278385 -0.00425326 0.11662906 0.10381043 -0.46567881 0.08312748 0.18555939
0.44744933 0.31902629 0.03504425 -0.43414620 -0.56198785 1.20583626 -0.42841357 0.83698266
-0.26605423 0.21904753 0.01406499 0.67878411 0.42915584 0.36509148 0.40029290 -0.25075753
-0.82696980 0.16687288 1.32092824 0.91185249 -0.19617337 -0.15576698 0.77719533 -0.37337819
-0.32129599 0.24597096 0.64214666 0.22355838 0.75465487 -0.56667250 -0.49373571 -0.06697454
-0.98583388 0.51573536 -0.28674069 -0.45652702 0.66328282 0.90684942 0.89873275 -0.43271205
-0.09237812 0.23447273 0.20881599 -0.29513950 0.54067521 -0.00570294 0.31302105 -0.09404768
0.03672448 0.70299261 -1.02923019 0.04506934 -0.18617150 -0.69995224 0.22196081 -0.58731382
-0.44149111 -0.19411217 -0.24938536 0.43843104 -0.45138643 0.28763463 0.54370998 -0.19679926
-0.21287528 -0.21377359 -0.33380322 0.31765892 0.73794120 -0.56922298 -0.32517076 -0.06160570
0.12521502 0.36316558 0.07984059 -0.15461453 0.38003212 0.49133896 0.08902548 0.08035964
0.34120273 0.01495733 1.61619354 0.65679350 -0.45926642 -0.13970301 -0.62905552 0.14597553
1.22615536 0.04139358 -0.65860945 -0.05993880 -0.18724018 -0.07417354 0.61714838 -0.04639311
-0.12828865 -0.35071373 -0.38422808 -0.11911655 -0.40891370 -0.59720220 0.22275544 -0.37789630
0.02432516 -0.00183097 -0.00670111 -0.86628609 -0.13214151 -0.17808165 0.46451323 -0.08074657
0.41460639 0.48567652 -0.85156823 -0.02962991 -0.11014171 -1.21562093 -0.11583089 1.32184351
-0.62011521 0.53339020 -0.90964593 0.17889332 0.11318074 0.52299442 1.10142294 0.47004218
0.25975623 -0.65980406 1.03856318 -0.67399578 0.16954408 -0.40696129 -0.61436136 0.30230134
-0.33082916 0.75981136 0.10299728 -0.37980300 0.25196496 0.34682173 -0.03575577 0.29658196
0.51555109 -0.19140682 0.26859343 1.01667755 0.01663624 -0.32770751 -0.59429500 -0.14969317
-0.20557191 0.87956672 -1.09997595 -0.48947722 0.38837835 0.42126150 -0.24901992 -0.01401052
0.14235231 0.13432835 0.23012292 -0.71773228 0.18184037 0.29209567 -0.11886559 -0.52574584
0.17577868 -0.16600503 0.34802459 0.09227006 0.75496144 0.24634805 0.22125287 -0.82681198
0.81563321 0.87014651 0.37029740 0.47024421 0.14089032 -0.64062434 -0.87166741 -0.05338190
-0.57848408 0.44952559 -0.30245777 0.46107131 -0.34549127 0.22306353 0.01671591 0.29568701
-0.65690399 0.02218194 -0.21850953 0.25309882 -0.07741573 -0.66962916 -0.25483497 0.54973797
0.99315092 -0.35457069 0.55539325 0.35993869 0.32488590 -0.28207919 -0.95074567 -0.39614109
-0.31647471 -0.51231893 -0.27804874 0.44504968 0.02820514 -0.28859789 -0.88399224 0.29122488
0.26115987 -0.16594237 -0.52024103 0.26250427 -0.38457395 0.39854385 -0.58101883 0.12780757
0.28289796 0.20297963 0.47918641 -0.23455025 -0.48795496 0.71472265 -0.19326836 0.36844367
-0.08754623 -0.41630609 -0.09154592 -0.13091078 -0.15868187 0.01506360 0.49058146 0.28592029
-0.26439751 0.01787295 -0.37496608 0.19696543 -0.42395699 0.36158310 -0.94287695 -0.18401096
-0.06035048 -0.25751707 0.31063139 0.07014999 0.38377230 0.22122535 -0.09189119 0.28589526
0.37744538 -0.95072627 0.10373354 -1.06301234 0.50399902 -1.24753852 -0.68408972 0.41802988
0.31922578 -0.01053535 0.59030861 0.08057287 -0.81633142 0.08762278 -1.22715773 0.72386668
0.00355543 0.13292845 0.05409972 -1.08987123 -1.33514408 -0.10411288 -1.02281734 -0.00777819
0.12195322 -0.47664662 -0.19449484 -0.90829260 0.28632178 1.45139048 -0.21008929 -0.61117511
-0.32876513 -0.19777200 0.32175574 1.05936831 -0.10771420 -0.56103295 -0.15180753 0.66472209
-0.79917970 0.95693991 -0.38585351 -0.72041033 -0.16196238 -0.35490169 -0.50718185 -0.08562716
0.17441619 -0.28780531 0.25510118 -0.05925027 0.53590815 -0.67949691 -0.16068199 0.88969617
0.13097225 -0.10736007 -0.63491648 0.50225534 0.46725329 -0.15784651 0.01029018 0.14129184
-0.94503519 -0.89399954 -0.24722235 -0.60702295 0.28934626 0.11749947 -0.40653502 0.49903738
-0.14759048 -0.66322319 0.16836803 0.26952577 0.53655447 0.63731493 -0.80557081 0.14707259
-0.72847426 0.08199931 -0.09705441 -0.09625497 -0.44678715 0.31777646 0.82432771 -0.49506782
0.58735715 0.39484221 0.08176462 0.49341294 0.18129655 -1.18467743 0.21795571 0.29943950
0.20152271 0.34284446 0.01148401 0.25211118 0.02181503 -0.14426966 -0.29067529 0.32045205
-0.46238626 0.64582706 -0.35341814 -0.49828654 -0.28460685 1.18363277 -0.30564836 -0.35591632
-0.40072397 0.05900012 0.03613006 -0.25748049 0.21679451 0.58825289 -0.32534779 -0.93315022
-0.10606970 0.34606223 -0.23399183 -0.91496310 -0.13128033 -0.33718693 0.21452585 0.17769602
0.32719336 -0.18235407 0.19900375 -0.81134521 0.45517479 -1.04862124 -0.64918334 -0.38489425
-0.47541400 -0.37709944 -0.24888712 0.21798362 -0.16514905 0.63347613 -0.39012460 -0.43408703
0.23402830 -0.50038828 -0.07659470 -0.17592783 -0.34757423 -0.61582630 -0.04658348 0.34307426
0.12483639 -0.19273992 0.39899931 -0.13874404 0.62213091 0.00698043 0.12398305 -0.13979390
0.04606165 -0.29423353 0.06190726 -0.75304639 0.25272237 0.28733459 0.16476794 0.47086081
0.52708642 -0.14608444 0.31402739 -0.00988327 0.73558843 1.00131330 0.67448306 -0.54148187
0.58897722 -0.64089424 0.25187915 0.24069314 -0.45029781 -0.21348640 0.07813630 0.10837739
-0.22839437 0.53830354 0.07677092 0.04461926 -0.69812772 -0.25057437 1.07486047 -1.50654403
-0.22700673 0.20851734 0.31369222 0.03422208 -0.49897521 -0.22832124 0.15622443 -0.19600536
0.10950911 0.28956937 -0.70022726 -0.44982674 0.17906441 -0.91732076 -0.69926556 1.05430719
0.35338651 -0.81455973 -0.44005814 -1.06989566 0.65920859 0.18243807 0.15347677 -0.41101553
0.15206063 -0.68711929 0.45160961 -0.33758923 -0.09718780 -0.47024925 0.73464953 -0.45484211
-0.00567013 -0.14281656 -0.48275738 0.07253641 0.69641608 -0.19830289 0.75065663 -0.06521916
-0.72070683 1.16075584 0.20313128 -0.45347491 -0.20846457 0.36529039 -0.00743707 0.04092479
-0.31885381 -0.13602433 -0.18022630 -0.31160188 0.46868655 0.55988009 -0.38695209 -0.66944578
1.47516689 -0.42578960 0.34704699 0.09620663 -0.31038326 -0.02087317 0.08755569 -0.20805186
0.35619295 -0.32742295 -0.34285756 -0.45137220 0.60832395 0.51686210 -0.19387463 -0.47686100
0.15197680 0.10447990 1.23536489 -0.10107410 -0.56884929 0.31557275 -0.26662964 0.86654504
0.21777607 0.43155487 -0.08768896 -1.07190781 0.52021041 -0.04614126 -0.51082152 -0.12223663
-0.31662841 0.69235669 -0.41831577 0.44959874 0.31511668 0.20055262 0.39185730 0.06440845
-0.15957608 0.27312226 -0.23219165 -0.54726817 0.09366183 0.05654591 -0.26639968 -0.02913603
-0.00123662 -0.19096975 0.11942803 -0.63094787 0.56086683 0.34036924 0.37581971 0.58005753
1.12447502 0.06520654 0.91316345 0.85895335 0.48415173 -0.06753929 -0.20323887 0.42736615
-0.17129410 0.08636272 -1.03259699 0.56848444 0.45360249 -0.17113901 -0.73546345 -0.04757901
-0.20619599 0.70090933 -0.38428858 0.28306197 -0.26153029 -0.30411775 -0.24741042 -0.06698581
0.20925242 -0.65657369 0.47160873 -0.28304613 -0.24808486 -0.49079885 0.24511057 -0.23414753
0.43407629 -0.73362651 -0.95171623 0.38551128 -0.34024734 0.31780917 0.12505997 0.44906178
0.65332494 -0.21614895 0.02468013 -0.19973848 -0.32714679 -0.14046009 0.05615211 -1.20424504
0.06436704 0.06840523 -1.07788272 0.60010292 0.49188136 -0.45025754 0.32206218 0.66420316
-0.04333905 -0.79491187 0.22653779 0.22916792 0.67157111 0.61056131 0.35532678 0.49106393
0.39995418 0.08056668 0.07524090 0.62091351 1.02092866 0.02027682 -0.43349923 0.21843448
-0.01389207 0.26456842 0.06758005 0.65407818 0.33209368 1.15538759 0.37436827 -1.19774562
-0.06158167 -0.08219531 0.39404764 -0.70673306 -0.15122581 0.15224621 0.72268221 -0.22961456
-0.49629586 0.59284684 0.44129236 0.37169499 0.13274702 -0.35150118 0.06556715 0.51202532
-0.65218360 0.78006877 0.35965447 -1.64379693 0.08801349 0.28509302 0.49363747 0.13325729
0.19907287 0.45046994 0.43819585 0.66607898 0.20753521 0.41152658 0.10719416 0.36096868
0.65710494 -0.27360661 -0.25432838 -1.05302060 0.13004567 0.37539038 -0.25009193 -0.57791764
0.57038848 -0.31577853 0.54722112 -0.26235674 0.36311468 -1.00654914 0.00433422 -1.55661614
-0.07157718 -0.55583909 -0.11414764 -0.06825289 0.47640217 1.34608938 0.42999969 -0.44958954
-1.35231905 -0.25220839 0.06183304 0.21649027 -0.13306267 -0.11324228 0.84594251 -0.67633369
0.96145743 0.47506417 -0.68578924 -0.76198696 0.35905302 -0.12671863 1.28510256 -0.18723047
0.47856591 0.41815630 -0.53893623 -0.00480390 -0.70252470 -0.31815849 -0.20540071 -0.11406315
-0.43128241 0.33227779 -0.51975265 0.34918929 -0.63476888 -0.51722265 -0.22221003 -0.77855612
0.40801649 -1.00146823 -0.87011906 0.39783232 0.26841226 0.08848243 -0.50279281 0.34875012
0.18144424 1.28096918 -0.30614426 0.57444352 0.13170613 0.05672804 0.90588814 0.61114816
0.38682213 0.81069936 -0.32213836 0.26620049 0.27734253 0.31772370 -0.45107156 -0.21315228
-0.40852001 0.13535676 0.00541734 -0.15810940 -0.63561716 0.23541375 -0.53917687 0.41776312
-0.15352502 -0.08107773 -0.06948459 -0.07802169 -0.51531173 0.04268776 -0.10722315 0.04603433
-0.22420223 0.79116390 0.08130789 -0.09109225 0.42979818 0.78407216 -0.24845795 0.02350869
0.13879743 -0.47451892 -0.05498298 -0.06899302 0.12225758 -0.61237937 0.57847007 0.20366749
-0.24896400 0.23204392 -0.01042147 0.29605978 -0.12259095 0.39608905 -0.22526432 -0.78125791
0.78544603 0.76579584 -0.03015943 -0.30163731 0.32542960 0.08062987 -0.46278645 0.81771452
0.34271564 0.44169689 -0.56763085 -0.06347009 -0.55924837 -0.08102419 -0.87769463 0.38261364
0.62942091 0.06384911 0.50879772 -0.26648660 -0.42886101 -0.95686579 1.17813449 0.63941996
-0.18549572 -1.14448014 0.18329729 0.68486175 -1.40504842 0.42547513 0.21217911 -0.26579367
0.17615543 0.97789968 0.72396132 0.10529541 0.33472017 0.64410178 -0.26527197 -0.45880202
0.65397807 0.22428489 0.10848166 0.13700443 0.51705156 -0.40246836 -0.83656680 -0.01298610
0.24313940 0.38942546 0.03975773 -0.41664667 0.21153270 0.10693219 0.45720009 -0.56096726
-0.09700068 1.46137398 -0.01362308 -0.52879206 -0.12827435 0.24669639 0.51770299 -0.40694047
0.43596532 0.60925322 0.83310619 -0.75275826 -0.54507163 0.41967381 -0.10198847 -0.15598831
-0.57237019 -0.10464018 0.40792363 0.23652410 0.51966554 0.30716023 0.22926137 -0.13345510
-0.33065139 -0.11164920 0.34154747 0.06940013 -0.57183391 -0.30567654 0.09097545 0.68717446
0.09257861 -0.27408228 0.13968617 -0.50484095 -0.23159683 0.82479870 0.45845552 -0.13217440
-0.68213707 0.19755240 -0.01186729 -0.46954736 0.36915216 -0.02592678 0.57756304 0.13561220
-1.01970519 0.32880519 -0.44953920 -0.35818413 0.14091304 0.12002962 -0.30001481 0.26085381
-0.38781753 0.39003837 0.37082595 -0.49650916 -0.98075932 0.36055194 0.28777964 -0.16728115
-0.04506928 -0.18369789 -0.50511987 -0.94143480 -0.10999052 0.39214010 -0.17495913 -0.03240146
-0.09874292 0.64975697 -0.86533107 0.04704947 -0.46893721 -0.77709964 -0.86706403 -0.70166812
-0.00093726 -0.24376508 -0.49888910 -0.53049074 0.50772350 0.16858683 -0.30120387 -0.54131730
0.53485968 -0.66894956 -0.05298749 -0.11005121 0.12667330 0.03132447 -0.37120789 0.57387956
0.01816258 0.21840521 -0.45429079 0.35510532 -0.05616069 0.82286146 -0.84399063 -0.61139958
-0.03346317 -0.02188260 -0.26750747 -0.21328840 0.23113709 0.07475068 0.17902449 -0.02606891
0.55866472 0.20591079 -0.31997092 -0.75915393 0.04132285 -0.35153699 -0.20170198 0.20671735
0.38760928 0.89274678 -0.02505977 0.26226983 0.72669646 0.32829630 -0.14356473 -0.08230717
0.23331027 -0.00923466 0.49214712 -0.27575806 -0.09794052 -0.18443752 -0.73311977 -0.38940346
1.16722650 -1.30125198 -0.48888867 -0.17159979 0.04998859 0.48201934 0.11293709 -0.08977817
0.15523824 -0.15178345 -0.87957806 -0.12974249 -0.11678024 0.09303787 0.06948647 1.37564565
-0.11735162 -0.53387521 -0.37369113 -0.64459869 0.20813665 -0.26244944 -0.34307734 0.27907604
-0.35279947 -0.50489678 -0.02782336 0.48848387 -1.07477634 -0.71691231 0.46087177 -0.93066686
-0.51151209 -0.24473157 1.19817770 -0.65502362 0.69188972 -0.47555239 -0.04492058 -0.15288368
-0.13061159 0.43408027 -0.34750799 -0.37371868 -0.10166597 0.15368239 0.17605519 -0.13473819
1.18353104 -0.17574903 0.45330964 0.13599655 1.08355285 -0.50785746 -0.06216001 0.43960635
0.07601446 0.54367014 -0.37251837 0.29095934 -0.23389936 0.23690873 0.38296412 -0.00155314
0.61690197 0.77283789 -0.34987832 0.24584268 0.16289679 -0.37458294 0.68084791 1.14344561
0.59325969 0.30391270 -0.58609853 -0.03115184 -0.34888350 0.52637448 -0.69265775 0.30608741
0.84443534 0.13832456 -0.69312130 0.41994343 -0.15098528 -0.12149054 0.02007602 -0.20330461
0.70206721 -0.03856704 -0.84468252 -1.22978318 0.50645635 -0.92089634 -0.27314614 -0.03231219
0.26689409 0.08385994 -0.49878853 -0.20232280 -0.38810752 0.30154324 -0.16916737 -0.06922517
0.14686476 0.11478634 0.03225527 -0.06514412 -0.57540828 0.21031138 0.46936077 -0.26573242
0.60917415 -0.46507585 0.57952277 -0.41856653 0.06137657 0.95509211 -0.06992432 0.10774378
-0.60744786 -0.23479670 0.09242670 0.19452962 -0.65064697 -0.47185700 0.56192586 0.28490176
0.12694888 -0.57335602 -0.52874416 0.09540809 -0.81478583 -0.53488426 0.10388936 -0.11199644
0.04482015 0.07182544 0.20780937 -0.76249848 -0.82143791 -0.15318105 -1.23148532 -0.72436583
-0.18261029 -0.50099110 0.22456109 0.21313536 -0.24640720 -0.28458894 0.39795165 0.52696595
0.44626751 0.51236136 0.84653135 0.29492349 -0.16774188 0.47669726 0.28054462 -0.09124358
0.61477426 -0.02003863 -0.44099344 0.28286532 -0.65804621 -0.18064703 -0.38974713 0.47724260
0.17916657 0.13892097 -0.29352808 -0.07857697 -0.12602758 0.06106511 -0.36295131 0.09994282
-1.17030086 -0.11799524 -0.37478646 -0.70310331 -0.49223656 -0.11843961 -0.50684586 0.51053995
-0.88250282 0.35974652 0.56492781 0.58932714 0.71975446 0.41626040 0.09710403 1.06120343
-0.33734938 0.00359979 -0.33372008 0.60637282 -0.20241436 -0.15041660 0.22568015 -0.72907020
0.58148731 0.75227760 -0.39763171 1.23447690 0.24915977 0.74452781 0.33043593 0.59912241
0.19178563 -0.25924909 0.11843242 -0.27100781 0.76055245 -0.82282076 0.06392085 -0.81363518
-0.52139217 -0.39169821 -0.17448023 0.39379380 0.22073883 -0.20492886 0.32018297 0.18204061
0.00020941 -0.26509799 0.60496791 0.35478585 0.09269988 -1.02348830 -0.73037852 -0.14529371
-0.37756448 -0.12697228 -0.05616111 -0.29777573 -0.18592106 -0.06954734 0.38821520 0.42691984
0.17558131 0.12220218 0.38680547 0.08423447 1.02155226 -0.24311248 -0.25068794 0.40040896
0.20266978 0.05697123 1.01690649 0.52619915 -0.30952422 0.07879592 0.22996915 -0.10067600
-0.18527259 -0.28687333 0.36528747 0.38599084 -0.23296108 0.46344181 0.54892650 1.03251904
0.70077321 0.22463524 0.42756246 -0.45638808 -0.52059582 -0.00132964 -0.07771693 0.63770577
-0.90666896 0.57702184 0.55536330 -0.43391297 -0.33347358 0.25372584 0.61552358 0.93940326
0.02169076 -0.16657581 0.98383534 0.14445979 0.09719614 0.16054023 0.05706094 -0.68400499
0.09029276 0.68510393 -0.28724766 0.14370409 -0.54164021 -0.23481723 0.35702599 -0.48576887
0.09042750 0.19602820 0.67487455 0.38383062 -0.55164182 -0.85781434 0.27045154 -0.07039962
0.73137129 -0.64806779 -0.40886235 0.12043278 0.72344165 -0.13739263 0.20385875 -0.21316657
0.36787587 -0.15577341 0.00371237 -0.12535283 -0.85976182 -0.18375543 -0.66687903 -0.01995966
-0.40301696 -0.70427024 0.50931964 0.00148491 0.94025691 0.80461192 0.04903395 0.18957321
-0.14719133 0.60372074 0.36318554 -0.04254672 0.15203815 -0.16440842 0.37573398 -0.71469599
0.47461605 -0.09896170 0.38406821 -0.44847490 -0.79516436 -0.10563520 -0.08026146 -0.14284544
0.17989354 0.29829482 0.13221853 0.23008352 0.58501681 0.31123137 -0.38159062 -0.22518089
-0.15291654 0.76288030 -0.12768246 -0.21088746 0.06540249 0.03843815 -0.23824700 -0.70806508
0.08995832 0.38141592 0.11944343 0.57771986 -0.43737307 -0.47594300 0.32288064 -0.07948809
0.55193135 -0.07790312 -0.05179122 0.99334284 1.13960507 0.54795803 0.74474583 1.14586502
-0.32031696 -0.65092615 -0.81700936 0.77920267 -0.14326567 0.16759020 -0.01820348 0.03804022
-0.11006959 -0.00853457 0.67281377 0.12874504 -0.17205966 0.17638721 -1.20623601 0.25527197
0.30175043 -0.57748628 -0.19772030 0.13724333 0.24496509 0.99922750 -0.07647515 -0.31290196
-0.27244363 0.49094045 -0.49759351 0.54206985 0.80507356 -0.65595918 -0.03172367 0.38141107
0.63771232 -0.58161889 -0.60806043 -0.48672790 0.13054166 -0.12312161 0.50689903 -0.33996414
-0.02387785 0.69381265 0.34998762 -0.83806375 0.37533875 -0.46795344 -0.45273768 0.38103541
0.32636324 0.21044697 -0.22376304 -0.56791908 0.24955998 0.42768483 1.10395625 0.56666802
0.56181738 0.34378040 0.07386447 0.32466217 -0.02693825 0.26367221 0.23212346 1.10187450
0.63737558 -0.64383943 -0.79368784 -0.44534566 -0.92524935 -0.62689973 -0.26506575 -0.48037834
-0.01278904 0.31670869 0.66433086 0.10255990 0.17178785 0.79938088 -0.28477811 0.45325352
0.55934228 -0.61240837 -0.54900646 -0.08836994 -0.11217806 0.39624739 0.23394192 -0.07043312
0.17373524 0.31288786 -0.44434403 -0.17370698 -0.01075141 0.08318173 0.39770396 -0.34369661
0.17842525 0.17409123 -0.83578684 -0.52892265 -0.94728695 0.86396303 0.21951236 1.14170423
0.53561607 0.20024283 -0.12750187 0.02220809 -0.19690900 0.08887883 0.88894167 0.64830406
-1.40256574 0.13909400 -0.20172597 0.38250450 -0.04377461 0.06914157 -0.38551151 0.03077974
-0.98853941 0.06931687 -0.60226863 0.38019068 0.94989267 1.47195598 0.50799416 1.21806635
-0.15156448 0.42850987 -0.05495496 -0.09407019 0.26168793 0.35510362 -0.99205946 0.39456581
0.09524471 0.27125293 -0.12260196 0.56745108 -0.67124863 -0.14189149 -0.78339492 -0.62150278
-0.26649101 -0.11329812 0.19543461 0.74456645 -0.45553451 -0.14427810 0.41812340 -1.31877989
0.11680098 -0.17497920 1.00851157 0.26175969 -0.03997040 0.01709391 -0.21864725 -0.31545642
0.24323161 0.13478589 -0.16742463 0.29319491 -0.04384717 0.37576041 0.56070601 0.41762704
0.25656285 -0.52317402 0.65333967 0.90650705 -0.30140632 -0.32327305 0.11949791 0.49013101
-0.39460303 -0.84611716 0.61407679 0.58596374 -0.71645506 0.29992018 -0.14497841 -0.34350924
-0.00419933 0.34928067 0.46907532 -0.60461936 -0.04448090 0.49495091 0.79324456 -0.06221867
-0.71879826 -0.14332447 -0.16229025 -0.33148854 -0.08247163 -0.22755782 0.48194963 -0.66026000
0.38962352 -0.20257409 0.06311919 -0.24048892 0.00202380 -1.00093215 -0.27311235 0.12307197
0.17834809 -0.44659717 -0.98391366 0.66081914 -0.00157135 0.36673980 0.21590511 0.71525500
0.37937189 0.56926486 -0.81732571 -0.36459668 -0.08868192 0.38161889 -0.33660891 0.23193481
-0.38752829 -0.10823997 -0.22968797 0.01275990 -0.28926247 1.09432633 0.88337584 0.32056831
-0.02623783 0.27043321 -0.78674894 0.24952392 -0.14677386 -0.04422519 0.45761397 0.06832971
-0.42771146 -0.94362916 0.21772066 -0.64459992 -0.24932856 -0.56311450 0.21042941 -0.00741531
0.48376123 0.07431942 -0.37020363 -0.58577148 1.30474414 0.58290379 0.33107820 0.20263102
0.23830924 -0.66253845 -0.55319006 -0.03636860 -0.38907031 -0.00836750 -0.15404851 -0.02770228
-0.22966011 0.34031507 0.46030311 -0.11357507 -0.22040705 -0.13923091 0.30213257 0.55274525
-0.09627276 -0.21197868 -1.36572915 -0.61950933 -0.02292619 0.22214060 -0.41298528 -0.14901559
1.11695206 0.08995658 -0.56952721 0.49001631 -1.16376582 0.32664718 0.37522559 0.38798242
1.49409131 0.49116488 1.04755551 -0.14841969 0.46011702 -0.44643589 -0.16706990 0.86007343
-0.87195520 -0.25989163 -0.62717521 -0.67558696 -0.26267192 -0.22021824 -0.21903529 0.05440857
-0.38191756 -0.03221881 0.70993321 -0.62520735 -0.36024246 -0.61553945 0.61691410 1.55296895
-0.19083536 -0.67925371 0.23584152 0.14029720 1.23089930 0.94736746 -0.06482588 -0.68169819
-1.24732823 -0.79305966 -0.65839984 -0.26784834 -0.08283335 -0.07461781 0.45840284 0.11234266
-0.18922760 0.31802370 -0.47187023 -0.44509042 -0.42188085 -0.48536503 -0.09492205 0.07743295
0.38220762 -1.27541894 -0.99845165 -0.72438819 0.57770620 0.30250315 -0.43295689 0.09939386
0.09009160 0.75872791 -0.24167275 -0.17492274 0.05807230 -0.09172439 0.08399156 -0.29349786
0.06599896 -0.13309182 0.23605527 0.34150407 -1.30877277 -0.21209442 0.53548553 0.58678888
0.12904435 0.32805277 0.27745089 -0.62286298 -0.48116775 0.12812415 -0.14865920 0.37504634
-0.19954738 0.09736193 0.03776383 -1.00208899 0.57207624 -0.59651385 -0.00593484 0.72889868
-0.85727540 -0.53389046 -1.26677487 -0.18565598 0.08338042 -0.22749803 -0.80695061 0.38904221
0.58729494 0.33171686 0.10254299 0.33536065 0.29873077 0.57086779 -0.26648006 -0.46972214
0.03848589 0.03141975 0.26816425 -1.22149349 0.03591739 -0.04493104 -0.08172254 -0.63381432
0.70638537 0.31917077 -0.19621602 -0.14004356 0.16082244 0.30896737 0.58089407 -0.55120081
0.41318728 -0.54383998 -0.59061992 0.64076076 0.24642020 -0.26698026 0.20665648 -0.08957190
0.42427554 -0.42999730 0.18189666 0.22942846 0.88172544 -0.22260092 0.90496151 -0.89767244
-0.65738984 -0.54880147 0.88364139 0.20484450 -0.43397434 -0.07904355 0.35885562 -0.14735393
0.46167620 1.18973546 0.07600429 0.61543901 -0.25014078 0.28360098 -0.68788932 -0.51523243
0.11316186 0.20708621 -0.78524260 -0.08402278 -0.42055674 0.30352921 0.40004075 -0.42316942
-0.51268815 -1.09758900 -0.29974275 0.17325615 -0.74483963 0.10100518 0.59946055 -0.31872164
0.35350762 -0.42662955 -0.05972426 -0.02744875 0.12314649 -0.08403270 -0.18130693 -0.06747087
-0.23898761 -0.34590029 0.85857295 0.73642761 0.40521209 0.72404424 -0.11317876 0.17759453
0.10527436 -0.87840411 0.33376965 -0.41230109 0.45784568 -0.46660925 -0.20536709 -0.96208254
-0.02784978 -0.60202131 -0.08816155 0.81421893 1.33417159 0.48141475 0.18535767 0.10948852
-0.03615008 0.69076150 0.33023408 -0.74335476 0.68132672 -0.59128547 -0.37792597 -0.03521983
-0.47764737 -0.15228316 0.79229584 -0.07731135 0.50145769 -0.76338524 0.59414882 0.53574895
-0.19703134 -0.01596039 0.05151850 -0.13693400 0.33959066 -0.33589002 0.60332786 -0.86538387
-0.12927291 -0.15506105 -0.11336005 -0.47934690 0.85730675 0.72064293 0.42675016 0.06316779
0.35065476 0.14073871 -0.05271286 -0.23756387 0.57704521 -0.23215767 -0.38804764 -0.84030176
0.64953650 -0.17796946 0.51268656 0.32637781 0.10546695 -0.41219455 0.31843455 0.29291461
0.53787632 -0.14237486 -0.62388414 0.22691738 -0.77990704 -0.21795952 0.16529367 -0.66123926
1.06304296 -0.34756475 0.51856677 -0.12645475 0.36579967 0.17365410 -1.21099421 -0.32100355
0.38974598 0.43884166 -0.55798312 0.47617221 0.34783280 -0.15017861 -0.02990092 -0.76264890
-0.56949364 0.45803075 0.18015614 0.11085788 -0.69054769 0.75454288 1.20777459 0.57205879
-0.69787768 -0.38573396 -0.45005052 -0.04067993 0.28319559 0.09524104 0.10200070 -0.13158808
0.05033582 -1.39476713 -0.18296784 -0.20448085 0.57884519 -0.02434287 -0.35125181 -0.26988054
-0.21236989 -0.20552393 -1.07331380 -0.12708351 -0.05775494 -0.61405217 -0.34673187 0.74435770
0.15058867 0.52200384 0.08409106 -0.09806486 0.22122148 -0.60616506 0.18973177 -0.20561105
-0.17945843 -0.30007680 0.41988602 -0.20209878 0.52384519 0.71170750 0.14463106 -0.53029066
-1.00466000 -0.54585691 -0.72889862 -0.85631440 1.18067411 0.01132080 0.17305468 -0.46564040
-0.60347949 0.08118802 0.28599416 -0.49290816 0.06576394 -0.12139256 0.20780849 0.88673515
0.06735001 0.13767832 -0.35467880 0.98581964 -0.14712681 0.14812023 0.13692645 -0.24134569
0.57817196 0.23949582 0.34186682 0.01988442 0.26841367 -0.20956963 0.39021100 -0.01561280
-0.89342675 0.36736649 0.20662924 -0.32153466 -0.96709559 -1.20237421 0.20638287 -0.00809701
-0.09962650 0.50836794 -0.38544943 -0.30050984 -0.76561295 -0.33717582 0.19811800 -0.01001687
-0.39238504 0.60517036 -0.66091039 -0.80456515 -0.00357569 -0.27102818 -0.00669015 -0.35550063
0.72435871 0.26677918 -0.03469510 -0.60486882 0.51730813 -1.36859311 0.24943419 -0.09715374
0.25781843 0.73190928 -0.41824847 0.67323226 0.51454968 -0.21624393 -0.15968526 -0.55906478
-1.61328432 0.10352011 0.03623286 -0.82115444 0.37708476 -0.08432451 -0.15032287 0.98716293
0.68119887 0.10262391 0.07074015 0.07464553 -0.48699057 -0.66875398 -0.56825955 0.37426980
-0.73984628 -0.81776961 0.82337737 0.76036593 -0.21838142 0.16536726 -0.09363001 -0.81158200
0.19523070 -0.32503269 0.63870763 0.01601446 -0.02299218 -0.69623878 -0.80736294 0.38256280
-0.20090724 -0.08484446 -0.59050248 0.16924219 -1.38474912 0.76661819 0.36978948 0.24486676
0.21393955 -0.88051515 -1.70686095 -0.16641652 -0.08996912 0.19819250 0.48010899 -0.78647319
1.01391885 -0.12061040 0.74871452 -0.23384568 0.51900085 -0.50667562 -0.20376105 -0.24944447
-0.55572601 -0.29490727 0.38487710 -0.26290343 0.04007406 0.84639925 -0.27896990 -0.04593415
0.27672697 -0.21754479 0.10252588 -0.29433517 0.81526856 0.27318751 -0.34158404 0.78381883
-0.14912492 0.21813179 -0.10251414 -0.25330224 -0.28042303 0.17154091 0.67611429 -0.36234362
0.49595343 -0.84967780 -0.23088697 -1.01212573 0.38125103 0.24541344 -0.54278216 -0.06454733
-0.15378157 0.69751059 0.11175773 -0.43129852 0.66821244 0.24863668 0.52441352 0.42796083
-0.01550781 -0.14852555 0.38618474 -0.24263116 0.23289534 0.65101558 -0.40548569 -0.79686341
-0.26371927 0.46203925 -0.38338444 -0.03851343 -0.67519514 -1.14864955 -0.74008373 0.27963986
-0.46439694 -0.53076690 0.77198996 -0.17243965 0.68796864 0.12850948 -0.03459158 -0.28531965
-0.58395049 -0.23487286 0.11089953 -0.43655077 -0.71635880 -0.97859434 -0.02116500 0.21014975
-0.46268416 0.46968558 -0.10522638 -0.26830189 1.16739145 -0.19702221 -0.80997571 0.84574365
-1.05279517 -1.02170808 0.81391855 0.06572386 0.36736984 -0.26722225 -0.67914799 -0.00003805
0.20100602 -0.76675537 -0.11348539 0.14882354 0.26321087 0.34175151 -0.48470717 0.21175048
-0.15836516 0.13586501 0.60460506 0.58964761 -0.41574704 -0.60765840 0.63857138 0.07077605
-0.00067919 0.31640023 0.02939400 0.40624545 0.23465963 0.10604784 0.28495110 -1.29829460
-0.31693394 0.61807049 -0.05432247 0.36738601 0.11084679 0.24869824 0.06925436 0.33817198
-0.13626284 0.61083836 0.46651308 -0.25636599 0.11122177 -1.35109924 1.00447969 -0.38982921
-0.32126066 0.18374709 0.11939492 0.10230236 0.10219476 -0.71030318 0.41662954 -0.09518255
0.09746174 -0.02187072 0.46964624 -0.59858141 0.09530557 -0.12908465 -1.55602611 -0.06161993
0.29215929 -0.13196585 0.67222964 -0.48710191 0.38278342 -0.65097863 0.47361990 0.29722924
0.82806279 -0.13031150 -0.20828120 0.13052705 0.21415918 -0.22584285 -0.05296617 -0.57227588
-0.89972780 -0.33423071 -0.07352408 -0.63565347 -0.17304836 0.01270655 0.76395684 -0.02807177
-0.08150168 0.48424549 0.15322761 0.44276050 -0.85817659 -0.85672596 -0.78252260 -0.69393081
0.49827591 -0.21225280 0.40507672 0.15286462 -0.14819062 -0.08386810 0.68617217 0.07079315
0.05178393 -0.14240489 -0.07529011 0.41656471 -0.47854049 -0.02354706 -0.72395038 0.11711687
0.94752944 0.30012522 -0.20917742 0.22109910 0.19193141 0.44052182 0.30590933 -0.81356785
-0.09779715 0.54224009 0.30186454 0.18986986 0.06707303 0.14602143 -0.11687451 -0.86042796
-0.84415748 -0.07902778 0.16268732 -0.40559773 -0.53255707 -0.28773191 -0.75595686 0.59853573
-0.48671737 0.46123293 -0.59527291 0.54123184 1.22750361 -0.07658694 -0.01296982 0.20376921
0.39380835 -0.14997669 0.79364544 0.71543820 0.21535214 0.17158745 0.09395047 -0.38652029
0.22430560 0.08163960 -0.32307908 0.08693762 -0.31705924 0.00308407 0.40030462 -0.30701088
0.10895345 -1.20500959 -0.63361846 0.21543773 -0.41418640 -0.03225695 0.67027044 0.68210856
0.56750368 -0.33274103 0.13864741 -0.45661441 -0.51108854 0.13424839 0.66759798 -0.79264863
-0.30415363 0.10239931 0.86181432 -0.09949261 0.53694986 0.50054905 -0.37129346 -0.36563963
0.13188363 0.27998805 -0.16947125 0.67482213 0.44182494 1.26625814 -0.06743239 -0.05832670
-0.28155618 -0.66219947 -0.30798540 -0.91375573 -0.56087412 0.28836357 -0.11613140 -0.05827096
-0.42157489 0.06234606 -0.42860438 -0.11640630 0.28220280 -0.87900720 -0.22594458 -0.23496377
0.30671713 -0.65747010 0.20726590 0.36884794 -0.71026104 0.50760324 -0.49724142 -0.80316821
0.14295455 -0.85976603 0.25923232 -0.53984166 0.33918362 0.72926593 0.35156747 0.20221692
0.15482915 -0.25128052 0.27249115 -0.29762260 -0.23846754 0.37522668 -0.85993910 -0.04560377
-0.38402976 -0.14568808 -0.43767690 0.04041194 0.33907137 -0.03276907 -0.90389722 -0.16182500
-0.21545801 0.14206113 -0.01418921 0.37130007 0.44024897 0.02027692 -0.07228284 -0.39969010
-0.79132753 -0.78327799 0.08264580 0.60358760 0.85340645 0.60944672 0.30182784 -0.79289116
-0.17152614 0.64566344 0.25416348 -0.74949583 -0.00389539 -0.16601952 -0.64938950 0.10069754
0.32442252 -0.15292621 0.00357111 1.07112548 0.46099126 -0.03823789 0.40736558 0.27386919
-0.01853359 1.23121213 -0.25856053 0.65000492 -0.02738236 -0.64992591 -0.17747194 -1.03855449
0.50335031 -0.01201082 0.11884152 0.52734972 0.22157941 -0.37987879 0.58593249 -0.13101467
-0.38450794 -0.44045515 -0.63189023 -0.78447883 -0.09582949 0.63918416 -0.14678431 0.81236651
0.43429033 -0.49334845 0.07268583 -0.14668408 -0.27041922 0.23653140 0.07456146 0.20765771
-0.44669042 0.21552774 -0.33967522 0.07296739 -1.14734993 0.06676311 -0.46476277 0.47105185
-0.35650240 -0.32907838 -0.03628706 0.17394452 -0.30754119 -0.06138303 -0.14680476 -0.56811217
0.65769986 0.68033169 -0.61272665 0.59159636 0.66581417 -0.43104485 -0.22726118 0.40071141
0.29506402 0.08127654 0.36347864 -0.24099351 0.36567838 1.00691597 -0.16048300 -1.20403282
0.73834596 -0.47520806 0.28850719 0.50591538 -0.93979672 -0.37044440 0.85412526 0.19798828
-0.07794433 -0.67881932 0.17304392 -0.59096025 -0.22730213 -0.31214151 -1.31230472 0.45896949
0.20555307 0.16844226 0.15375556 -0.10233537 -0.59439331 0.15930046 0.04112923 -0.12955051
0.69329589 0.94696017 -0.36939275 -0.42928749 -0.11147727 -0.18822079 -0.14162415 0.39030247
-0.58214552 -0.40152990 0.40525078 0.75361933 0.01523597 -0.39892688 0.71466503 0.46987333
0.32003911 0.06495350 -0.39172652 0.23787475 0.48585862 0.18787189 -0.04840222 -1.06088535
1.08864527 0.38013151 -0.22221541 0.08470352 0.05889040 -0.09178614 -0.33811705 -0.46094624
0.41787606 -0.48124988 -0.11245098 0.36904158 0.50470024 0.58258422 -0.55054404 -1.40191437
0.65652155 0.56925097 0.26151383 0.68267598 -0.11683072 0.49095950 0.08691531 0.16181982
0.27169469 0.36293378 -0.43865029 0.55707414 0.20045001 0.62545378 -0.43123408 -0.30539004
0.03483611 0.37113478 0.56431134 -0.07794247 0.45563437 -0.40943809 -0.12693693 0.18888367
-0.01637604 -0.85314342 0.19637555 0.09492621 0.05306391 0.11124817 -0.15333440 -0.11316313
0.47926957 -0.20119723 0.10337501 0.65967629 0.93840886 -0.59452436 -0.07286087 0.00954908
-0.38023230 0.56237083 0.75277074 -0.22181387 0.29599261 -0.04989695 0.17205587 0.28115574
0.04391120 0.75420200 0.79986800 0.65477287 -0.39736452 0.61747479 -0.12289352 0.18487058
0.49863057 -0.16294419 -0.44229257 -0.80546035 -0.60011492 -0.71403932 -0.73896494 -0.35880155
-0.37544719 0.69384638 -0.20317301 -0.62867330 0.20776935 -0.52630602 -0.11907860 0.87325019
0.28292900 0.67191087 0.28856920 -0.84431431 0.23222655 0.37096378 -0.55765407 -0.51232210
0.45758289 0.50927368 0.07029710 0.44469755 -1.12873773 0.67013070 -0.72841021 0.41683238
-0.43369611 -0.77931636 1.03689037 -0.40664989 -0.66552397 0.65306200 0.39781437 -0.26804989
0.86036476 -0.21010699 0.02182452 0.35101519 0.84429330 0.05939645 -0.45906615 -1.00325791
-0.00221141 0.00857365 0.87254428 -0.06296584 -0.08401840 -0.01202656 0.48350938 -0.24870295
0.96108654 -0.59229801 -0.40699931 -0.10950864 0.37636348 -0.32319519 -0.84556738 0.12905662
0.26431242 0.08848869 0.28724715 -0.26935008 0.17280055 0.44530803 -0.35063667 0.48878196
0.37547443 0.19507721 0.09640938 -0.30889354 -0.26825696 -0.24529059 -0.37988599 0.22490828
0.28455936 -0.50842862 0.49974707 0.08428198 -0.98281604 0.25539065 0.44202975 -0.26213409
-0.25459434 -0.06344338 -0.13672526 0.01337742 1.18288013 -0.15078295 -0.89954733 -0.96031899
-0.18233691 0.57528219 -0.12088816 0.45475817 -0.33702891 0.17027488 -0.41547453 0.33914423
0.73593322 -0.34618832 -0.02739013 -0.26002995 -0.33343322 -0.04190555 0.17524671 0.05043668
-0.11997978 -0.22890200 -0.08350693 -0.09898564 0.94829007 -0.61485617 0.71717645 -0.14543615
0.74581826 -0.04723715 0.28078573 -0.46620362 -0.33284633 0.93176792 1.08856425 -0.14869285
0.22589327 -0.18341628 0.14789282 0.14619781 0.23550593 0.67385829 -0.07849473 -0.13441425
0.56715346 -0.41704391 1.29419957 -0.06731386 -1.05103470 0.78343040 0.17831279 0.28415339
-0.37095143 0.22859178 1.01869472 0.30171519 0.10756890 0.33264370 -0.05552175 -1.02570755
0.15677019 -0.17430725 0.02437917 0.63641950 -0.16130114 0.78482476 -0.73824974 0.26523292
-0.25236537 -0.34089303 0.51717703 0.43017282 -0.51308884 1.14411894 0.02555459 0.11633091
0.54010399 -0.05846680 0.29557687 -0.18868875 0.44806919 0.39888097 -0.07997525 0.27019451
0.28774786 -0.03518095 0.16726898 0.55525543 -0.32450591 -0.08953205 -0.00588971 -0.62589939
0.01581535 -0.57924633 -0.99349923 -0.56559118 -0.05811946 -0.09060798 -0.02585360 0.16560613
-0.32274006 -0.78993587 -0.07135275 -0.34974155 -0.21650815 -0.88614129 0.09430185 0.22849935
0.53510887 -0.20408339 -0.44395644 0.39123245 0.16355866 0.45147146 0.15098179 -0.15751809
0.19804926 0.39127917 0.53944210 0.53872023 0.67522966 -0.67058746 0.00337280 0.06550604
-0.17893898 0.49959942 0.48672288 0.17696403 0.57365825 -0.14380747 -0.65057760 0.09872782
0.28296596 -0.26480976 0.68448672 0.14893821 0.41228877 0.61046455 -0.05961694 -0.60481257
-0.15632857 0.45135463 0.38394455 0.40561786 0.20200120 -0.68691506 -0.06235163 0.60929977
-0.62800654 -0.30389716 -0.10256681 0.00671959 0.41915257 0.06408728 -0.19582295 0.33247747
0.00371928 0.18539213 0.27917733 -0.10560812 0.45061996 -0.85919222 0.97596598 0.79379206
-0.22471088 0.08023217 -0.25677749 -0.52888378 0.30121454 -0.57249085 0.64387908 -0.01508323
-0.65775355 0.49245774 -0.55955914 0.10343902 -0.17131474 0.50049115 -0.87179000 0.47779751
-0.14047927 1.46132259 0.91553900 0.42776025 -0.13380635 -0.45762782 -0.44099138 -0.37663991
1.04426642 0.24334095 -0.41617206 -0.18123664 0.71680650 0.30334943 -0.41107753 -0.04153211
-0.21975531 0.21506071 -0.68041966 0.95042111 0.36733453 -0.16647049 0.32297634 -0.11097916
-0.16334542 0.01749755 -0.54829148 -0.53252796 -0.37332486 -0.08793703 -0.52079796 -0.02390082
0.24325020 -0.03940473 -0.58284784 0.36625958 -0.28805427 0.10601938 0.46742204 1.12324009
-0.61489483 -0.04172803 -0.20600850 -0.71057928 -0.67851599 0.23617780 0.55398435 0.25440023
-0.08202843 0.21168480 -0.82541571 0.84690392 -0.06076687 -0.32349472 -0.26728883 0.63558172
-0.78385513 0.70147054 0.06459705 0.01591435 -0.54515768 -0.06988771 -0.25098198 -0.06621865
0.34466508 0.70583913 0.01704320 -1.22010998 0.30084221 0.58526302 0.20926162 0.45806264
0.27181165 -0.54853856 -0.33323646 -0.49479629 -0.09709690 0.01041769 0.05757064 -1.06868432
0.08949529 1.18474249 -0.57425777 0.17571661 -0.47508824 0.40091469 -0.30393716 0.50491262
-0.13970151 0.36987015 0.25794249 0.25283837 -1.41280664 0.20361317 0.03781015 0.15619228
0.46325006 -0.16071975 0.31341509 -0.66909461 -0.08026187 -0.60077036 -0.30450978 -0.36705562
0.28233607 0.43198590 0.33291986 -0.74053526 -0.56614460 0.68362465 -0.06364727 0.45115857
-0.34999317 -0.42118431 0.77369806 0.01110621 0.33030410 0.17220086 0.59527751 -0.19634176
0.32065809 1.03947194 0.58527238 -0.42780018 -0.53335807 1.25336109 -0.90040734 -0.51271761
0.19591240 0.22273740 0.10574198 0.26578562 0.80867315 0.83604940 -1.43204508 0.04461009
0.12699107 -0.61214444 -0.31961400 0.21549693 0.09604502 0.55336201 -0.14265523 -1.06404556
-0.03278318 0.52139150 0.69434055 -0.20302968 -0.74335224 0.18595726 0.05959508 0.55203320
0.17497898 -0.30327800 -0.35535300 -0.32287271 -0.97133926 -0.39929360 -0.51887380 1.07796586
-0.11182703 -0.43268795 0.33772927 -0.62268860 -0.71345804 -0.37787765 -0.11508465 0.98541051
-0.01235440 -0.12329836 0.09000787 -0.33995220 -0.28905126 -0.32754578 -0.05921091 0.86407665
0.36501055 0.21327770 0.37312664 0.35919212 1.38946278 0.05283860 0.14330279 -0.30280891
-0.48918808 -0.88727332 -0.12543856 -0.23039783 -0.23403609 0.54691882 -0.18348302 -0.26993014
-0.28536237 0.26635765 -0.45959236 -0.02802937 -0.35716758 -0.13613240 -0.49247840 0.03720933
0.87418239 -0.27424505 -0.17954276 -0.05448794 0.01071144 -0.08970055 -1.17604258 1.23421082
-0.62094838 -0.71302362 -0.00408934 -0.69082325 -0.21836034 0.02976341 -0.59611736 -0.47593181
0.80539848 0.22235409 0.22194869 0.70532602 -0.07000605 0.02026306 -0.36528534 -0.55060107
1.08774518 0.23079437 -0.44572770 -0.01181699 -0.76825140 1.18656441 -0.41152460 0.34826669
0.46284729 -0.39297670 0.00460316 -0.37818576 -0.42649916 0.16904705 -0.29345622 1.18399964
0.16782627 -0.18439943 -0.14154982 0.33305559 -0.01847856 0.16620349 0.60512164 0.39294448
0.36551209 0.06739960 -1.05057589 -0.38517335 0.99730959 -0.24186457 -0.22969116 0.10047432
-0.10618201 -1.23291174 1.03711687 0.52026269 -0.75111250 0.35156163 0.48732344 -0.56710969
-0.14171280 -0.16207126 0.10840028 0.75016677 0.69639915 -0.09071046 0.31118379 -0.42054005
-0.38979076 0.40282241 -0.39036705 1.06446692 -0.02676898 -0.46266301 -0.75101934 -0.22838621
0.04270992 0.91413902 -0.20917119 0.91173872 -1.10037203 0.45092183 -0.39668670 -0.38274966
-0.99902638 0.52994914 -0.51615777 -0.12215226 -0.02811758 0.04961856 0.54082756 0.45703399
-0.52829836 0.19487151 0.41123417 0.39566745 0.22465184 0.00476678 -0.64337372 -0.06687801
-0.09490792 -0.07762815 -0.86509460 -0.23343197 0.09137496 0.16719577 0.48086137 0.37608073
0.27178797 0.06515052 0.72084916 0.82690727 -0.64353489 0.00338499 0.01127765 -0.03108022
-0.19904001 0.61304038 0.85514736 -0.19533562 -0.29911958 -0.62470924 0.49294490 -0.34026351
0.17859065 0.10281161 0.36235348 -0.56750389 0.01477916 0.48900288 0.59648078 -0.06341416
-0.07709993 -0.66507476 0.41297339 0.60261369 0.36660118 -0.66110286 0.76693920 -0.58554768
0.67803707 -0.20027747 -0.09650901 -0.65262217 -0.49120053 0.67535063 -0.90733746 0.13539853
0.09776024 0.08656045 -0.53987185 -0.07498939 0.41852768 -0.51193562 -0.99111683 -0.58046187
1.04430708 -0.65876169 0.26507794 0.60318021 -1.02485606 0.19072435 -0.23983746 0.21393606
-0.34134074 0.24118012 -0.25030362 0.51780442 -0.44765778 0.55869294 -0.69109657 0.15415497
0.13018619 -0.33500584 0.33517425 1.12476197 -0.27152685 -0.61448383 0.58652171 -0.10714637
-0.18647568 0.73525987 0.44430478 -0.19798375 -0.18932137 -0.13395823 1.38163193 0.83616835
0.16183075 0.72299848 -0.65019148 0.13634522 0.12700611 0.19799711 0.58137436 0.01710717
-0.43505982 -1.52994432 -0.10672455 -0.32696613 -0.53364835 1.15027377 0.91365814 -0.46766032
0.62839024 -0.59340615 -0.60652395 -0.41469852 -0.32159977 -0.76079152 0.15825445 0.25655541
0.00789510 -0.77912708 1.03947285 0.23070700 -0.11995815 -0.13911448 -0.08299238 -0.01634431
0.61827023 0.32033038 -0.36432172 0.03025141 -0.25729319 0.15353742 -0.50896910 -0.30148077
-0.27509859 -0.26407940 0.08224686 0.26526061 1.00255134 -1.04200527 -0.78616662 0.21766982
-0.57148782 -0.40244365 0.10719730 0.50797775 0.44931505 1.44387544 -0.91832055 -0.02812947
0.14003886 -0.14774708 0.40084811 -0.44379464 0.03447428 0.08942088 0.16568066 -0.15562870
-0.43961635 -0.64653443 -0.16456746 0.58779228 -0.77127693 -0.71675430 0.96144474 -0.08088591
-0.61400858 0.74532384 -0.33693100 0.05185547 -0.74347873 0.50251430 0.89811413 0.22924736
0.15135026 0.56041802 -0.38011290 0.53331894 -0.17356254 -0.02665238 -0.90470642 0.35672631
0.38304546 0.11730192 0.35732566 0.07655249 0.35866857 -0.94516127 0.67680158 -0.16981180
-0.60634910 0.08811009 0.22932684 -0.16922591 0.76902661 0.24928217 -0.80999390 0.50900218
-0.07703163 -0.12747457 0.96203304 0.33352115 -0.76518351 -0.65564997 0.08343901 -0.01732884
0.95723803 -0.21308552 0.40370760 -0.10969823 0.01390458 0.81029508 -0.40182694 0.07852972
0.31358911 0.32098111 -0.26668477 1.02061726 -0.77112712 -0.57925696 0.06021313 0.65348653
-0.41445876 -0.09633272 -0.78476266 -0.15205372 0.16523213 1.10957821 0.12955035 0.05027170
0.91567381 -0.24794976 0.16132107 0.69423422 0.05778400 -0.35654715 0.56592987 0.16192253
-0.94102891 -0.23670014 0.86563578 0.48870081 0.17472249 -0.00776940 0.45747897 0.57518098
0.02447997 0.03484679 -0.36912655 -0.68113046 -0.02230232 -0.46074249 0.50737904 0.36291964
-0.47350571 -0.58820140 -0.09261908 0.17219383 0.08990206 -0.50223863 0.26826709 0.82995688
0.80784822 0.07790893 0.30667718 -0.04380900 -0.17493095 -0.16309571 0.23781714 -0.02758940
-0.11710277 -0.56081030 0.06557692 -0.19612332 0.39824869 0.30254193 -0.34251460 -0.01064078
-0.05481085 -0.15681872 0.04625703 -0.26978602 -0.00662782 -0.23998655 -0.43973569 -0.03117179
0.91907058 -0.22458731 0.18962710 0.51315066 0.68155219 0.83231666 -0.81391061 -0.07864560
0.93159519 0.54889758 -0.71536980 -0.06081315 -0.04877846 -0.30817889 -0.16505519 -0.26835482
-0.01352986 0.26911672 -0.48571233 0.01986249 -0.00925121 -0.05250505 0.63266903 -0.52924630
0.28087226 -0.63794445 0.43221586 0.23024462 0.73159118 -0.62103005 0.99938764 0.51143678
0.22197623 -0.44262290 0.60449388 0.30857120 -0.04540118 0.68117682 0.25371783 0.08417407
-0.28036545 0.46183578 0.60044575 -0.77003282 -0.14127136 -0.82031893 -0.11813440 0.66889415
-0.60383866 -0.35271964 0.57649686 -0.00637479 -0.21264596 -0.59407668 -0.20922251 -1.12463367
-0.07330465 0.47463353 -0.33566700 -1.08562934 -0.29959293 0.37628905 -0.27836647 -0.04674152
0.02337086 -0.15873127 0.00159928 0.58747192 -0.93074385 0.31479709 -0.12394181 0.07964507
0.20664222 -0.82668192 -0.59773296 0.82120644 0.34051566 -0.63019522 -0.08460369 0.05719045
-0.35154172 0.07617235 0.00757610 -0.51708573 -0.25766832 0.35760510 -0.01757729 0.04312714
0.42154118 -0.45664678 -0.34829620 -1.01858678 0.07804312 0.25231662 0.36537167 0.14732212
-0.33489551 -0.51940448 0.69400364 1.40470603 -0.28852979 0.31261185 -1.00555836 0.39408880
0.15966241 0.27702728 -0.07458782 -0.45029973 0.52535642 0.30016294 0.17167035 -0.08850141
-0.12771362 -1.27978970 -0.26120706 0.48631293 -0.37096071 -0.24705952 0.26480760 0.12401954
-0.00320460 -0.90607526 0.19282627 -0.11001548 0.93064367 -0.10143250 0.08335528 0.04582751
-0.33974996 0.42997366 -0.81194373 0.00667529 0.06866632 -0.11651331 -0.02735261 -0.35584474
0.07606171 0.23395197 -0.10214681 -0.71325142 -0.48748747 -0.04348957 -0.44386169 -0.00261718
-0.17474870 0.93294692 -0.12998454 0.44957412 -0.54572403 -0.03360995 0.30861796 0.38632775
0.12653641 0.28518276 -0.70003009 0.10404322 0.53319629 -1.53806032 -0.56067811 -0.43025683
-0.77849492 -0.12831921 0.79416247 -0.02534252 0.02660413 -0.05713338 0.45242492 0.60774771
0.34208552 0.65020669 -0.17779684 -0.51086265 -0.72842686 0.30603564 -0.54556142 0.52239899
-0.86578475 -0.41444957 -0.19166949 0.00613303 -0.57427730 -0.09444358 0.14822492 -0.32036689
1.04612548 -0.96717635 0.41920314 -0.34287882 0.51364333 -0.75670119 -0.10984219 0.87479039
-0.12971525 -0.46296313 0.31317820 -0.34806909 -0.22548828 0.20650961 0.72292679 0.06051977
0.79860163 0.59110900 -0.35937593 0.37275296 -0.47724640 -0.48756733 0.46627470 -0.06803127
-0.16397388 1.13450625 -0.02776244 0.62209659 0.00012614 0.71484708 0.12359831 -0.12416904
0.23584093 -0.86379398 -0.35451067 -0.24753667 0.77715811 0.09270922 0.54867365 -0.16317083
-0.32114501 0.17464659 0.27610694 -1.37090607 -0.18190274 -0.68421905 0.03529290 0.35987705
-0.14147840 -0.44117889 0.75533076 0.23263224 0.57488786 0.65045081 0.17711052 0.09154642
0.02506376 0.27446661 0.06436740 -0.42988286 0.96974131 -0.27194259 -0.07236681 -0.27731258
0.62425040 -0.45228490 -0.44708395 0.12517130 -0.45299733 0.16927407 -0.13805605 -0.49827873
-1.07998260 -0.28680891 0.28914965 -0.09113209 -0.20623191 0.87602178 0.04685391 0.46872119
-0.41365893 0.47236699 0.58959458 0.69507152 -0.09728706 1.29191182 -0.40780537 0.05896887
0.39218148 -0.89644688 -0.15485409 0.31854418 0.76509656 -0.29936799 0.01827553 0.66264639
-0.44200485 -0.08350348 0.01710501 0.32714719 0.08609882 -0.03601043 0.20045558 0.40409031
-0.05160735 0.26575448 0.28932467 -0.14832955 0.14804127 1.37715349 0.35015216 0.13025182
-0.45723580 -0.20764787 0.09269735 -0.62283115 0.36384724 -0.22453402 0.29644015 0.53995466
0.39935136 0.03832891 0.68324269 -0.22823519 0.73352288 0.02014610 0.03352066 -0.02994897
-1.12275980 0.23103754 0.03663841 0.56098937 -0.02476477 -0.37123127 1.00016520 0.32520215
0.71213110 -0.15549615 0.31061907 -0.48731468 0.92305764 0.90261656 0.22502364 0.09879657
0.43046863 -0.05701869 0.03797300 0.08641974 -0.67402929 -0.11273818 0.47363810 0.15741689
-0.29387213 0.30971333 0.12624587 0.06047151 -0.87686119 -0.67783993 0.28243481 0.32091255
0.08877975 0.13786223 0.08271184 -0.36850313 -0.18615979 -0.53246656 0.56601693 -0.32943859
-0.53319799 -0.12212531 0.30272560 -0.45010161 0.64138099 0.55461723 -0.89569746 0.41309289
-0.40632472 -0.27666005 0.16738782 -1.42502492 0.43926666 0.04970809 0.20633761 0.31394463
-0.48513007 -0.92958238 0.01042563 0.37801535 -0.42930018 0.79773507 0.59752171 -0.61167826
0.31794287 0.40216643 -0.63907920 -0.71239109 -1.13713240 0.39397210 -0.39889447 -0.30357352
0.19200051 0.09572236 -0.07626620 -0.42502648 0.10603487 -0.76289904 0.43057472 0.37871433
-0.40405650 0.28180642 0.73257857 -0.07728946 0.00579357 0.65282526 0.30904463 0.07978691
0.76442738 0.41079244 0.51311672 0.16731614 -0.60787053 -0.05836783 0.59248921 -0.50272308
-0.52149238 -0.40115248 0.19887782 0.44643864 -0.73900710 -0.13501271 0.74237822 -0.15652191
0.42583757 -0.48425691 -0.40768903 0.36643212 0.06540082 -0.29972730 -1.60429251 -0.35402664
0.33642053 0.02297560 0.41302887 -0.60115720 -0.61629305 -0.91757725 0.73199435 -0.63939887
0.31929027 0.13638855 -0.46224543 -0.44052797 0.18660569 0.11151096 -0.03870628 0.09640570
-0.12745979 -0.88906007 -0.08580667 0.39291723 -0.08463078 -0.77292335 -0.34842325 -0.44558628
