0.18138321 -0.50292277 -0.63396834 -0.02512024 0.12920976 0.49529744 -0.13415750 0.10124212
0.68149657 -0.43667905 0.61433969 -0.50002747 0.45712232 0.46653252 -0.21148070 0.12857387
0.25125086 -1.00427540 0.08839967 0.75152160 0.35699599 -0.86709278 0.39433049 0.17330779
-0.38499523 0.99135298 0.03434603 0.78619300 0.54058709 -0.56601772 -0.06130127 -0.14935596
1.09344621 -0.07061836 -0.36635012 -0.30402116 0.29180712 0.17139998 -0.27306243 0.70600121
0.57233384 -0.21066197 0.19133077 0.65559769 -0.44049375 -0.10182761 0.12782927 0.30297486
0.66410615 -0.92508277 -0.37836352 -0.87675035 -0.54051807 -0.55973113 -0.98374315 -0.55194361
-0.64682490 0.46573984 0.17869470 -1.03860690 -0.01463295 0.23452598 -0.23220844 -0.12084626
-0.69365860 -1.12914026 -0.04979250 0.18293917 0.49321261 0.05483712 0.01963027 0.71112529
-0.30526192 0.13574177 -0.74132900 0.36182225 0.47140347 -0.58749017 -0.27007226 -0.54526732
-0.37239375 0.18894708 0.04830545 0.53444256 -0.55268314 0.12291674 0.26289746 -0.14584162
0.13311043 0.63773454 0.19527008 0.77917333 0.43708987 0.36826227 -0.05192907 0.01154096
-0.18244128 -0.12042909 -0.22936953 0.63490186 -0.22590161 -0.15935292 0.79013354 -0.45591983
0.71427556 -0.54033174 -0.71646433 0.23847791 -0.12104028 0.47359070 0.54330279 -1.05441820
-0.68290674 0.00303308 -0.24439900 0.25652087 0.25971965 0.06661553 0.25545408 -0.10667439
0.69561521 0.81002373 0.19650731 0.20788837 -0.63457090 -0.50556436 -0.37942287 -0.14043285
0.01959693 0.31974312 -0.33255895 -0.10052042 0.29834420 0.75310321 -0.63616972 0.02864008
0.46973284 0.35788229 -0.02587135 0.49395172 0.01826592 -0.09516101 0.58494553 -0.07903034
0.05540585 0.33504707 0.24523197 0.24223079 0.32994298 0.56059290 -0.53034885 0.22610184
-0.13881346 1.46080058 1.41786636 -0.54611808 -0.00614983 -0.84317436 0.51771554 -0.44077379
-0.21572692 0.58154222 0.01425602 -0.22259182 -0.16047264 0.05490651 -0.06082232 -0.33888900
0.37563397 -0.21639859 -0.53702237 0.03968783 0.25887704 0.72800053 -1.17157493 0.03321475
-0.41730597 0.61098010 0.39626439 1.14365039 -0.02488965 -0.58521166 0.01416386 -0.50714348
0.02256512 0.16861691 -0.44796078 -0.13398329 0.65705535 -0.12409025 -0.30083025 0.10144096
-0.98331820 -0.30307018 -0.03878056 -1.10167402 -0.39668972 -0.19756108 -0.39341672 0.10674870
-0.70733523 1.13082337 -0.90360591 -0.75425885 0.46899318 -0.45893161 0.62497775 -0.27324614
-0.12172595 0.04179883 0.17042314 -0.48102156 0.55817243 -0.10566378 -0.16382386 0.08645087
0.68641788 0.01436582 -0.09286917 -0.00630801 -0.39800804 -0.60664304 -0.39287448 -0.03626742
0.04458919 -0.72640090 0.28820311 -0.05308705 -0.01306670 0.48101435 -0.30581647 -0.39950404
0.10237039 -0.03575151 0.07893490 1.20189256 0.57540216 0.60748742 0.10852393 -0.31950234
-0.37669019 -0.26253595 0.00387041 -0.13718327 0.58352185 -0.04457706 0.15772318 0.47294740
0.16209420 0.24388771 -0.24581551 0.75320778 0.52376168 -0.11536545 0.74439462 -0.78451475
0.12598822 0.68515329 0.52100335 -0.12697467 -0.95431920 -0.43530333 0.19289307 -0.59355680
0.06673599 1.05039030 0.03426403 0.68707608 -0.79331215 0.47146341 -0.00034583 -0.08061959
0.21414041 -0.49198850 -0.43280613 -0.16234440 1.06563072 0.14770980 0.21358486 0.26751847
0.72806857 1.03642283 0.13376642 0.39329120 -0.46416848 0.06813727 -0.30158555 0.25177557
-0.87013561 -0.09311138 0.73494509 0.18328033 0.52091615 -0.80185172 -0.29106637 -0.62239928
0.03128487 -0.39766464 0.14712903 0.84473802 -0.42964049 0.06883190 -0.07363641 -0.04810399
0.43564597 0.93028929 -0.27125676 0.12444896 -0.53071327 -0.32645265 0.44873294 -0.39930960
-0.21558319 0.64085463 0.36437082 0.77210043 0.21470010 0.10415250 0.09136528 0.61221094
-0.73448193 -1.02121533 0.36170872 -0.13352419 0.61807755 -0.23415698 -0.03719473 -0.90041482
-0.41815430 -0.39905985 0.41766545 -0.69780422 -0.32763578 0.34340548 0.60715248 0.06104394
0.62386128 0.09035798 -0.94976011 0.35098017 -0.33340885 -0.16611513 0.23420381 0.21694838
-0.84174240 -0.20430606 -1.05298087 0.09706206 -0.66934094 -1.69327676 -0.57875481 0.21897048
-0.66556078 0.00232907 0.02421585 -0.60788581 0.37657482 -0.36446101 -0.26688078 -0.38670996
-0.22861524 0.04124858 -0.22905923 -0.83291124 -0.05576002 0.07978027 0.44242927 0.68302968
-0.83784650 -0.38258400 0.03130277 -0.06154954 0.00185367 0.50781459 0.72223507 -0.58119827
-0.32751300 0.45223138 -0.44330463 0.40379315 0.40900943 -0.75630689 -0.36704904 0.48188854
-0.20290954 0.20801582 -0.02983412 -0.30928930 0.07659395 -0.22747591 -0.03441184 -0.51107039
-0.27944246 -0.44459966 0.14095609 -0.49775480 -0.38750659 0.69330539 -0.50354346 -0.09026641
0.70373773 -0.90493066 -0.07460035 0.29944446 0.06035766 0.38559042 -0.40482554 0.54173974
0.07177650 -0.18201977 -0.78202718 0.22050832 -0.30294277 -0.26007471 0.65124517 -0.14177572
-0.29921476 0.15958045 -0.38398962 -0.20080405 0.20503698 -0.29525659 0.36141936 0.70394805
0.80899877 0.28280157 0.34628642 0.69544293 0.33868044 0.00762859 -0.15931730 0.56767101
-0.86705305 0.70208967 -0.69598254 0.45080247 -0.41384163 -0.43029601 0.89575890 0.30876166
0.42584261 -0.12706288 0.55772913 -0.41933626 -0.40963438 -0.51468384 0.62866071 -0.19556447
0.64980120 0.63360676 0.05671930 -1.00464162 0.00529805 0.36636024 -0.77503540 -0.50267225
-0.46817235 0.53189811 -0.23262455 0.35394794 -0.67096821 0.50164410 0.44412345 -0.15673629
0.21542801 0.02927029 -0.97103483 -0.45877365 0.53291694 0.08953377 0.06537766 0.07997685
1.04008843 0.62821111 -0.51765245 0.41617439 -0.73771946 0.10696789 -0.28869308 -0.18249000
0.92269639 -0.13361316 -0.23291390 -0.58003433 0.01349189 0.86135481 -0.43913043 0.52092051
-0.19229478 0.40381185 0.73910962 0.40900765 0.18206404 -0.05300868 -0.84578459 0.17709445
-0.10562763 0.42331620 0.12697994 0.17644593 -0.21603732 -0.50529430 -0.02012783 0.02640747
-0.08292069 -0.68137796 0.38824586 -0.33092508 0.10285892 -0.82481963 1.05797869 0.42013711
-0.70980400 -1.25710105 -1.67346009 0.13133425 -0.24324055 -0.77166053 0.22795167 0.07095231
-0.32069010 0.00732029 -0.42094791 0.36965657 -0.20802468 -0.25555945 0.46756516 -0.27105087
0.03954487 -1.01245705 -0.14758809 0.23549687 -0.57168124 0.27240092 -0.11318196 -0.00985522
-0.78590373 0.25705322 -0.12166668 0.49692432 -0.17709038 -0.23214797 -0.85984148 0.43013929
-0.02148504 -0.70564648 0.34280132 0.09000627 0.64031699 -0.07433389 -0.91352166 -0.17730552
0.31908869 -0.39571176 -0.47146671 -0.13096071 -0.74525365 0.02010397 -0.20523794 0.37376503
0.23879485 -0.33893319 0.23542415 -0.21073746 -0.42810729 0.15777368 0.04533106 0.63514294
-0.30437119 0.72411319 -0.21164809 -0.25960803 0.70014069 -0.88186625 0.58186270 0.41284650
0.56224412 -0.75184991 0.52783430 0.44277426 -0.43010093 -0.01774878 -0.32730988 0.10181788
-0.42184416 0.63617460 0.57261828 -0.11685734 0.31408800 0.12613002 -0.04922515 -0.35036450
0.90099265 0.19793871 -0.08404307 0.04109355 -0.55966297 0.44660953 0.85033458 -0.33764976
0.27910234 -0.64586421 -1.51975148 0.33546038 -0.03235375 0.04099877 0.08099510 0.54146701
-0.50819795 0.33324996 0.48086814 0.40871673 -0.47051343 -0.57414507 0.16982638 -0.17616880
-0.37495027 0.53322039 -0.45949964 0.36971788 0.16612264 0.40466834 0.07389175 0.27332191
0.66287991 -0.22186664 0.67664401 0.47267897 0.30480982 -0.50092357 0.56180180 0.49743110
0.34563825 0.49213906 0.31446998 0.18694643 0.22292286 -0.43362939 0.32703127 0.64505965
-0.76781294 -0.71063209 -0.01884016 -0.08666532 0.40651061 1.43103210 0.50148812 -0.12155875
-0.78528228 -0.24519018 -0.45536978 0.87512091 -0.42232730 0.13028268 -0.36348759 -0.90846554
-0.37890139 -0.00784430 -0.40342546 0.29504132 -0.63143588 -1.00053864 0.51621773 -0.00219702
0.64298694 0.37905845 0.02022450 -0.02924634 -0.09799697 0.15147017 -0.01449320 -0.31772118
-0.50324436 -0.18038699 -0.34912551 0.85227049 0.54834721 0.67218102 0.25015797 -0.00203093
0.33389739 0.51635458 0.88974376 -0.71366847 0.15818660 0.20880115 -0.57993888 -0.04329450
0.02355060 0.54244325 0.10262434 0.25899564 -0.30917534 1.42400915 0.80821208 0.19786966
0.54549817 0.45041645 -0.48701433 0.08077358 -0.22464879 0.46388544 0.26196104 -0.05905123
-0.03854130 0.04788817 -0.86815855 -0.35686241 -0.36641237 0.05550191 1.05002950 0.19587363
0.51300579 -0.20539236 0.55820354 -0.05630376 0.72382722 1.34569872 0.83899883 0.35085096
-0.02495452 1.10295363 -0.09283866 -1.02454762 0.69945731 -0.21027048 0.31767696 0.29528315
0.51873663 0.92541471 0.58721695 0.13499437 -0.25385149 -0.51380974 0.44751113 0.17128785
0.74043485 0.19668190 -1.07947691 0.60633356 -0.02941756 0.14942301 -0.33248019 -0.47735725
-0.61255786 -0.28461176 0.56356305 0.58747142 0.79264479 0.01158817 0.07277520 -0.35421892
-0.11470278 0.05061718 -0.21893980 -0.29462322 -0.79031289 -0.06641772 1.03857877 -0.31147416
0.40620011 0.14200662 -0.12848531 -0.58839574 1.01148987 -0.29407332 0.07001798 -0.31343838
-0.56074484 -0.05944490 -0.60848289 -0.59351108 -1.05683805 0.04919412 0.35545073 0.17607331
0.47360582 0.00782578 0.72834953 0.67974916 -0.39794587 0.69968391 -1.19968874 -0.00401437
1.44223050 -0.05673107 0.01070074 0.12184298 0.01889967 0.45647647 -0.30049035 0.18353526
-0.52430805 -0.37143856 -0.00494630 0.28146812 -0.69288918 0.29788760 0.47614948 0.19695259
0.07171010 -0.61881079 -0.54164519 0.41803181 -0.27853115 0.06512044 -0.27908296 -0.37157746
0.29812916 -0.79133727 -0.98409087 -0.15455429 0.16673815 -0.17755858 -0.57094422 0.37545245
-0.35996308 -0.63290968 -1.71283335 -0.94181927 0.23469445 -0.25877463 -0.10678385 0.39835051
1.02208317 0.49748579 -0.98395947 -1.04623235 -0.23712712 -0.18823892 0.93596580 -1.00251001
0.03282433 0.93424213 -0.03509915 -0.05583045 -1.24759968 0.84922461 0.74174990 -0.53574346
0.14730736 0.30097493 -0.00901808 0.17597794 0.38538931 -0.58182372 -0.48119020 0.34219021
0.11002107 -0.78068870 0.04616680 -0.20482809 0.05687457 0.48574102 0.36660102 0.03354709
-0.08402887 -0.38300812 -0.59050972 -0.65098371 1.07830950 -0.24417783 0.31338572 0.29693109
-0.04296546 -0.78118624 0.46154010 -0.18336335 -0.75019228 -0.60409721 -0.42172411 0.12639696
0.18703146 -0.04515671 -0.41188517 0.27970786 -0.12160452 -0.81068417 0.02437340 -0.73474223
-0.32723261 -0.68532246 -0.57479719 -0.43691702 -0.70918689 -0.02901639 -0.10034811 -0.51219277
-0.15931729 -0.34235459 0.31403423 -1.14416421 -0.32353224 -0.01930199 -0.28132245 -0.35870154
-0.54435619 0.44483135 0.30147549 -0.09673227 -0.28438321 0.10692222 -0.33290041 -0.10970210
0.27740062 0.30346906 -0.94579096 -0.29813398 -0.19768573 0.19991411 -0.00859552 -0.36764019
0.31550561 0.67317802 0.63998206 -0.65401097 0.17877213 0.13155764 0.08373737 0.61007212
0.21279891 0.48252607 0.32552155 0.23101992 0.50743664 0.21208209 0.44398059 0.20389845
0.15774653 0.31785564 1.09494594 -0.49690705 0.39791425 -0.35773953 -0.55778419 0.23770829
0.28316931 0.86707850 -0.91886091 -0.24294154 0.25064687 -0.23271355 -0.92873727 0.36523261
0.35364866 0.05012327 -0.70750495 0.19217116 1.02965564 0.11592593 0.34223025 -0.81107370
-0.17191075 -0.29125497 0.28347035 -0.38894083 0.17970166 0.17380505 -0.43733435 -0.09217370
0.35303293 0.58178031 -0.89936293 -0.30170668 -0.92623399 -0.31774506 1.16873122 -0.03353292
0.87815094 -0.87245516 -0.28859048 -0.48396305 -0.44290377 0.35492275 -0.14525584 0.65066935
-0.29856974 -0.26178632 -0.17573843 0.31247460 0.86509776 -0.27477378 0.36972756 0.23955011
0.06583784 0.16585822 -0.90018788 -0.24925607 1.26909306 -0.19275463 0.09346662 -0.34668378
0.66190720 0.72344218 -0.19807701 -0.50971284 -1.00433693 -0.13279917 0.91181989 0.80405392
-0.63305407 -0.12451419 0.80301881 -0.17774657 -0.66783764 0.04027483 0.95262204 -1.03240229
-0.70402115 0.43270528 -0.70626064 -0.16276782 -0.18727407 -0.31312700 0.30908018 -0.50618613
0.41116579 0.07584431 0.64812765 0.37219707 -0.45336289 -0.09271651 0.10753061 0.25179807
0.49886431 -0.86120775 0.16370868 1.10699884 0.58869680 0.04730937 -0.00291537 -0.04730701
-0.85281496 0.51612525 0.78884204 0.03994237 -0.42868761 0.05253978 -0.13134870 -0.08564416
-0.37426129 -0.07754201 -0.92313014 -0.69509686 0.20481472 -0.29287040 0.00751770 -0.40716861
0.91096917 0.11395368 0.84554321 0.51247458 -0.91752326 -0.51420060 0.02298087 1.06860926
-0.29115381 -1.14908305 0.48238547 0.60444529 -0.17121030 -1.20044837 0.65280541 0.11044143
0.78687203 -0.80966732 -0.58658980 -0.43766262 -0.22807955 -0.38089554 0.94006983 -0.10387317
-0.22251933 -0.14604588 -0.42250058 -0.23805236 0.77822348 -0.27041712 -0.60977837 -0.04081118
-0.56941244 0.00418228 0.44842935 0.32304163 0.36737025 0.08815390 -0.44344113 -0.14995133
-1.00925406 0.07972019 -0.05602796 -0.71971390 -0.04394241 0.63834160 -0.61373369 -0.17295402
0.29672874 -0.65285782 0.27622899 0.12246411 -0.02602748 -0.58294593 0.66896225 -0.66021489
0.54216814 -1.38127565 -0.14919996 -0.07033462 0.22220659 0.33427957 0.37636311 0.40416439
0.61828737 0.56220353 -0.63224403 0.37561384 -0.23640965 2.21092646 -0.00940205 -0.69827722
-0.13182151 -0.44090766 0.67313563 0.99630746 -0.36760892 0.60360185 -0.03739007 -0.43740021
-0.09009121 -0.25828648 -0.23009742 -0.02106098 0.01599910 0.09956992 1.25408417 0.08197106
-0.05749669 0.67446803 0.81047886 -0.55194014 0.24122020 0.57829827 -0.83100565 0.63544975
0.20600928 0.00450321 0.25153213 -0.26043383 -0.13861262 -0.28032260 -0.72510572 0.23103278
-0.52402571 -0.00743911 -0.39923539 0.65691779 0.20550359 0.94456927 -0.59535427 0.69021210
-1.22313347 0.81750453 0.49181938 0.00899165 -0.13570149 -0.76749233 0.04485582 -0.29754057
-0.40129577 -0.55367050 0.47987423 0.32118258 1.32083550 0.39648617 -0.33283816 0.32776165
0.07836171 -0.07306810 -0.00822424 -0.13347244 0.63667820 -0.32579293 0.29480525 -0.76130238
-0.35231697 0.10642974 0.06193526 0.31910504 -0.36139313 0.03464016 0.06963897 0.20247004
0.32016361 0.48862868 -0.54370419 0.39383060 0.22679165 -1.03960564 -0.08983259 0.13153797
-0.97265453 1.04863834 -0.36638332 0.46463153 -0.61333768 0.11155479 -0.10635365 -0.43841952
-0.18773322 -0.04968526 0.51700959 0.33507408 0.23641032 0.40446237 -0.32997150 -0.35909402
-0.81582957 0.10643261 -0.04647456 0.42221688 -0.65138025 0.23554705 -0.04535397 1.00094035
-1.10321926 -0.36288400 0.43094834 -0.08249012 -0.26122340 0.53504631 -0.65007090 0.03102928
-0.35514760 0.94969900 -0.55564531 0.07866074 0.53084556 -0.96884212 0.80562396 -0.63848637
0.26597102 0.26535074 -0.35852477 0.39303445 0.91835799 0.53744937 0.66351875 -0.09423666
0.34416384 -0.94902459 0.43049643 0.07725081 0.03138569 0.64367737 0.60533493 -0.02149634
0.11429343 0.35205424 0.45610693 0.68786794 -0.85279062 0.77247215 1.12345317 -0.55729684
-0.03090243 0.95158423 -0.20961851 -0.79268644 -0.16622985 0.30601780 0.42955817 0.14751930
0.30257427 0.41199519 0.77594075 1.14587244 0.16762776 -0.61339361 -0.13403452 -0.19481090
-0.06572277 -0.61944823 -0.52219294 -0.43094453 -0.50035367 0.18545308 -0.01825972 -0.45263480
-0.42071190 0.23182457 -1.05386860 -0.34607316 -0.02669500 -0.21196949 -0.32491524 0.20758893
0.46678915 -0.35750992 -0.37633160 0.43811044 -0.04846526 -0.28629641 0.07844626 0.06762817
-0.38559723 0.33572235 -0.24653472 -0.85327832 -0.00588238 -0.04858592 -0.26160676 1.13010669
-0.04373196 0.20816764 -0.74855852 -0.08742413 -0.49628303 -0.79842174 -0.01585045 0.31795473
-0.42793237 0.04607903 0.58250874 0.17560320 0.01673870 -0.64959307 -0.81583944 -0.52209510
-0.04943252 0.10625018 0.56791813 -0.51114402 0.15671666 -0.30023078 -0.85894146 -0.23101058
-0.82238741 -0.72862723 -0.27832343 -0.29538973 0.98683470 0.20036976 -0.09615823 -0.16331861
0.00113916 0.47313913 -0.51965390 0.93947991 0.55388167 -1.24464988 0.31010466 -0.43581663
-0.58981472 0.66857499 -0.57322666 -0.01243295 0.01543675 -0.12470693 0.16587707 0.22160670
0.65260026 1.10733535 0.71947866 -0.20669402 -0.36191091 0.18082999 0.22994429 0.06313121
0.79997616 0.43656790 -0.13259873 0.03838981 0.41773608 1.20772639 0.13624139 -0.79577863
0.43163012 0.76706400 -0.01037591 0.35347121 -0.26458134 0.08492609 0.82216157 -0.69836720
0.61894929 0.21603082 -0.14094765 0.02248450 0.26993976 -0.42712672 -0.48804042 -0.19133224
0.30862433 -0.13404821 0.81588549 -0.52569394 0.21474191 0.08191687 -0.13576438 0.44016648
-0.14034177 0.11114318 0.33296377 -0.05753162 -0.36318470 0.57797771 0.67112549 -0.12892393
-0.22568708 0.00924387 -0.28135997 -0.25596897 -0.75334570 -0.42571438 0.10800805 0.14259824
-0.17222641 0.34897200 0.02873926 -0.88960810 0.59031714 0.29078553 0.46846449 0.16510349
0.27059350 0.39722669 0.49440868 0.13541390 0.43255909 -0.11446918 -0.65597704 -0.48530945
-0.52467017 -0.43529311 0.18242107 -0.38391638 0.27417708 1.38133075 0.58178915 0.21895064
0.32745756 1.21051304 -0.68939550 0.40068946 -0.48294090 0.19456037 0.33026147 -0.19381051
-0.32513805 0.23597783 -0.07117814 0.17128632 0.07817219 -0.27611631 0.81428795 0.76665323
-0.36981541 -0.52300665 0.32205604 0.28573185 0.95241440 -0.80271823 0.25279169 0.13255054
-0.51444565 0.07250146 0.12844323 -0.31203243 0.15208884 -0.06993639 -0.09562165 -0.08680513
-0.06201373 0.21827592 0.86308734 0.26205820 0.37215174 0.43959401 -0.59331756 0.32569821
0.12894697 -0.05470152 0.26412136 0.45469855 -0.43713924 -0.64550844 -0.48770119 -0.02428878
-0.84944050 0.96871733 -0.75459873 0.60327430 1.05980295 0.20645855 -0.02927679 -0.09310333
-0.52013726 -0.70220788 -0.47127360 -0.42826856 -0.11635202 0.71151681 -0.33805862 -0.03622427
-0.25304035 -0.36858679 -0.12448311 0.08906434 -0.02975573 -0.95617599 -0.08826729 -1.18584713
0.60679135 0.49401058 -0.31549806 -0.14313483 0.26695482 -0.09236723 -0.44297385 0.81881751
-0.39741365 0.14718342 0.74797269 0.12294835 0.27962170 0.76908011 0.51304509 0.77162600
-0.49863452 0.88944166 0.40791489 0.31195710 0.16893094 -0.22627102 1.04123601 -0.62101126
-0.15097745 0.43981056 0.59200940 0.00272961 -0.11521430 0.54689451 0.19003470 -0.41584565
-0.00245131 0.01738993 0.99320370 -0.11335161 0.65427876 -0.91242757 0.51486628 0.48128684
0.57735431 -0.64136096 -0.15164618 0.35651294 -0.40901749 0.33780966 -0.04568802 -0.06650723
-0.33763929 -0.27066342 0.13380253 0.23469271 -0.37391994 0.44068230 0.20658846 0.01764328
-0.76522081 0.30750650 -0.50944487 0.15584945 0.45682803 0.20118686 -0.17200072 -0.91098519
0.71934312 0.28023206 0.29298445 0.65688309 -0.56637541 -0.16808286 0.24421576 0.31360158
-0.13635253 -0.60300141 0.80833628 0.13690198 0.09970031 -0.31431604 0.60915158 0.76158689
0.51991531 -0.18239557 -0.13990739 1.21966855 0.61308299 -0.23593912 -0.57449608 0.21864732
-0.63969708 0.55529648 -0.49960566 -0.28065340 -0.59200805 -0.16033118 0.59250905 0.21020814
-1.12807534 0.17528421 -0.65859850 0.17314308 -0.10681794 -0.47801843 0.31582204 0.48626629
-0.34643482 -0.71083589 -0.54543594 0.68926595 -0.23860652 0.22912212 -0.33734319 0.12478851
0.83192768 -0.58370651 -0.04860756 -0.44956765 0.08881853 -0.27637184 -0.26766917 0.14834206
0.61014727 -0.12546598 0.39069560 0.24415978 -0.02798472 -0.71356056 -0.75875930 -0.11888168
-0.47266911 -0.31887470 -0.32111465 0.40289120 -0.79288136 0.03725846 0.31237233 -0.55881111
0.09299424 -0.25979289 0.22397635 -0.92237780 -0.21897781 -0.77292158 -0.11041564 -0.35054979
-0.35015980 0.66526690 0.45521877 -0.61875409 0.42107026 0.43780907 0.14931077 -0.14682882
0.24548356 -0.53290594 -0.02845458 0.15484661 0.17337669 0.33310600 0.01981818 0.46088196
-0.71416291 -0.70601412 -0.01991640 0.33153723 -0.43824842 -0.61291721 0.23671357 -0.16461170
0.58047570 0.71276762 0.27647921 0.09225790 0.65834874 -0.25728033 0.20006151 0.79386566
-0.11079206 -0.08594550 0.71971242 0.27642823 0.33273793 -0.01121909 -0.08225327 0.71785748
-0.32605699 -0.61144138 0.00934230 0.72583547 -1.05066605 -0.00451328 1.02210382 0.37970172
-0.66559501 0.20400058 0.01766776 0.08205619 -0.01062689 0.27492030 -0.57759613 -0.61530270
0.30051488 0.15814856 0.52609164 0.31130668 -0.39452756 -0.36208204 0.23306893 -0.94270703
-0.03066496 -0.21594002 -0.29100637 -0.44009397 0.33429671 0.21752747 -0.88686356 -0.16278428
0.37732629 0.05768565 0.45040368 1.02459706 0.17962756 -0.47750212 0.11538171 -0.18231850
0.45290560 -0.67823800 -0.47533854 -0.56235393 -0.43234696 0.35787382 -0.54450977 -0.41364885
0.10335475 0.12287283 0.65058542 -0.91054294 -0.19015450 -0.78207398 0.59160572 0.38333575
-0.08531650 0.41667163 -0.10017974 -1.04125912 -0.31532316 -0.31598453 -0.25077380 0.51205919
0.25409972 -0.31728369 -0.72898056 -0.19497810 0.22519882 -0.42874274 -1.20577716 -0.52175734
-0.06706484 -1.02098182 -0.41870527 0.77091764 -0.08002854 0.29205150 -0.27696351 -0.21432092
-0.72302586 0.19428036 -0.61794582 -0.07112526 -0.65164811 0.38883188 0.51538279 0.27570004
0.38005527 -0.31681350 -0.33832034 0.11689133 0.18208258 0.98010888 0.32810125 -1.11557744
0.44885241 0.21114506 0.14089851 -0.53116028 -0.17946721 -0.39426918 -0.28914063 0.29215852
-0.47864091 -0.56111999 0.30130068 -0.20572102 -1.08239618 -0.41767328 -0.31100322 -0.21670078
-0.57956334 0.43028091 0.56577105 0.42403416 0.41671057 -0.38168925 0.79105191 0.44042887
-0.27833523 0.40453711 -0.47610429 0.12098396 -0.06896382 -0.86478534 0.48659874 -0.65746674
0.07567678 0.23363766 -0.23655903 0.24467679 -0.27016569 -0.18751240 0.14919380 -0.04800074
0.07693776 0.05130489 -0.53292982 -0.31733418 -0.49941573 -0.36554615 -0.27161014 -0.18326945
-0.45257338 0.32476762 0.57860335 -0.40711842 0.64767259 0.82452849 -1.01407493 -0.08674432
-0.45806269 -0.16990309 -0.38209991 -0.27421485 -0.18109824 -0.85245890 -0.21799986 0.24075570
-1.12691437 -0.18321022 -0.06745534 0.15385352 -0.11635752 0.59013184 0.32640472 0.21555895
1.09114625 0.09634413 0.36862895 -0.02981094 0.67968454 0.53568179 -0.66051362 -0.31028767
-0.88372548 -0.58286866 0.43493642 -0.18705080 0.65538569 -0.36660597 -0.47272904 -0.22599270
-0.30244795 0.23174014 -0.54663970 0.43222595 0.09689474 0.33619995 0.39239450 0.01241620
0.66913302 0.20986436 -0.26861402 -0.34294148 -0.37083209 0.36821293 -0.14513427 0.29114503
0.10723164 -0.55418823 -0.72960671 -0.46383167 -0.60249656 0.27495341 0.45677305 0.04703596
0.86978059 -0.27961058 -0.38079379 -0.39982447 0.89898019 0.35407263 0.51441813 -0.19883586
0.22362466 -0.06228592 0.62995550 -0.22278563 -0.23132373 -0.12766867 0.16128470 -0.18977954
-0.63876319 0.41430723 0.68405751 -0.31542882 1.10432263 0.12651278 -0.09789169 0.21311945
-0.42263266 -0.88344594 0.08386248 0.03554520 0.16953982 0.53888949 0.12554802 0.26906296
-0.26368242 -0.17596148 -0.06509303 0.42159876 -0.16517547 -0.45266694 -0.41508655 -0.76701603
0.00316847 -0.86786486 -0.55153200 -0.66357060 -0.45472594 -0.02328464 -0.14989375 0.42258841
0.05801839 0.92823087 -0.42499867 0.14595741 -0.66313544 0.03956458 -0.57882580 0.32135427
0.41864888 -0.01921678 0.26240686 -0.67703728 -0.84636554 -0.75429504 0.50105179 -0.41525250
-1.01540236 0.78575985 1.13200296 0.36556499 -0.05251024 -0.37098328 0.25901463 -0.00692506
-0.41974228 0.71601056 -0.50415061 0.22570816 0.52543812 -1.66614411 0.30204454 -0.12327698
0.29090825 -0.14167332 0.09505509 -0.71382199 -0.00165654 0.78980893 -0.85259946 -0.25318577
-0.13126426 -0.36381938 -0.53275347 0.16656487 -0.43376966 0.04282392 -0.29462406 0.07330592
-0.02907656 0.03789183 -0.90891742 0.03298388 -0.75606765 -0.08405216 -0.98557605 -0.56422738
0.19183552 0.79068006 -0.57990971 -0.62473081 0.32485447 0.42546324 -0.69729576 0.12240906
-0.17363604 0.08293149 -0.70104264 -0.41247539 -0.91439157 0.65747723 -0.10342247 -0.70806666
0.10243576 0.09574989 -0.60461781 0.14070207 -0.00815530 -0.65086384 -0.62390413 -0.26811440
-0.66446523 0.05708331 0.63404563 0.72206328 -1.17377280 -0.62975227 1.06257839 -0.11131147
-0.13496186 0.40887591 -0.92986919 -0.27442296 0.81013030 0.17702362 0.96712428 -0.16741651
0.59478294 -0.26009662 -0.30107010 -0.13110285 0.57136501 0.53717402 -0.06191574 0.44738312
-0.08399476 0.08397942 0.73861295 0.14585084 -0.04771220 0.16936211 -0.52368734 0.28991163
-0.07809359 -0.28637171 -1.20869918 -0.16453502 0.43021514 -0.20196654 0.01232258 0.06604466
0.35026999 0.30672093 -0.05002031 -0.07544043 0.15541770 0.26131503 -0.36629385 -0.39049085
-0.70119971 0.43769378 0.37242472 -0.24925544 -0.58152675 0.22867882 0.75733640 -0.39885895
-0.50847525 0.24680967 -0.95509343 0.63598931 0.36485650 0.27314041 0.62118643 -0.68350053
-0.27036234 -0.17618175 -0.16231419 0.71365786 0.36575990 0.82041347 -0.28305525 0.82551089
0.73862641 -0.34828964 -0.09064573 -0.76573981 0.34972197 0.52250662 0.38343134 0.02707897
-0.06278782 -0.33132755 0.68168150 -1.00776805 0.29058446 0.48490302 -0.69939800 0.49639134
0.19914480 0.94383464 -0.75404595 -0.55742348 0.91355754 0.27096991 -0.19015346 -0.01180089
0.01183712 -0.51904373 -0.62726176 -0.24571910 -0.23878559 -0.51861674 -0.60287236 0.92657853
-0.33837654 -0.42839327 0.40334872 0.56424092 -0.28250002 0.29550773 0.91398059 0.60353106
0.04985831 -0.08496848 -0.68426669 -0.39837305 0.38920595 -0.24744235 0.58234652 -0.08543830
-0.32423429 0.33545214 -0.09241235 0.20608576 -0.46154586 0.15352031 0.15188786 0.15206151
-0.42348026 0.25556652 0.13827676 -0.38925479 0.05647547 0.16672375 -0.45492554 0.17053983
-0.60464887 0.43058337 0.05789337 -0.56828854 0.42920594 0.01056839 -0.17737993 0.12871593
-1.12875814 -0.11860482 -0.29859148 -0.21399088 -0.66054396 0.76235438 0.16616652 -0.01235468
-0.00532891 0.66479906 0.47074413 -0.23889084 0.16140199 0.02581404 0.14935563 -0.63675500
0.20758938 -0.63111523 -0.62525752 -0.41837638 -0.77832311 0.02073302 -0.62824541 0.24871404
-0.09441928 0.47934257 0.16388855 -0.44305666 0.90658758 -0.08136775 0.45140806 0.13068987
-0.43072339 0.49184713 0.10382671 0.32144539 -0.09853922 0.77182304 0.56429523 0.26520984
-0.00001758 -0.14324124 -0.11929203 -0.43285538 0.20162612 0.38044002 0.49958554 -0.16060940
0.02924553 0.11128998 -1.14144505 -0.51765487 0.58205376 0.14306924 0.30230248 -0.29896559
0.37397863 -0.06513099 -0.24841100 0.43760770 0.30314932 -0.06089351 -0.26228662 -0.79067855
-0.74631939 -0.27435216 -0.56749234 0.22017370 -0.52568626 -0.56151791 -0.41704432 0.24805479
-0.24396026 -0.55025325 0.38431897 0.00538321 -0.60811098 -0.08939131 0.04125525 -0.02600801
0.03198785 0.04739887 -0.12218460 0.37847010 -0.16616118 -0.44793446 -0.15558976 0.40824671
-0.78532847 0.56626541 -0.49225195 0.13473450 -0.42306969 -1.14932815 0.57305440 -0.91343016
0.31243238 -0.67956267 0.48269564 0.08431057 0.04232218 -0.33805217 0.46596947 1.20473428
-0.36723434 0.00974277 0.45937809 0.00413675 0.34589683 0.54416979 -0.54097524 0.09610470
0.23556589 -0.81201390 -0.56443282 0.69087698 -0.34908327 -0.16755755 -0.25478941 0.14076787
0.34759645 0.41708156 -0.51322878 -0.41167665 1.03992280 0.00104415 0.42499683 0.78954894
-0.63473971 0.06136877 -0.01620809 0.01553042 0.42369744 0.12292993 -0.63409192 0.73313713
0.22583676 0.61283652 0.05758003 1.02738193 0.35619822 -0.44938197 0.01704252 -0.55897316
0.30831434 -0.43581114 -0.35260228 1.28938560 -0.10589040 0.17924048 0.17695262 -0.91637903
-0.17358008 0.34279776 0.37247124 0.36437518 1.07912846 0.64805156 -0.10038732 -0.27850248
-0.22166491 0.18269602 -0.71263189 0.03411799 0.39395699 -0.19094323 -0.42956609 0.70899653
0.89591191 0.83282619 -0.64612689 0.18884894 -0.04479886 0.25977710 -0.44196950 0.10474972
-0.60866384 1.01171038 -0.16542749 -1.17671104 0.25669467 -0.05643334 -0.22875155 0.95314963
0.53002481 -0.01781722 0.44517614 0.82421623 0.06248986 -0.46748359 -0.18901149 -0.17163285
0.23504316 0.84391053 -0.91430320 -0.77822594 -0.84399966 -0.59061893 -0.24099775 -0.91154053
-0.40195886 -0.21019034 0.84965506 0.19749059 0.29342089 -0.75506694 0.00287731 1.25268660
0.13041124 0.26012568 -0.02241639 -0.04809445 0.46587142 -0.12203573 0.55720032 -0.86005056
0.04840864 -0.06790249 -0.78623450 -0.15367820 0.21637347 0.52468282 -0.57033605 0.76306273
0.64146331 -0.22270371 -0.16382434 -0.42856239 -0.85352843 0.47048844 -0.12353698 -0.03398868
0.16528897 0.17837674 0.00798777 0.06829791 0.36323992 0.25089044 -0.20774820 -0.64304667
0.24277707 0.23996421 0.62492900 -0.33304494 -0.13100111 -0.21147113 -0.40379591 0.28408986
0.01790711 -0.48560669 0.59524548 0.83045031 -0.69688765 0.99497061 0.29514307 0.43438752
0.03053421 0.44209476 0.74248604 -0.51593797 0.57070662 0.13340934 -0.31006635 0.91709809
0.08060980 -0.32225601 0.02517985 -0.76030073 0.64019576 -0.29531197 0.32012140 -0.09659511
0.00664138 -0.54437407 0.04611330 0.24282027 0.53044794 -0.33020879 -1.11172696 0.06775640
0.31441815 0.08851551 -0.47586410 -0.42446364 0.76864227 1.23257842 0.48148389 -1.00794076
0.50488256 0.79669759 -0.29794559 -0.74106843 0.28088294 -0.23563424 -0.19412218 0.06481113
0.09115300 -0.25010812 -0.14304452 -0.25214078 -0.39166041 0.14036796 0.19420690 -0.37348093
-0.01786666 -0.63689850 0.88636418 0.18850401 1.49496142 0.22701710 -0.49174479 -0.26125399
-0.63035193 0.17120718 -0.26606205 0.08769410 0.34459698 -0.57800192 1.06552555 0.21376713
-0.36872116 -0.00200293 -0.23391348 -0.30927707 -0.11123981 -0.11473945 -0.24540728 -0.12008214
-0.33666866 0.41594638 0.85614249 0.94079244 0.08820456 -0.21541178 0.29623626 0.33270329
-0.32522346 0.23707302 0.45970746 -0.29928146 0.48141798 0.85973423 -0.19827988 -0.41112188
0.48468442 -0.25152727 -0.49980495 -0.02653922 -0.51533993 -0.08963507 1.22106249 -0.70336609
0.71965852 -0.21558231 0.19258258 -0.00156599 0.36950928 -0.85390331 -0.32840525 0.54909051
0.19461481 -0.35056970 -0.62321194 -0.03253182 -0.16938935 -0.63944050 -0.75228484 -0.44759886
-0.05009642 -0.54950164 0.24043759 -0.05554567 -1.05929555 -0.20237671 0.00737246 0.00301706
0.22698004 -0.06879559 0.06030942 -0.23290595 0.32712769 0.01128748 -0.31323277 -0.10852878
0.38270673 -0.24286079 0.72703274 -0.39143399 0.58690933 -0.33448483 0.37590624 0.13824886
-0.23818708 0.39405236 -0.44138137 1.17070896 0.72525863 -0.89649917 0.50759818 -0.98285186
-0.53838194 0.43405381 0.54205040 0.31833966 0.34762180 -0.26164695 -0.46171268 0.09744589
0.14706715 0.44105320 0.29922379 0.12548112 -0.76311044 -0.22340761 0.64480696 -0.75450919
-0.06369296 -0.82550103 0.58631803 0.02167597 0.11407748 0.30049213 0.34841343 -0.09318337
-0.05471112 -1.04636015 -0.01102358 0.57364603 -0.43299025 0.10390748 0.88753519 0.33139110
-0.55400530 -1.13738139 -0.73854416 -0.02254091 -0.07351762 0.16225145 -0.25648939 -0.64469869
0.02414867 0.06749054 -0.61979517 0.28335378 -0.52610054 0.56723493 0.42874097 -0.26401415
-0.42861976 -0.26102667 0.19289970 -0.34052163 0.10317352 -0.18122037 0.11333430 0.29155561
-0.51648886 -0.29008061 -0.64726616 0.90593301 0.09523410 0.92824932 0.90200150 -0.42914517
-0.36395039 -0.12005979 -0.04530788 0.66997076 0.28939079 0.11436415 0.17007847 -0.04643917
-0.04313789 -0.01842297 -1.00457673 -0.56550802 0.67437432 -0.34116759 1.10357996 0.17792625
0.09840990 0.65386671 -0.09417530 -0.42459508 -0.87726023 0.08780316 -0.64253117 -0.11899484
0.20937015 -0.67640639 -0.54673644 -0.20317908 -1.01161263 -0.29307579 0.68843360 -0.16635003
-0.63849630 0.29488007 -0.03181789 -0.22028121 -0.21095260 -0.13851320 0.30715852 -0.47761031
0.26870866 -0.02089259 -0.11565429 -0.45974940 0.28241427 -0.88941191 0.30020313 0.06823457
0.61161499 -0.01439477 0.26455806 -0.31303262 -0.60380444 -0.30245751 0.54442705 0.05651462
-0.36173428 0.48179534 -0.45170496 0.88041771 0.01850384 -0.45757080 -0.42421769 -0.04069654
0.27485557 -0.25975416 -0.08337279 -0.21532080 -0.08459095 0.74059097 0.38504057 0.16107706
-0.16259064 0.39514428 1.11150278 0.81012843 -0.69389049 0.94489852 -0.78697603 -0.46606199
-0.12414055 0.11037010 0.04619262 0.15011033 0.06028205 -0.08628863 -0.77013970 0.19162772
-0.38241789 -0.20699723 -0.00133335 -0.82061530 0.95731707 -0.22353298 0.18843501 -0.71577388
-0.69148415 -0.07312773 -0.99157832 -0.81194281 -0.04358424 -0.24487546 -0.03952906 0.02306903
0.28724494 0.30114028 -0.40996553 -0.20886863 0.05353801 -0.08703789 -0.28788055 0.55054085
0.77197830 -0.13396641 -0.36871154 1.42580739 -0.11947589 -0.03523294 -0.29027708 -0.07749404
0.19951116 -0.37153122 0.07307309 -1.12941905 0.23756022 -0.19863392 0.33746635 0.51832177
0.54745274 -0.14393618 0.36923747 -0.26582499 -0.49671752 0.09800613 -1.05563259 -0.39727945
0.44957169 -0.42883269 -0.61029921 0.37655727 -0.50096031 -1.40007691 -0.10749300 -0.09956722
-0.03751474 0.04312068 -0.10989586 -0.07824520 0.70835687 -0.28234108 -0.46521557 -0.75456646
0.49184455 -0.31556496 -0.48022523 0.23902191 0.12041961 -0.07037315 -0.02669308 -0.51337038
0.41013405 0.23557643 0.26185758 -0.17634473 -0.33436423 -0.10750914 0.01100149 0.10714782
0.75145511 -0.66028482 0.29508332 -0.51965704 -0.26637298 -0.05149684 -0.44261333 0.24304124
0.79460773 0.14984563 0.45472819 0.20218669 0.02437115 -0.77084673 -0.02334035 -0.44798981
0.01387769 0.29617406 1.38948978 -0.13637605 0.29957748 -0.58564958 0.05595769 -0.69754918
-0.29407101 0.02556362 -0.67565409 -0.45968801 0.08665770 -0.04505181 -1.02960641 0.48327633
0.45629231 1.14411510 -1.06682383 0.66889648 -0.13531291 -0.35050121 0.61427538 -0.04600006
-0.07428893 -0.45999594 -0.51629251 1.20141961 -0.00904865 -0.13950622 -0.82420818 -0.21334660
0.09266622 -1.01737687 0.50838809 0.74600487 -0.37858084 -1.60084442 0.11640064 -0.52482428
-0.03090191 0.92608232 -0.13234634 0.60209292 0.68359523 0.65243402 -0.35724825 0.08889198
-0.32997003 -0.24254088 0.17694445 0.28385986 -0.64008240 -0.49339597 -0.28121355 0.04079780
0.18652935 -0.06205585 -0.96655998 -0.08692459 0.72768649 -0.52680538 0.11514971 0.95516282
0.71908337 0.12701336 0.88276562 0.00193214 -0.03564726 -0.00340865 -0.54661550 -0.10128433
0.20199015 -0.27737175 0.06324875 0.30133434 0.19268865 -0.71853470 -0.36489993 -0.49570965
-0.44570653 0.37820156 -0.08104830 -0.62705768 0.12196388 -0.44363793 0.51199515 -0.28067813
0.18880345 0.34995786 0.25503029 0.03082261 0.01859568 0.06514529 0.35302841 -0.09134085
0.31743554 0.01952701 -0.32601951 1.07895570 0.12424196 0.37989570 0.46800762 -0.34565776
-1.13931416 0.55528596 0.25747811 -0.43156322 -0.12500130 0.45133170 -1.15896076 0.37530369
0.65290464 -0.44424186 0.59510393 0.28901020 -0.82336382 -0.56782670 -0.18377110 0.76477149
0.66824686 0.01826240 0.07402825 0.45329373 0.13617596 0.28789012 0.26855858 -0.54465325
0.97915321 -0.79380607 -0.52251080 -0.33832454 -0.00549859 -0.54295531 -0.23234607 0.26160805
-0.44648701 0.09643058 0.12084516 0.29433056 1.68491759 -0.23361314 0.86355514 -0.03136051
0.49275769 -0.43771272 0.49276247 0.24234200 1.04936171 -0.54309676 -0.14586747 -0.61599271
0.86247895 0.02115795 0.19704345 -0.63440990 -0.14500684 -0.11850532 0.04696229 0.13479115
-0.77713537 0.51660337 0.21803614 0.37212888 -0.03900932 0.29816210 0.36705842 -0.62047702
-0.48639387 -0.59636752 -0.51972379 0.47308341 0.55536535 0.35767127 0.06059595 -0.20908632
-0.35241242 -0.16465965 -0.11685338 -0.11746883 0.15622335 0.28631725 0.08350838 -0.44642748
0.76978757 0.50882942 -0.09185706 0.33588882 0.33693282 0.11222295 -0.21431708 0.18580957
-0.12821935 0.84579951 0.37803178 0.83405279 -0.35895286 -0.20864209 -0.02893921 0.55054183
-0.21787289 -0.20797418 -0.39932501 -0.63454928 0.20281260 0.56728330 0.99858600 -0.03563785
0.01347213 0.23361543 -0.37986037 -0.00217390 0.55258265 -0.07668099 0.30908755 -0.56535378
0.01812829 -0.06094296 -0.24675526 -0.14978070 0.40229516 0.79939617 -0.78486153 0.18637650
0.29593993 0.84480748 -0.04658402 0.93906804 0.27202746 -0.42302977 0.03277013 1.16734062
-0.83214026 -0.28877020 -1.10863326 -0.02104497 -0.26881234 0.41885080 -0.33850486 0.55841586
-0.53091627 0.61552430 -0.29932983 -0.44412162 -0.50429896 -0.24967851 -0.50273400 -0.28178420
-0.34729828 0.28026940 -0.33284472 0.97680999 0.75902595 -0.53828969 0.47946728 0.40395444
0.05152754 -0.23203174 0.67035322 0.41596507 -0.42367599 -0.63973007 0.68602802 -0.96480488
1.32951350 -0.24399793 0.06952568 -0.12941555 -0.05729901 -0.93501559 0.32241440 0.34409135
0.18762595 0.54647654 0.33453918 -0.30440006 0.28535177 0.57933664 0.73117959 0.83141248
-0.64224601 0.63198308 -0.51742034 1.09175352 -0.13468602 -0.55930488 0.40297559 -0.02685136
0.62558584 0.24825194 -0.38635250 0.77493597 0.60706286 -0.01879376 -0.66489035 -0.12173443
-0.65804686 -0.07489214 -0.13432102 -0.20495646 -0.08501334 -0.10210750 0.24036530 0.36077173
-0.05217702 -1.59015903 -0.28003813 0.39858316 0.03040032 0.17458201 -0.37431429 0.17531356
-0.69511261 -0.17855733 -0.19413971 0.17687754 -0.15975595 0.33989229 -0.00397750 -0.03344741
0.21799962 -0.47938096 0.67353495 -0.70372876 -0.39585030 -0.13575884 -0.07577402 -0.37213563
-0.29423646 -0.00772779 -0.55797882 -0.28436550 0.35118806 0.13600425 0.85014105 0.38953498
-0.10619773 -0.48523158 -0.20794223 0.53311378 -0.40210667 -0.07330182 0.16250239 -0.61504129
-0.53492691 -0.58021008 0.03217309 -0.42092396 0.09295702 -0.91560860 -0.13005572 0.06771282
-0.14197464 -0.01344886 0.63188552 -0.03894307 -0.42613363 0.70498894 -0.57477260 -0.25694171
-0.24952493 -0.08472114 -0.66044957 -0.68536352 0.40310304 0.54926692 0.23569260 0.41131108
0.22991907 -0.35562008 0.83520182 0.20218434 0.23086267 -0.26961010 0.11339584 0.50750562
0.31116727 0.02437986 0.11208908 0.51112434 0.59508911 0.59191217 0.88371368 -0.08572451
-0.17421520 0.16211902 -0.03596289 0.03797287 -0.53522163 -0.07711347 -0.43871020 -0.70876305
-0.23471073 0.74049635 -0.51557413 0.22538176 0.45620060 -0.36516918 -0.63511099 -0.25958853
0.90804398 1.30450582 -0.41272561 0.80876553 0.29148321 -0.40778256 -0.48301367 0.12017392
0.20402241 0.31992171 0.80624548 0.28096526 -0.51160474 0.67666804 0.46852571 0.44827424
-0.04883196 -0.30907750 -0.22675642 -0.60634884 -0.00654799 0.12656372 0.50729333 0.15618009
0.25780147 1.22143343 0.86957532 0.00939730 -0.22844492 0.87164692 -0.43254482 1.31646631
0.00613877 -1.22458415 0.00930634 0.04079710 0.40336616 -0.81615524 0.35324598 0.48315718
0.63331337 -0.82556224 -0.49818362 -0.57843723 -0.53535346 0.46605948 0.61456188 0.18590080
-0.42203880 0.16467314 -0.61652916 0.68714001 0.47988657 0.78012011 -0.01733584 0.17168034
-0.31351595 0.52966140 0.12849872 0.58845471 0.05667746 -0.27411246 0.17200153 -0.01224883
0.03037314 0.38488546 -0.42856316 -0.08342994 0.17673342 -0.54023472 0.23789630 -0.44677190
-0.01384568 0.45277357 -0.08691755 -0.98505503 -0.65310608 -0.10081041 0.37245753 0.95965503
-0.45369741 -0.90755892 -0.12311902 -0.47997815 0.43308580 0.49688459 -0.24390610 0.19940505
0.35003737 0.11414011 -0.32172674 0.28830774 0.51788748 -0.51843709 -0.16039324 -0.02967593
-0.32783519 -0.08987457 -0.67156501 -0.28912889 0.70643895 -0.54645209 0.18397166 0.53234298
0.26436337 -0.10963341 -0.39153981 -1.06834552 -1.24207547 -0.80829134 0.49290457 -0.46232673
0.10826351 -1.46286730 0.09307350 1.09402102 0.98431610 -0.56727256 -0.30357603 -0.37387001
-1.06818477 -0.65200057 -0.56096244 -0.22963893 0.27339768 -0.00621367 0.43652523 0.10847954
0.17659254 0.85748921 0.06011060 1.13526310 -0.10758451 -0.33484007 -0.86429391 -0.80055077
-0.42813426 -1.20922688 1.11951680 -0.91986338 0.49665909 -0.49180892 -0.11630428 -0.05797773
-0.25858584 -0.39772065 1.02170441 0.52819210 -0.53206646 0.07110203 -0.42344083 -0.39782799
0.75036611 0.51737373 1.09142823 -0.94394751 -1.04847027 0.61723944 -0.09260277 -0.45374353
0.11574894 0.33771673 0.11381607 -0.00119534 1.42627147 0.15831341 -0.87216590 0.01267410
-0.03767302 -0.13874688 -0.09220409 0.09072515 0.21311996 -0.29159836 0.07952729 -0.12286700
-0.32642250 -0.59476221 0.32601576 0.75136271 -0.56490326 -0.07981771 -0.10937593 -0.29081241
0.84652941 0.18379590 0.17310435 0.34156520 0.54391869 -0.25401981 0.19777474 0.53863723
0.00090963 0.56805885 0.36385837 -0.22134291 -0.03865814 0.60181669 -0.29483810 0.21051500
-0.02998502 -0.14969861 -0.68912793 0.09136079 0.19725870 0.63603256 0.01745104 0.46771901
-0.44865484 0.27901320 0.04383718 -0.13728835 0.14156493 0.60670472 0.54365283 0.35499283
-0.23825978 1.25745728 -0.85398174 0.05625726 -0.01086978 0.72135034 0.28282502 -0.63687881
-0.08994303 0.45947588 -0.31772645 0.23799705 0.02135117 -0.27647638 -0.02473167 0.38919763
0.04616734 0.69909890 0.13919478 -0.42105853 0.09058460 -0.71551526 -0.47478188 -0.48350887
0.20769260 -0.90558716 0.01449704 -0.11435473 0.36140873 -0.04495345 0.18365449 -0.60747277
0.26165009 -0.75343152 0.02063011 0.73399718 -0.75966392 0.47182105 -0.04475217 1.04364560
0.00623731 0.20246695 0.83521328 0.53704052 0.27847198 -0.21255222 0.66940416 -0.62289957
0.46061609 0.48204503 0.39999627 -0.22590965 0.07295940 0.28099300 0.54729178 -0.29113338
0.41005123 -0.12126610 0.33560880 0.64125355 -0.04075663 -0.08782638 -0.18965614 -0.92925294
-0.53456384 0.14896152 1.09139447 0.32147765 -0.28834839 -0.09343854 0.53840243 0.47084110
0.08388666 0.87991223 0.43490242 -0.19916537 0.45064476 1.17486580 -0.32849953 -0.64833916
-0.27725694 -0.81364207 -0.26220435 -0.49848385 0.22326258 -0.08152972 0.20574927 -0.54259643
-0.69079431 -0.98961863 0.37353756 -0.27483114 -0.05218699 0.15552592 0.38606432 -0.28786939
-0.33372111 -0.16450640 -0.59883751 -0.03332501 1.00596459 -0.56101054 0.97247738 0.34495934
-0.58675751 -0.02887251 1.00387391 0.51354053 0.11926794 0.30780012 -0.13740738 0.02468684
-0.41325716 -0.89561674 0.35011556 0.05456610 -0.05508656 -0.23622585 -0.52901689 -0.09231318
0.08692116 -0.60439790 -1.75160779 -0.34843561 -0.65220221 -0.26867972 -0.56948278 -0.51525350
0.31802332 -0.14087316 -0.17586964 -0.72780266 -0.77338650 -0.30847749 0.02182960 0.72822838
0.53520078 -0.17109490 -0.71484289 -0.52082697 0.88847283 -0.03210071 -0.33688192 0.67144205
0.33943587 0.82863827 -0.04861281 -0.07215309 -0.26332858 -0.20893484 0.17808641 -0.08946535
0.45852074 -0.26723061 -0.13849910 -0.33857439 0.11790442 0.30695520 -0.24575070 -0.35422194
0.22994747 -0.54387685 0.00459033 -0.17209473 0.29591967 -0.46877224 0.47493116 -0.61500666
0.31171809 -0.62893406 -0.40375249 0.42663798 -1.10183628 -0.17973217 0.46915790 0.09372237
-0.11797070 1.17111948 0.13978420 0.23030136 -0.04630053 0.06496318 0.00594215 0.76036367
-0.25207418 1.28894495 -0.52856124 -0.20919478 -0.00491648 -1.26400068 0.16532586 0.33232639
0.50242179 -0.70900686 0.17894147 -0.20318253 1.60735042 0.25255905 -0.16684837 -0.34113465
-0.49998784 -1.11294461 -0.16515040 0.25142300 -0.11412206 0.28806077 0.24432632 0.46027350
0.56328689 0.82422618 -0.51538339 -0.78894850 -0.45445680 0.12927581 0.85918335 -0.72585384
-0.19852405 -1.04189028 0.73691147 -0.01834093 -0.37815612 -0.01914222 0.05991832 -0.47642548
-1.01142982 0.95583223 -0.06980384 0.14039503 0.41318871 0.29706771 0.06212941 -0.01163109
-0.43936988 0.25716559 -0.23006878 -0.20677031 -0.81900935 -0.07263989 -0.20959242 -0.15108930
-0.51418269 -0.28268553 -0.36241326 0.64162524 -0.19188110 0.47312874 -0.10500743 0.52391518
0.20360685 0.01674809 0.50320683 0.40287701 -0.29272080 -0.35529818 0.00846372 0.63903642
-0.19849365 -0.19623192 -0.31874251 -0.45221474 -0.43521359 0.16550836 0.60676214 0.09560013
1.43066893 0.29563542 -0.10992796 0.12709269 0.33347397 -0.75384030 -0.01386506 0.21510701
0.38097478 -0.49910251 -0.18592777 0.35082517 0.13668969 0.86544320 -0.71030561 -0.16483541
-0.32434170 0.15154968 0.43896932 0.15738925 0.18498270 -0.85793632 -0.64773211 -0.80545711
0.69782832 -1.15240930 -0.20945410 0.55089252 -0.37282116 -0.15992630 -0.16692564 -0.76203858
0.05616089 -0.22810744 -0.39803441 1.12119284 0.97015142 0.86241563 0.04665361 0.06233910
-0.12921549 0.11153726 0.17879050 0.05431190 -0.37157158 -0.18085297 -0.10535665 0.19567116
-0.98542512 -0.48746907 -0.79618909 0.73601918 -1.25426456 -0.10640932 -0.96664688 -0.12541216
-0.11929583 -0.03324296 -0.75045115 -0.07175903 -0.32666815 -0.75887988 -0.00761017 0.18292156
-0.29818012 0.02284423 0.26697095 0.29286549 0.15828084 -0.36041906 0.36265566 -0.19700706
0.58706843 -0.57413997 0.57068685 -0.19272252 -0.47566389 -0.62592788 0.16044617 0.22365707
-0.43971633 0.20640226 0.39772065 0.41107542 -0.04074396 -0.03097576 -0.08801089 -1.09279963
-0.41633737 -0.23450229 -0.02658358 -0.75606731 0.64915396 -0.64892852 0.60189888 -0.60730329
-0.95432209 -0.32769486 -0.13644829 -0.43785601 0.81322250 1.42263704 0.43752935 -0.37952372
-0.17311205 0.23615307 -0.32188500 -0.19732432 -0.39210070 0.16923883 0.09419622 0.49087984
0.51463850 -0.30506768 -0.22834207 -0.75503824 -0.35307992 -0.22248253 0.28947876 -0.01857843
-0.39114912 0.11917271 0.31911525 0.15192281 -0.16840289 -0.77641881 0.36083877 0.08788140
0.19382638 -0.17329479 -0.14109933 0.67340728 -0.22090622 0.04736887 1.38944872 0.58195508
-0.42465164 0.36704437 0.21710072 0.17374968 -0.04037458 -0.47274021 0.41157368 -0.21320463
-0.41877625 -0.18565446 0.31431148 0.30043147 -0.75237327 -0.62825301 0.36781144 -0.36399594
-0.40558912 -0.59568982 -0.83537424 -0.19342302 -0.54741113 0.81210482 -0.12312853 0.07385960
0.20956213 -0.50160590 0.08972598 -0.38932251 0.72136430 0.12687512 0.13807693 -0.14331073
0.19943760 -0.17457245 -0.29089979 0.36803484 -0.07944897 -0.18819764 0.09576197 0.12738564
-0.44686953 -0.22413543 0.43491645 0.29809360 0.06898295 0.07773416 -0.18379461 -0.21979140
-1.01356359 -0.45864552 0.01516555 0.04928715 -0.59304204 -1.30103133 0.43431157 -0.77422299
0.38197741 0.20060342 0.15482156 0.41347140 0.37531687 0.72283997 -0.17011206 0.35356972
0.03906542 -0.29649404 0.02826511 1.27519757 -0.47337429 0.69133959 0.22133433 0.46010461
0.02693535 0.40677387 1.05887978 -0.29994707 -0.69971648 -0.02138498 0.05038662 -0.04181475
-0.17132555 -0.49517592 0.38456450 0.64344264 0.01421142 -0.34359656 -0.28334885 -0.63224248
0.00923574 -0.08466157 -0.43629240 -0.06272322 -0.08527011 0.27156080 0.02656984 0.64703275
0.85085564 0.15799430 -0.06266972 0.55651085 -0.61509731 0.19811452 -0.64513330 -0.24485258
-0.59455899 0.15735410 -0.37441280 -0.74675344 0.47745576 0.60670673 -0.52804893 0.05917394
0.09238087 0.19823833 0.03879672 0.18013234 0.05534392 -0.18803845 -0.18663889 0.56939183
0.56947481 -0.59043180 -0.70191998 0.19868292 0.17642595 -0.09097252 0.22506865 -0.35741322
0.59759950 -0.34921289 0.69673345 0.60116984 0.20191722 -0.36751887 0.36146547 0.15640954
-1.04285783 -0.32871236 0.21495017 -0.10812202 0.29873174 -0.00955131 0.10641105 0.15863782
0.31641506 0.89621736 -0.12355874 -0.62307228 0.14935232 0.38275733 -0.48222644 0.93572889
-0.07952399 -0.20426318 -0.10470580 -0.23546203 -0.02576651 0.08230178 1.29364814 0.29542228
