0.61999330 -1.22596792 -0.21728286 -0.26338021 -0.05715097 0.37905342 0.65900192 0.48848102
-0.17676058 -0.07568194 0.36154568 0.50933279 -0.19492944 0.21216406 0.18044517 -0.43946030
1.03830193 0.67359697 -0.01504319 1.04690171 1.06599807 0.83465109 0.13631155 -0.58683711
-1.11801826 0.74545058 0.93904860 -0.20303536 -0.14884239 -0.43540226 0.37384203 -0.63360202
-0.58378391 0.27035381 -0.35707442 0.26626055 0.83240372 -0.23254666 -0.29048372 0.28115249
-0.18845834 -0.59063561 0.16470219 0.26331605 0.28726929 -0.08145284 0.39508108 0.15056058
-0.25558570 0.80504889 0.83907535 -0.29362971 0.81006535 0.14771259 -0.31827125 0.76843404
0.25445440 0.08588192 0.11503246 -0.56067549 -0.14009380 -1.14155317 -0.81641615 -1.28197820
0.48981868 -0.20586499 -0.92839684 0.03367851 -0.42723941 -0.21003648 0.50222189 -0.67792193
0.26542174 -0.46392982 0.19926287 -0.73089819 -0.10941355 0.15862294 -0.29124425 -0.01822934
0.34883427 -0.06412446 -0.09882716 0.41537271 -0.18080688 -0.15982928 0.24511919 0.84585371
0.08171401 0.04118716 0.22457361 0.31091887 1.33139113 -0.29241979 0.45975108 -0.58399985
0.62986473 -0.54883337 -0.24393119 0.67417926 -0.35587109 -0.23341299 -0.04818295 -0.90827646
-1.01000788 -1.09118103 0.89711654 0.59091178 -0.18969677 -0.26299747 -0.45632304 -0.44619854
0.56121189 -0.05331532 0.15843012 0.18885623 0.81870274 0.05357965 -0.25684206 0.62333290
-0.60650082 -0.29546113 0.05628452 -0.31359378 1.00373263 0.31175056 -0.27265512 -0.62913778
0.15312197 0.58801358 -0.09100367 -0.06618710 0.53460948 0.34390893 -0.57080469 0.08115742
0.40269519 0.37220776 -0.12299891 0.62212113 -0.53914491 0.47166951 -0.50073872 0.47042589
-0.16333948 -0.68698397 0.12123466 0.14579271 0.53569651 -0.59418056 -0.46522777 -0.61199518
-0.24235602 -0.27197649 -0.19117858 -0.19187314 -0.03610745 -0.30168801 -0.74786288 -0.13001949
-0.43528369 -0.73112781 -0.34649314 -0.02326671 -0.46341869 0.12473052 -0.09497152 -0.10391424
-0.41188898 0.10972783 -0.38455730 -0.14731020 0.41297917 -0.81971715 -0.17752589 -0.10495467
0.22115874 0.09930447 0.39449251 0.21087198 -0.07885098 -0.37736866 0.50170009 -0.49392836
-0.57170553 -0.35502848 -0.41567888 -0.49259155 0.20062947 -0.79926392 0.51961191 -0.52363333
0.84659955 0.31743770 0.96006977 -0.33391145 0.11668294 -0.36207810 -1.13911115 -0.90401954
-0.29528056 -0.59218448 0.84841671 0.06832044 0.22398257 -0.24895658 0.17422265 0.15023456
-0.05497168 0.62550510 -0.54071239 -0.13863914 0.08290340 -0.65836252 -0.31395762 -0.16759225
-0.10334991 0.25943299 0.78678987 -0.64538160 -0.88439281 -0.85257019 -0.49011218 -0.06105385
0.06170106 0.42957298 -0.56336008 0.36543132 0.57741819 -0.03677956 -0.07468059 0.36237783
0.49636911 -0.55057453 -0.53750603 -0.33324913 -0.48257139 -0.86291847 -0.03085610 0.86558986
-0.69395680 1.01372879 0.63198269 0.00780794 0.62599975 -0.20201263 0.67573029 -0.38684672
-0.70698257 0.15048210 0.93311774 -0.11787648 -0.01132430 -0.49498313 -0.22463325 -0.28874901
-0.76312980 -0.23632614 0.81273524 -0.19753509 -0.31131687 -0.36067168 0.47098491 -0.05095885
-0.43031562 0.23410439 0.65731248 -0.25223943 -0.74595364 0.18131670 -0.75854236 -0.59536689
-0.03445854 0.15443390 0.59388444 -0.57624846 0.30968123 0.57895973 -0.26330305 0.44818370
-0.42140766 -0.37500389 0.16939427 0.01387874 0.41565766 0.27171918 0.01448474 -0.18706288
0.26797314 -0.53779685 -0.28598266 -0.15033111 -0.26930491 -0.05407389 -0.06923584 -0.84908352
-0.05656647 0.44034828 -0.14898534 -0.53476748 0.45871244 -0.14097969 -0.71615836 -0.53977325
0.70798216 -0.12962963 0.78669141 -0.04441365 0.44583125 0.36066063 0.54449703 -0.43956129
0.13437464 -0.05163769 0.40639563 0.38173782 -0.52501163 0.58885052 0.02059506 0.22453805
1.43215527 1.30550019 -0.22031020 -1.36789287 1.18296820 -0.32994886 -0.18211030 0.23832427
-0.13392438 -0.28480457 -0.33658497 0.52532561 -0.04708876 0.55333960 0.35287163 -0.90712307
0.56936696 0.59314329 -0.81645888 -0.36618538 -0.25729386 -0.36563929 0.48439423 -0.54795369
0.01985480 0.92623160 0.43899087 -0.25005464 0.90425490 -1.15508192 -0.23458111 0.27811590
-1.03135036 -0.44130363 -0.22405394 1.14249734 -0.04288211 0.17573104 -0.18063204 0.29021200
-0.32889808 1.00433766 -0.07790664 -0.24717639 -0.08730158 0.62500723 -0.11765708 -0.47132955
-0.29131684 0.25879657 0.52374756 -0.26240394 -0.55377231 -0.30290027 0.41946419 -0.72774833
0.12888324 -0.41615581 0.78839116 0.90025721 -0.11745517 -0.55992999 -0.69366150 0.38536161
-0.25315209 -0.11190902 -0.10277470 0.70058111 0.70017665 0.62953776 0.02716629 -0.57756996
-0.55087372 -0.66355724 -0.15239529 0.24438201 -0.19828989 -0.34960551 0.17621069 0.36788442
1.02058498 0.27719590 -0.39941477 0.30268064 -0.03195679 -0.42564062 0.57506209 -0.14410293
-1.66989937 -0.51002704 0.57944246 0.09433552 0.29806992 -0.20668092 -0.11700856 -0.46188982
1.31305851 -0.23537838 0.27749107 -0.11887941 -0.06167089 -0.19720998 -1.38892388 -0.23730654
-0.44184700 -0.15221055 -0.24376513 0.37084633 0.55469754 -0.31424743 -1.32225982 -0.70573543
-0.59660657 0.57713713 0.03563413 0.41851897 0.46456802 0.06764554 -0.04182721 0.18350163
0.28927188 -0.08171484 0.38526326 -0.05463140 0.25263789 0.15602685 -0.83303514 0.26151412
-0.13472408 -0.22262399 0.79365040 0.02758086 0.11692143 0.48206740 0.51171408 0.61202852
-0.08384466 -0.00169811 0.27177977 -0.82843391 -0.38958337 -0.73354895 -0.05048515 0.48188709
-0.68751728 0.81044042 -0.13013439 0.19657354 -0.29047346 0.27968871 -0.89777443 -0.49154726
-0.36771063 0.35924583 0.39877777 -0.65257068 0.05072871 1.23444057 -0.37946450 -0.19025264
0.66933694 0.28385682 -1.17491525 0.16329819 0.72902569 -0.14161341 0.11261079 -0.60197479
0.40471952 0.74744687 0.33936674 -0.99952053 -0.47780805 0.04440990 0.18793176 0.18328369
-0.32149416 -0.86169049 -1.11196235 1.07277761 0.01831774 -0.46681498 -0.94493994 0.15427565
0.22140421 0.02886517 -0.17123007 0.41343200 0.39263562 0.72627440 -0.59770526 -1.07573455
-0.53598868 -0.41280516 0.23693699 -0.23910688 -0.11990189 -1.06263163 0.18623340 -0.45716131
0.02080743 -0.41617599 0.12181719 -0.12472555 0.63345254 -0.23842587 -0.51042299 1.01042813
0.72053816 -0.40568609 -0.16277261 0.23824661 -0.66780650 0.22734157 0.45465211 0.53650417
-0.86046135 -1.13405075 0.13189088 -0.33493724 -0.26687613 -0.35589802 -0.37843761 0.33707667
-0.75773201 0.46703513 0.44413796 0.76413335 0.47674889 0.25893220 -0.86798109 0.00365593
-0.35495173 -0.45220596 0.90450372 -0.32736735 -0.05541641 0.42266987 -0.02592989 0.04454091
0.57585420 -0.62553393 0.07671361 -0.96159451 -0.36587862 -0.35266823 -0.74889768 -0.42722542
0.20609656 -0.18685443 -0.14824739 -0.07445605 -0.66276347 0.71377725 0.33901277 -0.58769610
0.21547932 -0.17603308 -0.93673154 -0.41394401 -0.55587327 -0.53829820 0.72382895 0.33974728
-0.73588525 0.54216527 -0.57675978 0.66266478 0.97389480 -0.12805906 -0.34001453 -0.52602160
-0.80588780 0.19082014 0.07463883 0.16954815 -0.13017862 0.23236218 -0.23319469 -0.15718067
-0.79917814 -0.40891240 -0.51974216 0.63817738 -0.37426437 -0.50243971 -0.23448930 -0.07401744
0.15641791 -0.57151678 0.07864135 0.11738888 -0.67987561 -0.46640501 -0.33386996 -0.20707116
0.00328844 0.06107590 -0.83694895 0.17575296 -0.00372941 -0.25078773 0.37636677 -0.94138996
-0.27359246 -0.95361865 0.30382265 0.79344531 -0.16007711 -0.25593613 -0.22530678 0.00837628
0.70653122 -0.47900848 0.45176828 0.43285011 -1.03368143 -0.11514958 0.34730887 0.90818956
-0.77652451 0.35775964 -0.48469705 0.55940370 -1.68503129 -0.01826351 -1.32071853 -0.01904036
-0.01704389 -0.32203777 0.20169369 -0.56744716 0.16842758 0.50122590 0.56704171 -0.65007277
0.30059029 -0.60592587 -0.03335934 -0.36181739 -0.35971417 -0.32351695 -0.04483172 -0.18675650
0.30244606 -1.16944178 0.43403371 0.19714403 -0.40886998 -0.11208958 -0.53602455 -0.59636503
-0.29246347 -0.35108311 -0.16106026 0.20501910 -0.14334156 -0.40266626 -0.39515837 -0.42848632
-0.50931127 0.89133728 -0.18382529 0.26166641 0.01359169 0.82071147 -0.49371140 0.47202006
-0.23897755 0.38837478 -0.09732285 -0.48621268 0.36638204 -0.31135711 0.38940928 0.41295502
-0.35591313 -0.22694093 -0.24776255 -0.38939165 0.24059151 0.68838841 0.86295019 -0.08960055
-0.27347802 0.04302760 0.15280272 0.50542301 0.29272076 0.62366332 -0.27528625 -0.66626521
-0.10589653 -0.42723160 -0.24992817 0.22965346 -0.86356292 -0.11435214 0.50609873 -0.08614122
-0.21153439 0.12784172 0.63187134 0.07687357 -0.94697995 0.00789623 -0.43568991 -0.17573082
0.10165057 0.27905693 -0.28083651 -0.32635227 -0.35544720 -0.46508479 0.45613725 0.29215042
0.08782843 -0.28792190 -0.60950251 -0.71970795 -0.50720416 0.11693138 0.26757755 0.11113595
0.42007815 -0.69417545 -0.75516563 -0.27284767 0.95828007 0.12612062 0.29488275 -0.12264044
0.66012891 -0.44611522 -1.06953391 -0.01205232 0.25902023 -0.43293578 -0.13238243 -0.02242592
-0.43856887 -0.96027849 -0.17759530 -0.34226441 0.50878890 0.43014607 0.22099637 0.32315837
0.28800275 0.29462723 -0.36452214 0.54389165 0.63378569 -0.42099331 -0.17594994 1.39217513
0.40192385 -0.74849282 -0.45310875 -0.79417666 -0.17118371 0.68285743 -0.64839666 0.76063325
0.09189478 -0.00952612 -0.08986759 -0.01309739 -0.25634869 -0.19927085 0.12484341 -0.51478327
0.28131142 -0.46464723 -0.44024156 0.39188477 -0.44188326 0.36492664 0.02854188 -0.60653721
0.67700891 -0.02740952 -0.38940837 -0.40374725 0.40183073 0.35847467 0.28478868 0.84662288
0.83575725 -0.34366354 -0.46422254 0.07384835 -0.28535664 1.18077539 1.20745925 -0.61137449
0.81629898 0.61677932 -0.33988900 0.03784581 0.21366645 -0.06156795 -0.17531436 0.24281412
0.24907761 0.09991255 0.66911250 0.46858141 0.08055325 0.11442536 -0.09319167 -0.51776617
0.44495443 -0.28818120 0.83231222 0.09027544 0.11122169 -0.28851231 0.02218942 -0.19982442
-0.29594464 0.49348265 0.81820595 0.20603665 -0.52167777 0.33154822 0.17189327 -0.35674696
-0.19045326 -0.24210201 0.01150497 0.50879735 0.06040526 0.62123731 0.11315342 0.55359375
-0.05958270 -0.25253638 -0.20204177 0.26568570 0.11139174 0.67694071 0.29963089 -0.17757341
-0.00263744 -0.77377509 0.28756684 0.55266769 -1.08074308 0.34218741 -0.44092239 0.81831623
0.34177614 0.65738938 0.38522228 0.23544887 0.40640032 -0.30704215 0.11798419 0.10124428
-0.50392615 0.02064584 -0.77704743 -0.57283772 0.40449474 0.18094819 0.30779598 -0.40100396
-0.24856518 0.27220880 0.15506541 -0.15914053 0.93938817 -0.75778113 0.67686300 0.78465618
0.18091448 -0.16718599 0.45453191 -0.25513708 -0.23413116 -0.05832786 -0.38822525 -0.66647281
-0.05276758 0.42163825 0.60800460 0.44731308 0.53772322 0.08406472 -0.14569207 -0.17014567
0.56407336 0.65136173 -0.38010185 0.19749042 0.71452343 0.05821885 -0.93865773 -0.53858150
-0.27810805 -0.15278195 -0.15882827 0.13826960 -0.18813519 0.26198881 -0.33690985 1.01586566
-0.73126286 0.56563365 0.90041829 -0.00931901 -1.08349420 -0.13331299 -0.24357551 0.87989841
0.12534583 0.24166362 -1.01012598 0.01693740 -0.35797627 0.60356002 0.32765589 -0.15287122
0.00749146 -0.27480708 -0.71398027 -0.69915883 0.37885186 -0.08912214 0.00315982 0.91456976
-0.48838725 0.03143256 -0.48314473 0.03935172 0.41087413 0.65719612 0.35391296 -0.22552148
-0.27133285 0.39799898 -0.95005506 -0.21250578 0.51644955 -0.23990441 -0.19123423 -0.62331372
-0.53922349 -0.49990073 0.87170817 0.36840066 0.10062166 -0.16745205 -0.22829540 -0.04845552
-0.32044290 0.76770097 -0.44972984 -0.08782908 0.08719690 0.15491287 0.42088224 0.70446241
-0.11490292 -0.91712209 0.47116012 -0.54265787 0.15705516 -0.83309331 -0.86075205 -0.18695419
-0.31257826 -0.09663990 0.41770369 -0.90399361 -1.49595531 0.63144341 -0.25749315 -0.12597583
-0.28005833 0.04791534 -0.76188998 0.74150080 0.34316728 -0.65925185 0.14301201 -0.45361286
-0.05200741 0.93686957 -0.13632677 -0.42196900 -0.02336936 0.60345289 -0.42318716 -0.11430198
-0.28293617 0.15844256 -0.88837836 0.39022965 -0.25621955 -0.24732623 0.10776438 0.16729926
-0.33465190 -0.01672662 -0.08751534 -0.06060705 -0.24548676 0.27402856 0.34219376 0.08776198
0.14833829 -0.08562431 0.46274982 -0.23230120 -0.74188929 -1.12174476 0.67761674 0.57574992
-0.35047613 -0.74032093 0.26214006 0.78778205 -1.02561797 -0.14419772 0.89147865 -0.42153496
-0.44925352 0.16169739 -0.16245493 -0.57122590 0.06241546 0.37445330 -0.52954045 -0.40043285
-0.10499366 -0.45226389 -0.04272488 -0.59687193 0.23995914 0.08657279 1.02884644 -0.68609678
0.94974535 -0.34551704 0.02627983 -0.23576074 0.40926993 -0.04482929 0.50387524 -0.24915384
-0.75470299 -0.34849412 0.69447955 0.02670026 -0.46055860 -0.73083171 -0.42431268 -0.41462615
-0.20219087 0.53168222 -0.04464662 -0.75630467 0.07885788 0.57001331 -0.10398479 -0.48544003
-0.25393845 0.23433484 1.00223818 -0.50494408 0.67546008 0.45519264 -0.37894319 0.34876790
0.21362391 0.91618922 -0.38860205 0.06570445 -0.41782567 -0.51466358 -0.62753850 0.46308111
-0.33860054 0.52136257 -0.78643326 0.77296670 -0.08216000 0.32574567 -0.24446176 0.46479324
0.17450795 -0.59822924 0.34358931 -0.08804984 -0.27716847 -0.43236450 0.25204533 -0.42687616
0.48053111 0.43899723 -0.02858582 0.08484886 0.08918929 0.09533142 -1.30777922 0.26424853
-0.45018163 -0.24043955 -0.23751051 -0.27701620 0.20399922 0.32709336 0.29039633 0.06729065
0.69363850 -0.02581669 -0.51176276 0.21358114 0.78087582 0.36606796 -0.44719255 0.44646281
-0.25390871 -0.73381522 0.48192479 0.01924070 -0.20434015 -0.81969796 -0.01833533 0.10106366
0.92174819 -0.03515898 0.37802826 0.21796594 -0.43413538 -0.31228072 -0.47696786 0.29284712
0.24885456 -0.25694449 -0.95837801 -0.31589520 0.24204155 0.40373415 -0.49846893 -0.52735037
0.04206044 -0.11755794 0.11164854 -0.82904398 -0.07037790 -0.30333328 -0.59715134 0.67508400
-0.35317900 -0.31305046 -0.24055956 -0.80191440 -0.64599365 -0.11281581 0.05754678 0.80530236
-0.15209787 0.08134805 -1.13063168 -0.67688523 -0.02476919 -0.25661757 0.28923818 0.32706681
0.21484865 -0.90695948 -0.59942990 -1.04441424 0.48759505 -0.32309426 -0.49126439 0.17732246
0.52925167 0.03471147 1.00564809 0.16326980 -0.60884395 0.33412414 0.20146004 -0.15059388
-0.79127037 -0.62229144 0.08183101 -0.74142076 0.42479941 -0.00689891 0.55750393 -0.08427769
0.17751919 0.35428427 0.03725211 -0.64050570 0.45099224 -0.48268563 1.14362197 0.19875971
0.14373703 0.06512793 -0.44247051 0.48184489 0.12425234 0.42504327 0.33472390 1.25828918
0.65709733 0.09763226 0.33176440 0.38172739 -0.24346882 0.25286513 0.15348491 -0.55876768
-0.10710932 -0.00929573 -0.13851102 0.05125535 -1.12314203 -0.75336753 -0.21977697 -0.43726125
-0.78030421 -0.20716938 0.04162408 -0.23188194 0.14869435 -0.75874803 1.18694316 0.30268541
-0.05110379 -0.43319270 0.20442344 -0.06831983 -0.39705275 -0.01055492 0.62842780 0.33148129
-0.50957185 0.48937977 0.16699374 0.43177651 -0.76987317 -0.29732229 0.50853670 0.88333899
-0.54626459 -0.57973985 -0.76549646 0.54357374 0.42253764 0.47948688 -0.53727151 -0.14657567
-0.24348879 -0.51263388 -0.59688930 -0.97510320 -0.57855870 0.30424882 -0.03710906 -0.78285590
0.08738738 0.84520766 0.34739125 -0.40205042 -0.65008673 0.42168525 0.08284315 -0.05343447
-0.07593148 0.38590129 -0.52975993 0.61772080 -0.00049002 -0.12099986 0.26300652 -1.18629824
-0.17184389 0.07624296 0.33203613 0.42339804 0.34833305 -0.69929754 0.19450743 -0.29311796
-0.23548452 0.18487418 -0.45323847 -0.06528936 -0.22447577 0.64834723 0.46157231 0.18251442
0.37767339 -0.82303019 -0.06039055 -0.31029532 -1.08034477 -0.12162121 -0.32419756 -0.53508867
-0.48891303 0.00190089 0.32453296 -0.13755461 -0.02577541 -0.00928638 -1.10117711 0.81131105
0.48559819 0.33203052 0.45306150 -0.50028035 -0.32335361 0.06544954 0.01201830 0.70687639
0.84252274 0.60802572 -0.60685733 0.68340252 -0.19648207 0.46963332 0.68447389 -0.32557024
0.26157578 0.10779172 1.12777784 -0.74395995 0.16318961 -0.35489606 0.04607192 0.03787856
-1.10099583 -0.49224066 0.43750213 0.36204601 1.04751806 0.27960829 -0.35757063 0.76740481
-0.03187692 -0.00391170 0.24199200 0.67383529 0.23028529 -0.49916669 0.05023343 0.19709420
-0.66644864 -0.08100965 0.03625533 -0.19705638 -0.53614513 -0.46134447 0.14210540 0.07126535
0.60306212 0.06567905 0.90770398 0.42998505 0.56337067 -0.57008589 -0.59008429 -0.22913495
-0.46466146 -0.01680085 -0.49740137 -0.40687712 -0.35824577 0.45691048 -0.11915169 -0.42281047
0.04231568 0.40605714 -0.79830264 0.03772688 -0.09291427 0.13285244 0.24115701 -0.44172078
-0.25919379 0.55513266 -0.91380180 -0.25488059 0.14976775 -0.29504983 0.09779356 0.23000526
0.57912510 -0.38341500 -0.74644064 -0.39427292 -0.35033744 0.17021850 0.49123939 0.62283309
-0.27301197 -0.32252636 0.35654670 -0.13833744 0.30151871 -0.16273385 -0.16990067 0.39447670
0.66755732 -0.88671338 -0.60296853 0.73459983 -0.36303585 -0.38189329 -0.29766962 -0.63182271
-0.07031043 -1.00732732 -0.68907119 0.03369435 -0.64325296 -0.14732074 -0.31910089 0.22792105
-0.17126345 0.63157498 0.89798321 0.75299264 0.66214359 -0.38169495 0.69662743 -0.59244101
0.19947142 0.36257746 -0.62333831 0.31926508 -0.74831322 -0.48088267 0.16061816 -0.08994723
0.26030055 0.05362594 -0.84339505 -0.48578155 0.37353895 -0.37807898 -0.24249360 0.83439788
0.26228631 0.50430273 0.34234768 -0.11246901 -0.02079151 0.27052300 0.14118344 1.34792581
-0.49925676 -0.20354903 -0.16246046 0.08919078 0.81569564 0.55228720 0.55728840 0.87197415
1.12553420 -0.37638169 0.03518770 -0.15817021 0.39435567 -0.32217487 -0.27716976 0.11277231
-0.85229816 -0.08013825 0.26575119 -0.27423080 -0.24119446 -0.53405310 -0.28585100 0.98213213
-0.20545357 -0.38116574 0.56677398 0.44305990 -0.09426256 -0.27222072 0.34383213 -0.62887704
-0.10121643 0.60376642 -0.71177414 -0.04224171 -0.11938137 0.36553627 0.63306615 0.13072498
1.15478545 0.35967843 0.70212727 -0.94979560 0.61835425 -0.09518596 -0.81063868 -0.10022469
0.41211107 -0.38268788 0.01576815 0.35388762 0.59336515 0.27666426 -0.19385568 0.20001963
-0.28164366 0.26370121 0.33797541 -0.21803381 0.59570349 0.03006905 -0.38452231 0.09486489
0.23651739 -0.23849477 0.14973658 0.14740310 0.24760733 -0.37072291 0.35450436 0.23572417
0.47450595 -0.07692224 0.13802954 0.15524184 0.32108104 -0.45548509 0.54385857 -0.55491203
0.77030074 0.56898571 0.02110108 0.38930899 -1.10085875 0.35630122 0.32583602 -0.71285206
0.55386869 0.78329345 -0.45028037 -0.22359020 0.49633605 -1.20599197 -0.02285980 0.07653790
-0.20119353 -0.44776628 -0.14388632 0.07247582 -0.53750702 0.98068564 -0.43574212 -0.83286792
-0.25263838 0.01359467 -0.62913799 -0.67188493 -0.48387713 -0.05779680 -0.79299634 -0.82583067
-0.15451316 0.47433369 0.81643283 0.39742278 0.61561433 0.26491073 1.06465232 0.01021459
-0.50868074 -0.55260070 0.24139328 1.53222577 -1.05982029 0.03036454 -0.03253447 -0.50935297
0.02300931 0.82136420 0.13498999 0.09276286 0.57994445 0.06195913 0.27921644 -0.36039241
-0.88260646 -1.03114635 0.26800868 0.32439388 0.79296654 0.48030224 -0.31912919 0.61925735
-0.18247198 -0.63925060 -0.55719733 -0.64391409 0.06495721 -0.20450197 0.30034720 0.77661373
-0.38153695 -0.52516799 -0.15364925 -0.46418416 -0.00701645 -0.17132028 0.01649586 -0.26782419
0.85436298 0.47384058 -0.29960140 -0.46902813 -0.23339102 -0.11888484 0.36679523 0.82963167
0.06738035 -0.48229507 0.86868557 -0.35921206 0.49307378 -0.78269039 -0.85494025 -0.38421671
-0.64589914 -0.21853595 -0.36011160 -0.77530288 -0.06696452 -0.64538050 0.70971791 0.73867816
-0.22035695 0.21786511 -0.27212236 0.66712440 -0.61533525 0.03513931 -0.88988065 -0.21148498
-0.16926751 0.20578297 -0.21671062 0.51726731 -0.14304137 0.00354676 0.54722362 -0.13315613
-0.28444727 0.82250076 0.23042867 0.53026099 -0.69260010 -0.89542776 0.03508520 -0.32673694
0.45651470 -0.30714959 0.24611493 0.23422055 -0.17403366 -0.56540250 -0.08432358 -0.12292464
0.39638103 0.13968829 0.26968330 -0.19657907 0.71223303 0.65722491 1.03288297 -0.40378010
0.02129254 0.77143297 -0.03284783 0.31334741 -0.10787132 -0.47636353 0.56306664 0.49713952
0.28321771 -1.23791879 -0.33071714 -0.27156918 -0.10924963 0.01703383 -1.16908633 -0.70454170
-0.16164565 0.41066900 -0.11687745 -0.04459770 -0.81385321 0.22698177 0.30312522 0.87031670
-1.01403220 0.26441034 0.87471597 0.16718595 0.17727029 0.63101730 0.43368333 -1.04984375
-0.78978655 0.08349749 -0.20237764 -0.40489709 -0.47355241 0.48732046 -0.62311307 0.12857522
-0.11369980 0.12881866 -0.31906410 0.38980197 0.42563564 0.67060569 0.26107881 -0.73363067
-0.28366896 -0.36704507 -0.47121064 -0.19413923 -0.20384524 1.02326195 -0.36006998 -0.53716516
0.00420324 -0.34324193 -0.30449012 0.14823735 -0.83077531 -0.60679581 0.37288570 0.23988327
-0.23817868 -0.49070521 -0.08001010 -0.14838391 -0.35695344 -0.48422165 -0.52575145 0.19868566
-0.02237605 -0.57503206 0.38891395 -0.41104566 0.82601369 -0.22413895 0.00407380 0.27961470
-0.14408201 -0.03463682 -0.04789934 0.52486887 -0.31994624 0.21873146 -0.25911489 0.98791013
-0.01921395 -0.35677612 0.63759395 -0.64466934 -0.63174055 -0.10392362 0.21759957 -0.20272101
0.55393888 -0.03895091 0.32170226 -0.88947471 0.25399187 -0.74047958 -0.00109859 0.44784672
0.19873237 -0.74977794 0.37965688 -0.29078887 -0.38422585 -0.26727999 -0.13166930 -0.52323613
0.06971221 -0.44965159 -0.25236965 -0.17848858 -0.13772793 0.82950318 -0.39492852 0.81410671
-0.06361863 -0.19707854 -0.10008841 0.02195990 0.42068433 0.58156894 0.01502921 -0.09727695
-0.73610846 1.02391086 0.54559463 0.02912738 -0.23416240 -0.39917811 -0.24213694 -0.02376390
0.46589429 -0.11161601 -0.03498499 -0.89518081 -0.11221775 -0.03058879 -0.25080101 -0.72778494
0.39714895 -0.62776737 0.09453065 -0.20341197 -0.15322576 0.29631739 0.00627825 0.27909186
0.11768556 0.23498988 -0.17309629 -0.57024545 -0.32284024 -0.27857245 -1.06542280 -0.58106024
0.08746196 -0.07311960 -0.02344471 0.59668463 -0.60810942 -0.00941606 0.11445763 -1.09296846
-0.06099773 0.23832097 0.03710640 0.46259022 0.12410779 -0.40771498 -0.13965049 -0.89162799
-0.22804171 -0.30031604 -0.34288111 0.47411307 -0.01732907 0.67097897 -0.72783243 0.13520262
0.64921276 -0.11926301 -0.28904698 0.04885389 -0.17645659 -0.33267724 0.78606670 1.00000375
-0.09967951 -0.59977241 -0.23106907 -0.31581004 -0.48327867 0.38653797 1.35622533 -1.40542632
-0.52957808 -0.39160810 -0.28392124 -0.65496886 0.32364892 0.17422135 -0.07337241 0.04378204
-0.07543751 0.32964998 -0.43802682 0.37514761 1.22159966 -0.18857480 0.06103061 0.01269555
0.41765083 0.04348014 -0.12513302 0.45823532 0.25164909 -0.20683600 -0.39199067 0.30893943
0.01935357 -0.05145540 0.66543524 0.58510198 -0.25002326 0.14786597 -0.09771880 -0.32435578
-0.38221563 -0.08369366 -0.41376045 0.74142960 -1.37622223 -0.33743096 -0.17829785 -0.05093661
0.31492337 -0.07540007 0.74452640 0.55995555 -0.11011246 -0.41366496 -0.00385102 -0.54720172
1.10385621 -0.13035016 0.35780961 -0.68670132 0.57350917 0.55192470 -1.38196986 -0.54881765
-0.28195142 -0.58044368 -0.43176413 -0.14635971 0.55893380 -0.20713959 -0.38827572 0.61720305
-0.02401759 0.66912127 -0.30837273 -0.11545173 -0.76117854 -0.58513923 0.13558687 0.97995996
-0.82007513 0.48711848 0.83102443 -0.19725039 0.98292768 0.36228883 -0.04875563 -0.57234816
0.58112445 -0.79023372 -0.23492403 0.27262010 0.14102541 -0.05584109 0.19232907 -0.82052006
0.31537375 0.98574587 0.02341766 0.05656009 0.82439254 0.80132016 -1.21652521 0.46173335
-0.24639036 -0.96733462 -0.11690405 -0.40368218 0.29259713 0.34456915 0.02513881 -0.31288527
-0.25226075 0.24645712 0.18370802 0.40239473 0.40600384 0.25173932 0.68405864 -0.78937419
0.41706273 -0.30064123 -0.80786746 0.76057377 -0.40267467 -0.10982518 0.19765871 -1.39837235
0.28122902 0.61818343 0.69765424 1.18461505 -0.51748138 -0.01846816 0.37329044 0.63551963
0.55455506 -0.63028120 -0.76530850 -0.54362486 -0.84067759 0.32866984 0.74061905 -0.49303729
0.96540522 1.07342898 0.33290023 0.11230545 0.44310382 -0.81601237 -0.51650508 -0.50045333
0.54086591 -0.39812308 0.75193525 0.52466313 -0.24149932 0.67916259 0.07945280 0.58957504
0.58932750 0.42700274 -0.69919168 0.14974115 -0.38341415 0.13186992 -0.18179785 -0.00319878
-0.45505985 -0.31209551 -0.04937875 0.51498083 0.86081972 -0.26320025 -0.33424240 0.10581163
-1.15947569 0.37227181 -0.49638911 0.13505118 0.33201927 1.15562336 0.38539673 -0.07652053
-1.01272632 -0.38391530 0.01006396 -0.16004345 0.55988701 -0.57846070 -0.42584443 -0.08365397
-0.46512136 0.16274528 0.54675199 0.73345246 0.57947156 -0.20702361 -1.13066549 0.08159985
0.81086351 0.92468806 0.12424661 0.26833029 0.57979000 -0.32708415 0.99356910 -0.07812100
-0.20192566 -0.21957482 0.53260031 -0.45710007 0.06345436 -0.62277605 0.35971520 0.05687110
0.65410219 0.92421605 0.29282052 0.43010805 0.44865682 0.57377366 0.45518032 0.44682346
-0.11121553 1.02428175 -0.54358198 -0.23900532 -0.52247812 0.73220083 0.43700241 -0.75653009
-0.14183977 0.22027825 -0.00779683 -0.77844131 -0.26373753 0.34302352 -0.10189511 0.13230572
0.19187830 -0.10437917 0.47528969 0.22891143 0.32738330 -0.48997907 0.88787856 -0.54404826
-0.09557017 0.96438934 0.38595544 -0.72580307 0.77026775 -0.07140237 -0.00156514 -0.10910976
-0.95462370 0.45613010 0.65573841 -0.06495672 0.31427239 0.45876867 -0.98792297 0.31886073
0.49342022 -0.01995562 -0.53247822 0.05866168 0.12465422 -1.17773103 -0.16514557 0.19254537
-0.54878244 0.36848795 -0.67432372 -0.34284919 -0.13137672 -0.23460713 0.16627248 0.30068193
0.28326681 -0.66297396 -0.16180144 0.66175967 -0.04003706 -0.27838625 -0.52112986 0.48874938
0.28802476 0.47655675 -0.98434508 -0.74172099 -0.89977655 0.48068600 -0.19741730 -0.11510212
-0.06837502 0.70363578 0.16921452 -0.20500426 -0.52062736 -1.34201300 -0.13226038 0.88767231
0.96359821 0.25999845 0.79070416 -0.95399970 -0.37376533 -0.59071991 -0.24933813 0.01112183
-0.28598656 -0.04509706 0.32376169 -0.18999519 0.23070833 -0.60409503 0.43267971 -0.73099806
0.07819506 0.83470116 0.20318121 0.58060746 -0.42226386 -0.72458365 0.54052532 -0.14154129
0.16423512 -0.21375570 0.31915643 0.17499252 0.65492334 -0.01587712 -0.08031263 0.60007477
-0.36413120 -0.40065967 0.01515901 -0.71124761 0.12676910 -0.49404677 0.51391718 0.59025378
-0.20323600 -0.27658910 -0.33071717 -0.55203173 -0.24741288 0.18702520 1.46169377 -0.36729463
0.29184580 0.74450648 -0.18946162 -0.87713722 0.26898368 0.16728142 0.01303985 -0.25249456
0.22655667 0.06306412 0.26424762 -0.04806588 0.69489196 -0.10911233 0.88146625 -1.30301915
0.99776539 0.10503592 -0.21768706 -0.13095970 -0.45716145 0.41879151 -0.25593386 -0.77266584
0.43370379 0.06437927 -0.44565003 -0.16064484 0.73499591 -0.58585847 -0.05693331 0.08538888
0.33352136 -0.08705047 0.59975787 0.85563441 -0.17219953 -1.24866599 -0.02137999 -0.47751503
0.91406724 0.38195412 0.15126203 0.19601516 -0.31517463 0.76405334 -0.59089118 -0.05876175
0.31571103 -0.46211956 -0.26353031 0.45312672 1.28624554 0.17446524 -0.80788279 -0.37898602
0.06012955 0.27569135 -0.11324239 0.87449260 0.10127048 -0.30429178 -0.21742134 0.11595902
0.37702877 -0.47388754 0.19759166 0.10031127 0.33780570 -0.43508297 -0.47462130 0.49267846
0.19377195 -0.08985721 -0.39427604 -0.32549546 -0.06158980 0.69723803 0.10833718 0.59289856
-0.01365339 0.27158843 0.35825330 -0.24190209 0.47813020 0.61976513 -1.00354586 -0.42252476
0.16523432 0.15737985 1.19161770 1.04351385 0.33875345 0.52946654 0.26199354 -0.34687808
0.09806589 -0.71977999 0.02219152 0.22572851 -0.59376011 -0.74116288 0.12418145 0.00050475
0.84447855 -0.38551996 -0.23642272 0.50465442 0.29428665 0.67074904 0.31195261 0.10612600
-0.03317085 -0.31818097 0.15015097 -0.38919024 -0.07683188 0.09032766 -0.07803737 0.14227569
0.53260466 -0.43067245 0.07395865 -0.00962038 -0.79492857 0.80315445 0.33919898 -0.35571529
-0.53800778 0.15897379 0.72590098 0.61538635 -0.19826676 0.68569115 0.06296308 -0.71698148
0.83155397 0.18899279 -0.46622528 1.27100084 -0.01383586 -0.19703942 0.71762167 0.17538317
-0.44044368 0.81451857 -0.00138494 -0.66647221 0.02733119 0.27729443 0.18772497 -0.46076684
-0.32845446 -0.07258151 0.19611658 -0.64683051 0.26726314 0.56095318 -0.00635208 0.58140048
-1.09497267 -0.26857248 0.05602238 0.35846230 -0.41544807 0.46163143 -0.77332245 0.61450133
-0.58454242 -0.80239429 0.88291472 -0.14120106 -0.13123742 0.27870643 -0.00661183 -0.33166779
0.13715376 -0.21963212 0.00697466 0.40134873 0.01060381 -0.59407812 -0.52072893 -1.10999770
0.19934057 -0.01307198 0.04229198 -0.33223473 0.75293732 0.17554378 -0.13635343 0.02146799
0.76449191 -0.29604609 0.17044441 -0.28712228 -0.31148478 1.38639928 0.41453650 0.19026517
0.23435449 -0.23376774 0.21886340 -0.20205958 0.00254258 0.14353442 -0.60271090 -1.11531375
0.57020780 0.32101908 0.30480031 0.88349896 0.41531194 0.91402388 0.93520225 0.39705591
0.22698518 0.16441163 -0.62629300 -0.77482982 0.01716543 0.40321235 -0.56313281 0.40733107
0.26843877 -0.44995607 0.34262094 1.29540848 0.12799449 0.59361055 -0.45130778 0.36659483
0.42510953 0.44395305 0.55843286 -0.31921868 -0.17196392 -0.43614846 0.54657567 0.24546511
0.01939991 0.16245149 -0.28879045 -0.14727675 -0.49967284 0.30279496 -0.01164109 0.50133446
0.18585295 0.04709878 -0.38948421 1.06858395 0.63242794 0.52917223 0.34767614 -1.00558161
0.40841520 0.97282332 0.01368118 0.04116239 0.38717815 -0.54060551 0.03699228 -0.58572343
-0.19740503 0.41161794 -0.38049205 0.55172987 -0.64456280 0.60182278 0.58936613 -0.69793097
0.05467591 -0.20581101 -1.09106376 0.68226839 0.60668254 0.26727360 0.09953063 0.89753676
0.25995748 0.00628855 -0.73312162 0.14713903 -1.18518003 -0.26768238 0.78338233 -0.05374332
-0.07405369 0.09968567 -0.06765544 0.06825968 0.24478149 -0.34289651 -0.04328738 0.20092456
-0.10044080 0.02961164 -1.07828204 0.28016672 -0.07635341 -0.31396483 0.68158228 -0.00128744
0.16583797 -0.04126173 0.03640090 0.94659587 -0.24466998 0.47101280 1.06857277 -0.44012566
-0.31308119 0.56119335 0.17294829 -1.09343061 -0.38199339 -0.39293934 1.03639039 0.02788759
0.68358335 0.75258891 -0.07257244 0.63960959 0.96651153 -0.41877905 0.15202704 -0.20534820
1.69413517 -0.19381205 0.52220827 -0.16620837 0.13705184 -0.30865249 -0.46354973 0.05904825
0.16971861 0.07102063 -0.20855726 -0.08685251 0.33346656 0.93001134 -0.10552459 -0.10511435
-0.26695692 -0.22920945 0.14529885 0.09646138 -0.11271945 0.34499372 -0.01527966 -0.57028805
0.81740432 -0.15065090 -0.31165337 0.19059470 0.69833349 -0.67194922 -1.77965009 0.16372357
0.79050762 0.16279178 0.70428477 0.97758754 -0.66728202 0.47984933 -0.56906519 -0.52850685
-0.52429345 0.85459805 0.00274246 -0.98344862 -0.42219367 -0.15851832 -0.56137237 0.44912105
-0.28865126 0.16223217 -0.62076780 0.23785302 -0.44144689 -0.25498708 1.03357550 0.16550821
0.91555568 0.10376096 0.10700897 -0.60876729 0.14170013 0.93515495 0.11891777 0.02691206
-0.15861821 0.47759465 -0.50267499 0.72733068 -0.51550867 -0.05788969 1.01700752 0.02014343
-0.94144388 -0.68053440 -0.78001695 -0.34040214 -0.05908714 0.20578332 0.19424970 -0.53560632
-0.60003966 0.48547657 0.49291783 -0.76332115 -0.03035562 0.46934556 -0.29231548 0.03664770
-0.33001577 0.32424963 -0.20614234 -0.45411469 0.30326235 -0.57410905 0.09175649 -0.05526864
0.05634981 -1.64120327 -0.18110968 0.00169996 0.69579518 0.15056117 -0.50091618 0.81321732
-0.34371188 -0.21171535 0.19234093 -0.10237758 0.48415974 0.56976552 0.87133017 0.68800645
-0.22919149 -0.53347102 -0.96243550 -0.66322166 -0.65080643 -0.05198028 -0.52402717 -0.39127304
-0.71781319 1.29535568 0.46745038 -0.35832826 0.63948252 -0.43249694 0.34784592 0.04973661
-1.51773080 0.27199480 -0.50997710 0.76570959 0.67521142 0.24229399 -0.31937402 0.89824041
-0.71923880 0.04661485 -0.49701461 0.51933718 -0.52542643 0.01991725 0.21863171 0.25776006
-0.40296136 -0.15217989 -0.05852390 0.63471189 0.00928432 0.19738177 -0.06586755 0.62555491
-0.31472931 0.42732481 0.75478147 -0.33078015 0.49414710 0.23718999 -0.46794529 0.66586733
0.13899236 0.20856382 0.16316579 0.90984197 0.30088460 0.01353507 0.18892550 -0.38439587
0.12834520 0.51190098 -0.06252504 -0.71212572 -0.54027671 0.49311600 0.18335779 -0.75653820
0.01646343 0.40576173 0.01512288 0.13963968 -0.09192548 0.19113925 0.35982625 0.07677315
-0.86755041 0.28056738 0.30806464 -0.00809032 -0.35636806 -0.27400541 -0.45041587 0.07341222
-0.45191521 0.25868673 0.32174162 -0.20274483 -0.24255007 1.07455892 0.58489061 -0.31961402
0.43130815 -0.38323506 0.32457040 -0.82487570 -1.10151692 0.48138545 0.29899448 -0.62479868
-0.01324528 0.29879640 -0.18788075 -0.05881192 -0.24951733 0.18835938 0.01136105 -0.92636519
0.82472472 0.10632244 -0.21466975 -0.37186591 0.08125367 -0.02941082 0.43778102 0.87639783
-0.23894895 -0.16536460 -0.78526014 0.03184397 0.68519713 -0.06293670 0.10122906 0.08509533
0.43627378 -0.25454342 0.86662127 -1.00416040 -0.54736774 0.07741870 0.11344989 0.19278619
-0.02533908 -0.00135007 0.92025392 -0.82099977 0.24141537 -0.47886737 0.21648629 0.77712171
0.29890027 -0.19545668 -0.73713546 -0.06084676 -1.03271537 -0.14428695 0.01989729 0.62695435
0.15879829 -0.16553817 0.85849390 0.11649444 0.00157037 -0.30758360 0.17768440 0.32124485
-0.12698826 0.17028059 -0.31482861 0.03344258 0.19893125 0.34029449 0.25751230 -0.20835073
-0.26345562 0.35069083 0.61158113 -0.41300887 -0.37148356 0.48306403 0.13594519 -0.64738508
1.18131668 -0.10025933 0.91624767 -0.17238572 -0.91929402 0.50501963 0.75155619 1.05564676
0.09163693 -0.28966754 0.17788091 0.17596642 0.64183359 -0.56282866 -0.06990509 0.57505333
-0.78032794 0.76579714 -0.44399793 -0.34313816 1.00890119 0.63460930 -0.38787448 0.89215040
0.75476389 0.47513913 -0.17939674 0.20983467 0.35102440 -0.10627257 0.15432534 -0.17391855
-0.56473217 0.34463098 -0.45470002 0.33769203 -0.74036008 -0.25490052 -0.27513857 -0.25324590
-0.80044311 0.82285905 -0.10854038 -0.44168908 -0.72138994 1.05980313 0.31022103 0.23851750
-0.35178352 0.07414899 0.80813783 0.21508937 -0.07559586 -0.28420484 -0.62737962 -0.04384682
-0.26184319 0.49751947 -0.43462466 0.00429399 -0.30932871 0.25526571 -0.26391574 -0.08611883
-0.43813455 -0.08830450 -0.51172562 0.22607345 0.54040781 -0.44977145 -0.38813615 0.27708301
-0.55906313 -0.48903877 0.44681469 -0.42072392 0.17834658 0.63133988 0.36929757 -0.52888773
-0.01160739 0.30658684 -0.48585713 -0.29985406 -0.23878703 0.35754633 0.71741826 -0.57999997
0.47202892 0.38490851 0.27420638 -0.08808751 0.28396257 0.63433891 -0.69660205 -0.48807842
0.31746232 -0.24738168 0.11780353 -0.66306985 0.46262841 -0.73054626 -1.02270097 -0.63662528
-0.02949688 0.62575998 -0.03467937 0.42877872 -0.21406369 0.30860618 0.50577043 0.38707419
0.31526588 -0.64341510 0.20132754 -0.35268074 -0.14006878 -1.12499903 -0.45231885 -0.63072153
0.47865722 -0.31029202 -0.82504609 0.13466540 -0.83956402 0.48195796 -0.09939998 1.38751069
1.16509361 -0.26544775 0.39541099 0.08836484 -0.10551368 0.41648538 1.05964903 0.30186049
-0.42547350 -0.31160078 -1.34120458 -0.92848351 -0.49318222 -0.77741440 0.50633236 -0.19596023
-0.51196110 -0.51214378 -0.15196040 -0.65718018 -0.21694983 0.42597345 -0.26096861 0.51546506
1.01730510 -0.04479785 0.06073493 -0.57858460 0.47615472 0.62300188 0.01199197 -0.15993907
-0.04508537 -0.48609861 0.52852153 -0.52142088 0.43650286 -0.56004189 0.17273196 0.13410405
0.38519184 0.97135942 -0.63219353 0.44225744 0.25029702 -0.62228145 -0.79546988 0.43787251
-0.46248212 0.20424955 -0.04923910 0.60779618 -0.47831555 -0.22663731 -0.00517064 -0.21775062
0.31306456 0.37889705 -0.54495581 0.07882258 0.83991614 0.02680393 0.57555596 1.11807637
0.98230412 -0.40492242 -0.53282115 0.88261860 -0.73351762 -0.56954980 0.20064667 -0.24493833
-0.32920121 -0.22372617 0.18389263 0.92951695 0.13472693 -0.41141560 -1.32542650 -0.11755060
-0.13148748 0.59775583 -0.18727132 0.22502363 0.65875740 -0.33461402 0.08374548 -0.67927955
-0.03701093 0.00695339 0.39326718 -0.51370153 -0.26062355 0.09851644 -0.28668317 0.12475012
-1.15696036 0.09836219 -0.18992079 0.17855613 -0.78580903 0.60722120 -0.63827442 0.45300306
0.31653360 0.45789098 -0.42742299 0.21766102 -0.09165069 0.66696440 -0.85751116 0.80153814
0.01624580 0.88268142 0.55928533 -0.61459785 1.07784309 0.82095413 0.58838971 0.18829122
-0.82087180 -0.65977609 0.29215149 0.19252038 -0.05628001 -0.24490533 0.50367851 0.91724965
-0.11895591 -0.21690008 0.39651656 -0.11246786 0.22761913 -0.41336558 -0.02987722 0.00582391
-0.49142735 0.51674794 -0.20304167 -0.34892903 -0.29472882 0.09407458 -0.23058176 0.11103008
0.13476467 0.17808763 0.20048243 0.44846058 -0.41335495 0.16327529 -0.32974052 0.32663592
-0.16990500 0.82571409 -0.41668753 -0.61724575 -0.68997586 0.17838955 -0.33207443 0.54996909
-0.49426280 0.05393791 0.04495982 -0.25279659 -0.04397190 0.31911402 -0.08793845 -1.11649703
0.19398408 0.76923662 0.26542070 0.66403662 -0.32424122 -0.71981030 0.15886271 0.70840506
-0.09849332 0.09928297 -0.09283062 0.15732255 -0.05941618 0.37008128 -1.49515845 0.68040924
0.11876788 0.01325471 0.12319887 0.22828086 0.13425591 0.04284557 -0.84012057 0.22281790
0.71936014 0.09811822 -0.92851209 -0.63214321 -1.37891717 0.10769593 0.18197740 -0.90565472
-0.28731670 -0.25293760 0.76655664 -0.28913665 0.41391838 0.40201405 0.12847593 -0.17763949
-0.56644940 0.70737879 -0.51325582 0.03456835 0.32987254 0.24839277 -0.42588192 -0.24872001
0.39050923 0.07579600 0.23113669 0.07015372 -0.14555404 -0.33171249 0.04651689 -0.23265247
0.67357422 -0.62166401 0.80366366 -0.80080812 -0.19559629 -0.14471977 -0.35553186 -0.32160504
-0.13371525 1.07713828 -0.82905590 -0.39447486 0.13319493 0.61603693 0.86411187 0.03165721
-0.34750073 -0.17344123 0.32824715 -0.63319563 -0.43193064 -0.14053704 0.15142543 0.27810516
-0.17712867 -0.25716846 0.22376892 -0.69549076 -0.69793224 0.02473235 -0.28331302 -0.09339835
0.46916611 0.27240974 -0.40271635 -0.19072776 0.25733623 0.08457689 0.29846101 -0.30345182
-0.52598851 -0.10911230 -0.16385963 -0.35313115 0.30819616 -0.95112896 0.75192810 -0.48191289
-0.17275924 -0.58564244 0.06159831 -0.10207365 -0.55946962 -0.43444959 0.03111362 -0.42005205
-0.53541638 0.12760189 -0.21885677 -0.29226187 0.04778437 -0.41776797 -0.77560279 -0.23758661
0.08457940 -0.69432848 0.18704230 -0.67123157 -0.11941291 -0.99818343 -0.43708487 0.37361089
-0.40363362 0.36625803 -0.32988779 1.07382805 -0.38372496 0.62688466 -0.19052655 -0.25751566
-0.26149166 -0.23975589 -0.57772433 0.13941253 0.62312055 0.50970692 -0.74833099 0.16772606
-0.07861378 -0.24205218 -0.25315476 -0.21090507 0.63382523 -1.01894759 0.25346692 -0.71595206
-0.57719124 0.36223267 -0.16705995 -0.42704796 0.19109284 -0.78271353 -0.41946493 -0.11082502
-0.43827109 -0.08215524 0.49548844 0.49858151 -0.35944565 0.68465337 -0.04701157 0.86886186
0.05679916 -0.53377973 1.03058213 -0.65908712 0.72673205 0.24140153 -0.10011649 0.55449071
0.22800364 -0.38335353 -1.11703077 -0.81265883 -0.15978767 0.82229441 -0.09120058 0.26218187
-0.22150799 0.77137676 0.52189037 -0.23545828 0.07991062 0.04236283 0.34922783 0.07212250
0.58070293 -0.07855906 0.07588378 0.35119888 0.09653641 0.31497495 -0.56622614 0.44264406
0.14185392 0.15049134 -0.73320726 -0.04781514 -0.18518007 0.40758387 0.38397634 1.06951417
-0.48309237 0.33265810 0.65176540 -0.63405667 0.21739006 0.13239015 -0.03645846 0.09384556
0.48523728 -0.08357665 -0.43157608 -0.46965277 0.61825980 0.08053385 0.51153938 -1.03216239
-0.90790334 -0.35971075 0.23872030 -0.32739939 0.18472987 0.17644226 -0.83025270 -0.74647380
-0.38765253 -0.31761593 -0.78764389 0.11070432 1.24216184 0.11963814 -0.09341381 -0.37816146
-0.09022685 0.56134301 0.42711453 -0.52752164 -0.33985209 -0.32105980 -0.28301451 0.33395887
-0.76359855 0.34369560 -0.26361074 -0.17377169 0.50500273 -0.10073110 -0.31509725 -0.45452114
-0.73565312 0.53383419 -0.36355194 -0.42266709 -0.02929625 0.99841397 -0.51086896 1.24098336
0.65606892 -0.20650381 0.00169830 0.19181048 1.13827821 -0.12034113 0.62049630 0.16721889
-0.56794444 0.44396660 -0.13106366 -0.35991941 0.43716718 0.09879915 -0.56408331 1.05342551
-0.03565784 -1.05753019 -0.31023567 -0.34282079 -0.62854064 -0.30089784 -0.18023992 0.12670016
0.30643871 0.08360647 0.41390557 -0.40734155 0.21671173 -0.32319825 0.40908471 -0.85641028
-0.61787524 0.45644032 0.77487605 0.40808934 -0.48022448 0.36616399 0.68763142 0.07107093
0.50316622 0.77228102 -0.73124075 0.85656179 -0.15863198 0.53979704 0.35223348 -0.04039755
1.34825709 -0.32003821 0.27893399 0.27299795 0.20046831 -0.90647263 0.85981609 0.04650449
0.16686314 0.70159972 0.47691817 -0.19202291 -0.15937453 -0.41711765 -0.37992212 0.01583066
0.17284208 0.06913609 0.18824286 0.06993550 -0.09369256 0.54092085 -0.07213976 -0.25738899
0.39914289 -0.30201190 -0.09810295 -0.47371388 0.09854295 0.25037810 0.48517396 -0.81459875
-0.23748449 -0.27939980 -0.27871886 0.17121529 0.61991474 0.31212343 -0.25892463 0.14628209
-0.11808493 -0.53540634 0.00321404 0.09068103 -0.43011227 -1.22226133 0.31865268 -0.31631513
-0.03832811 0.11738575 -0.54195846 0.44892958 0.14055654 -0.60550845 0.82532591 0.77330332
0.52061079 -0.18882888 0.02215393 0.07469707 -0.63395248 -0.43213711 -0.18430540 -0.36652021
-0.23119071 -0.12526310 0.17570884 0.11068763 1.10883953 -1.10497861 0.49329420 -0.56578874
-0.43320886 -0.01416900 0.53910144 -0.30351267 -0.12471367 0.25191116 -0.81292216 0.03330530
0.50515936 0.52992036 0.43345707 -0.43223153 -0.20656931 0.19602947 0.82058141 -0.25883205
-0.49213453 0.19908272 0.63223314 -0.06292300 -0.41486001 0.06173695 -0.37547807 0.47312959
1.03868556 -0.14434729 0.38266209 0.16333468 -0.20386470 0.57492347 -0.20993393 -0.30039977
-0.30484395 0.06241222 -0.32641699 -0.70701653 0.02084925 -0.36442498 -0.71819959 -0.81491315
0.01557783 -0.43899163 0.19913531 -0.13831183 -0.05459603 -0.45673657 -0.15020239 0.08270976
-0.25221799 -0.95724860 0.37227140 0.25087501 0.00734238 -0.48148704 0.00188811 0.21275632
0.51052215 1.17227443 -0.11246631 1.04308459 0.62907215 -0.27206541 -0.05215995 0.06745937
1.06100003 0.42562775 0.56514018 0.44527627 -0.13314670 0.68795381 0.30913747 0.70477991
0.34274363 0.49151674 -0.70127763 -0.61453571 -0.70160182 0.05817821 0.18748908 -0.50234185
-0.34634099 0.03610339 -0.54461724 0.24689276 -0.69749020 -0.48839594 0.14302617 0.22943515
0.93404782 0.27026020 0.45377975 0.34129684 -0.14777647 -0.49387512 0.06621805 -0.44267432
0.98359158 -0.14694576 -0.29460247 -0.20119588 0.77223124 -0.42056425 0.42058796 0.05728882
0.39154906 -0.33667260 0.45717403 -0.46855040 -0.43404352 0.24403271 -0.42752505 -0.29102964
0.73362829 0.31698242 0.08619686 -0.26460650 -0.02887835 0.14477689 0.30462331 -0.67164656
-0.05641161 -0.82753152 1.26508470 -0.11464001 0.52946630 0.69162341 -0.00594845 -0.99279639
-0.09619397 0.12367397 -0.41721747 0.23278939 0.22819006 0.33665885 1.11681358 0.06055004
-1.01604595 -0.12734749 0.29906586 0.28496106 0.27991619 0.07018677 -0.05959515 -0.63755744
0.52966262 0.05219599 0.16724478 -0.54718072 0.27774146 -0.77383824 -0.01912179 -0.33317782
0.37208605 0.15267832 -0.63542801 0.13833961 0.00362748 0.22320820 0.57187874 -0.12009805
0.42930152 -0.23103589 -0.17925167 1.35052240 -0.24814250 -0.51344774 0.18707868 1.14778954
0.12545823 -0.22918968 -0.33415963 -0.41975947 -1.34080475 0.14200784 0.14019478 0.47835373
-0.16901763 -0.42588046 0.12491663 -0.16615359 0.07740151 0.64250530 -0.26907325 -0.39427373
-0.14545132 0.16687478 -0.55493472 0.01404910 0.25265677 -1.07733754 -0.54464656 -0.11759636
-0.66467399 0.04432267 0.90194664 -0.53022151 -0.29103198 0.06783283 0.14606221 -0.20828734
-0.15057723 -0.05404480 0.32960385 0.05905693 0.42056437 0.01402455 0.31532776 -0.47363223
0.15808637 0.06790862 0.86586294 -0.69021986 0.01869533 -0.66398063 0.88532921 0.71854696
-0.25232239 -0.12402709 -0.20438097 1.21201308 -0.26535218 -0.19371991 0.18008637 0.39836683
-0.15885747 -0.83276675 -0.68859892 -0.48997936 -0.25578863 0.07507730 0.13645607 0.34034102
-0.03652051 0.67485457 -0.25681430 -0.24635689 -0.06835122 0.16249859 -1.29109591 1.08258495
0.59056597 0.45087210 0.10645354 0.08488861 0.08920730 0.06036828 0.62077206 0.50023267
0.52441699 -0.21907361 0.18634109 -0.90477722 -0.41052731 0.80126403 -0.85742315 -0.35400090
-0.26105287 -0.37955220 0.00873188 -0.27789501 -0.29474082 0.21715862 0.10449079 -0.55675744
0.75380538 -0.09883997 -0.85038557 -0.19000456 -0.13717652 -0.51079898 -0.09001187 -0.03820672
0.50464957 -0.11776246 -0.30277000 0.38698536 -0.09843710 -0.24043254 -0.61438846 -0.04374360
-0.40001108 0.12400117 0.12512205 -0.27417972 0.04776453 0.31878447 0.98564029 -0.32375505
0.13421804 0.55998307 -0.25760167 0.24571924 -0.39615035 -0.43320026 0.36075496 0.22973925
-0.17722495 -0.34222449 1.24978211 0.28856063 -0.05061271 -0.15392373 0.59027682 0.26422126
0.45623853 -0.34875679 0.89789512 0.49826667 -0.60740580 -0.09999604 0.57864696 -0.18455795
0.28496086 -0.29917884 0.43199422 0.64984861 0.34866574 0.69116267 -0.46836261 1.49640158
0.66634697 0.14492492 -0.24043995 0.01320234 1.05540836 -0.36179001 -0.04598813 0.20603964
-0.09821124 0.23909049 0.38679616 -0.21925532 0.29046506 -0.17626080 -0.11360235 -0.22812051
-0.03231842 -0.47448146 0.22215459 0.60780060 0.01139356 0.98034747 0.43854324 0.06916138
0.84391644 0.87871610 -0.29991882 -0.17246936 0.26096373 -0.12805444 -0.61239230 0.36391179
0.47530557 -0.08873238 0.22082007 0.52127556 -0.07872752 -0.40305522 0.36259610 0.15122448
-0.35661614 0.13715152 0.16414402 0.37713673 0.31662667 -0.22130659 -0.18505236 0.64917102
-0.48489648 0.43735317 0.03224351 -0.20007139 -0.85628215 -0.11004622 -0.26379284 -0.21009436
-0.35380787 0.59841840 -0.22448945 0.15935069 0.14531353 -0.03471722 -1.17297214 -0.08438256
-0.03895466 -0.25743203 -0.19860548 -0.60290258 -0.13463095 0.69793937 0.32467787 0.31742292
0.26118844 -0.20258289 -0.60200294 0.82677294 -0.32695817 -0.59141679 -0.04914485 -0.20442078
-0.47387840 0.36830849 -0.59308932 0.58351371 -0.80320838 -0.03098474 0.68041911 0.37668514
-0.21514213 0.13472449 0.18542321 -0.28357416 0.23700101 0.70815472 0.31766009 -0.13339817
-0.38736012 -0.00068302 0.25133005 -0.97472450 0.33758559 -0.11632362 0.67872144 -0.15385346
-0.83973887 -0.08479349 -0.43809712 -1.35228220 -0.39610501 0.85206435 -0.17567882 -0.25573910
0.34922458 -0.00934393 -0.00965794 -0.09731855 0.11178296 0.98469712 0.35173874 0.67326317
0.14853506 -0.55448399 0.29224368 0.04683166 0.48348214 0.32636765 0.49127220 -0.57282502
0.04458263 -0.15634367 -0.26661258 -0.02179348 -0.18945121 -0.58355448 -0.27880982 0.44487569
0.48043835 -0.01295876 -0.04172041 0.42305725 0.12166103 0.20966660 -0.40440648 -0.59111124
