0.40760719 -0.01471923 0.20302226 -0.88779727 0.10545834 -0.70461390 0.09362269 0.55594238
0.65066676 0.51294935 -0.03253186 -0.55703492 0.55455151 -0.27014558 -0.14181327 0.08227051
0.36326481 -0.03713308 0.20049700 0.48474049 0.27782490 0.28086892 0.46496683 -0.45034841
0.29894359 -0.57952588 0.38618464 0.75789784 0.02684016 -0.05197227 0.78142892 0.55696907
0.02421695 -0.00245254 1.23852854 -0.33622609 0.11181239 0.48493299 -0.70255830 -1.14349654
-0.46030766 0.42449093 -0.83124705 0.74512393 0.02778076 0.66906200 -0.36778011 -0.48157108
0.82173542 -0.06897040 -0.31240098 0.81042661 -0.04976194 -0.13168226 -0.50014964 0.45393026
0.18541581 0.83555929 -0.11167684 -0.22600091 -0.76638489 0.04382673 -0.27745977 0.91992221
1.13139268 0.09843953 0.33172855 -0.61058301 -0.63499868 0.37042207 -0.02092654 -0.21475716
0.11162468 0.71155909 -0.72409378 0.47889012 -0.66808952 0.33137440 0.40363507 -0.14945945
0.20136412 -1.02602712 -0.36840791 -0.41748723 -0.41640132 0.55869899 0.25665482 0.34440419
-0.59989467 -1.07611789 -0.22629587 0.50450809 0.10524761 -0.52579507 0.09791980 0.32380612
0.12245127 -0.19503828 0.40103839 -0.59791302 -0.39722711 0.41123221 -0.46162233 0.66493846
-0.31938582 -1.05989467 -0.37745381 -1.11861003 0.89394154 -0.06829163 -0.23011186 -0.25781643
-0.59598927 0.56691907 0.33387842 0.90476038 -0.91354783 -0.24086073 -0.04656510 0.30917316
0.17537826 0.03233898 0.07524040 -0.30626713 -0.12708299 0.06629994 0.43250279 0.42153863
0.21392574 0.59366604 0.19919322 -0.10459386 -0.66883487 -0.14344922 -0.17031498 -0.28701696
0.64991323 -0.52219889 -0.16615645 0.01235897 -0.76189086 -0.05446300 -0.21781407 0.28546146
0.08717956 -0.24242649 0.60614714 0.12115481 -0.33137873 -0.56912652 0.09525355 0.67206751
0.21091139 -0.24218579 -0.71858148 -0.22708806 -0.72597212 0.17256234 0.49189638 -0.79748401
0.77555304 -0.07556538 -0.08927211 -0.13656242 -0.10258088 -0.10243708 -0.02265453 -0.45557871
0.58862748 1.20106586 0.69185799 0.01980394 -0.39968098 0.21760524 -0.43301242 -0.18996627
-0.22655812 1.09209993 -0.46819824 -0.13182571 0.13568794 -0.24566021 -0.27449528 -0.01828317
0.49517965 0.09990218 0.56587331 0.34821423 0.26074139 -0.08728818 -0.08712062 -0.47026557
-0.29068362 0.52541670 0.30983995 0.23837422 0.56627113 -0.41164390 -0.82880458 -0.05349588
-0.74671798 -0.33033290 -0.16614157 -0.22339890 0.06705399 -0.11465054 1.24677236 0.34334620
0.14913238 -0.33541609 -0.49485215 -0.77512257 -0.88426616 -0.51071262 0.59858638 -0.32948447
0.66127237 0.98186677 1.80176483 -0.24913897 0.33103435 -0.58570246 -0.92782878 -0.55197590
-0.04291705 -0.28035014 0.28897129 0.80692281 0.81748276 -0.28009972 -0.39601588 0.36989467
1.38892293 0.63691634 0.22922745 0.12406975 0.83077964 -0.32838763 -0.04210692 -0.35165438
0.01895961 -0.16382685 1.77386368 0.25690212 -0.37564911 -0.19974731 0.82728121 -0.56164363
0.08896241 0.48272406 0.35561548 -0.80379795 -0.73254737 0.26258048 -0.21999098 -0.04838621
0.72455723 -0.13364098 0.17837937 -0.63589775 0.14701436 0.17069153 1.08186507 0.45002808
-0.00625012 0.88324937 0.10086627 0.09454799 0.57769461 -0.13082819 0.61402801 0.03321003
0.26037253 -0.61723232 1.73632274 0.92135364 0.27713470 0.24647967 0.44852083 -0.73301650
0.57767656 0.31644714 -0.23657709 -0.00008522 0.23696080 -0.37712248 -0.02365952 -0.06516092
-0.63927077 -0.07970682 -0.04885808 0.13090292 -0.96887406 -0.02992304 0.20930760 -0.01074038
1.16630982 -0.54208173 0.25485010 -0.26564639 0.00577786 0.86372559 1.18742691 0.39031107
-0.23830322 0.83151350 0.97341067 0.41141134 1.06674609 -0.09794484 -0.56862904 -0.58547516
-0.42139932 0.65250679 -0.55019583 0.33127884 -0.27761682 1.10662280 0.17181889 0.16954023
-0.23415762 0.06571594 0.01529056 0.07899251 1.01538957 -0.39564820 0.14411138 0.56369862
-0.01094022 -0.04647395 0.93857465 -0.17222108 0.26819904 0.34707281 -0.26577901 -0.53208154
-0.01501644 0.03815252 -0.15121362 0.01649174 0.02480811 0.37942391 0.86624381 -0.92523126
0.05361038 -0.03534832 -0.99207913 -0.12106838 -0.51248114 -0.11572814 0.30275286 0.10566426
0.74835492 -0.28057604 0.27638856 -1.09775408 -0.24537779 -0.38380919 -0.28408606 0.01183708
0.36579354 1.06101924 -0.77573565 0.34650531 -0.30209501 0.12880101 0.76801418 0.36289080
0.49717944 -1.03790575 0.25487409 -0.04217808 0.86732626 0.38295191 0.17218546 -0.23266680
0.73753610 -0.31768435 -0.32474948 -0.16272510 -0.17814829 0.20584418 -0.31334171 0.03365876
0.00041555 -0.58197983 -1.41700791 -0.43479208 -1.40351644 1.12995251 -0.12889639 -0.06095312
0.31120588 -0.01665315 -0.12362990 -0.06920282 -0.14585355 -0.30890982 0.09982049 0.62464221
-0.08743591 -0.55999172 0.39399743 -0.02034318 -0.17080347 0.18484159 -0.38376258 -0.75326398
0.20393318 0.40189176 0.46530499 -1.12627766 0.68756675 -0.38968981 1.11467508 0.43149723
-0.17735423 -0.55487327 -0.20982363 0.66842379 0.14136936 -0.28513700 -0.41262271 -0.93913375
0.18095436 -0.14385483 0.22076033 -0.54640518 -0.51997714 0.25957960 0.40461857 -0.60443542
-0.09547707 0.68147160 0.32320091 1.57002504 -1.04080972 -0.83703475 0.09826572 -0.12922644
0.65448370 0.25760855 0.66727487 -0.13279840 0.49543860 0.01925505 0.65586330 -0.40859842
0.71497888 0.23595414 -0.46601950 -0.03221546 -0.23189604 -0.11253587 0.32455821 -0.29802401
-0.35659018 -0.12361038 0.03072577 0.06452943 -0.70452710 0.43856889 0.20693919 0.58870821
-1.01986457 0.07943928 0.90957229 0.08218860 -1.07401970 -0.03884073 0.60868962 0.77295951
0.23809732 -0.44933893 -0.74726875 0.41154211 0.36272328 -0.08145882 0.12922655 -0.16518916
-0.99353032 0.58601461 0.86225977 0.68912500 0.62653369 -0.59051266 -0.28194500 -0.27859462
-0.10410987 0.72243328 -0.28956229 0.11102758 0.05318764 -0.27883014 0.19046565 0.33582200
-0.20312380 1.36372502 0.04714837 0.92294801 0.16944985 0.73432484 0.20793447 0.25030668
-0.09897373 1.03506945 -0.36141361 0.53422225 0.11086186 -0.04051079 -0.47595005 -0.24394464
-0.71018238 0.93175152 0.22868316 -0.27639698 0.01076370 0.11522645 0.14792796 -0.34508632
0.11809671 0.00555481 0.46482653 0.01414815 -0.69132511 0.32367337 0.05081713 -0.35974033
0.03696123 -0.25098588 0.18012218 0.61427013 -0.21430681 -0.23277936 -0.28747680 1.03889982
0.52583316 0.79620777 0.41624503 -0.08203009 0.34569688 0.25616122 -0.09134114 -0.11597177
-1.22366983 0.21464686 0.93384839 0.82655360 -0.66302552 -0.18829367 0.81667964 0.95962835
0.02901284 -0.27028385 0.39924779 0.85124000 0.40321365 -0.51839569 0.38261819 -0.77447863
0.52476552 -0.99876298 0.13867260 -0.13351067 -0.06265180 -0.01586522 -1.34863291 0.32179555
0.47109261 0.31536950 -0.19785616 -0.75697407 0.65381621 0.16198404 0.55962143 -0.95017477
-0.79370039 -0.00574994 0.01068880 0.44279939 0.66580602 0.17218865 -0.28002645 -0.75362721
0.31612678 -0.39249308 0.39942677 0.97322340 0.34895221 -1.54163391 -1.14492215 0.65182199
-0.49194784 -0.44853936 -0.19134165 0.03782720 -0.68818912 0.32594829 0.37415463 0.46804544
0.12237236 0.80594963 -0.09183691 0.53903198 0.51600780 -0.38914399 0.55834547 0.05413083
0.43169830 0.36213821 0.54304325 -0.50180341 0.05676786 1.01999328 0.04406150 0.27947113
0.34592582 -0.03536405 0.27943441 -0.36545728 -0.09255666 -0.43714088 0.16791659 -0.48596525
0.97455953 -0.42526695 0.32180122 -0.92260128 -0.18657337 -0.75389822 0.78095678 0.42425762
0.06253857 -0.33074262 0.68136440 -1.00102116 -0.56949320 0.67554288 -0.16449872 0.42991215
-0.28459947 1.25436754 0.04958467 -0.44048704 -0.01589668 0.30790552 0.10045270 0.83862514
0.25328957 0.73699035 -1.47737034 1.13014049 0.48880069 0.25944230 -0.64112646 -0.33112910
-0.01448077 0.66844122 -0.44454750 0.13793170 0.78439942 -0.28666771 -0.14584231 0.47362788
-0.08350595 -0.35093006 -0.04503232 -0.40271856 -1.21075719 -0.37271170 0.21419169 0.33998774
-0.26356417 -0.05848555 -0.09657759 -0.19078521 -0.28751484 0.03673722 -0.09099847 -0.29246446
0.33308362 0.39691680 -0.04007149 -0.67733551 0.26094226 0.78046718 -0.32265949 1.04777128
-0.21298116 -0.14070996 0.69977305 0.95520398 -0.57520197 -0.35642901 0.53042541 0.22389884
-0.68782875 -0.07904836 -0.87423674 0.18364956 0.06454862 -0.54710183 0.25443713 0.06501239
-0.25602406 -0.68737624 0.26626580 0.21640169 -0.35255967 -0.16819394 -0.93900751 0.79388527
0.14172958 0.95394988 0.37850073 -0.06421183 0.25487932 0.43557486 -0.60005014 -0.02297695
0.07756141 0.66586801 0.33711710 0.09099666 -0.49307216 -0.44069665 0.40566741 -0.15167723
0.33924531 0.45487698 -0.37501706 -0.33132179 0.49817308 0.34320141 -0.46784212 -0.77937390
0.09387204 0.02699534 -0.71375137 0.79160799 0.43115180 0.31020202 0.08731335 -0.71056249
-0.97380101 0.80717455 0.14687126 -0.36483298 -0.41736380 0.12500444 -0.15657682 -0.81467653
0.33592973 0.03725568 -0.47191400 0.78331311 -0.52129269 0.06046714 0.13629455 -0.39174048
0.59474794 -0.36726554 0.10375889 0.41846006 -0.11503730 0.57743501 0.04313843 -0.27867224
0.87985520 0.51429101 0.33964947 -0.88045223 -0.50468872 0.21002169 -0.92951515 0.36951544
-0.20930109 0.57532950 -1.10604021 -0.09475987 0.58387778 -1.26610430 0.55553339 0.13159956
0.17686277 0.55830132 -0.30628969 -1.19117305 -0.42527150 0.36786944 -0.12805050 0.17634254
-0.62818037 -0.25369289 0.18345980 1.22000784 0.42789337 -0.09233536 -0.19696091 0.11473663
0.61585855 -0.03756952 -0.64166568 0.32894559 -0.60382963 -0.52522198 0.48008842 0.49330320
1.22571045 0.89746111 -0.35313616 -0.06803537 0.35226125 -0.48489622 -0.17424937 -0.33476818
-0.40828008 0.20318104 -0.53604773 0.20180194 0.41341451 0.21560567 -0.02117286 0.43498299
-0.42684826 0.59001632 -0.14599931 -0.09412533 0.13811014 0.20456588 -0.15586050 0.66570932
0.71153904 -0.01345782 -0.59606141 -0.46563765 -0.10550264 -0.37097412 -0.25587715 0.49190285
-0.03999434 0.17189724 0.42675954 -0.20381043 -0.15507901 -0.18393807 0.33058702 -1.20864618
0.16203115 0.43182747 0.02788901 -0.00975449 0.72811911 0.71984101 -0.45870115 -0.00819235
0.61423088 0.43875645 -0.43706979 0.10744365 0.09526700 -0.45692524 0.29832815 1.04611484
-0.19611194 0.45113907 0.23502287 0.43522521 -0.16536859 -1.41107409 -0.33624683 -0.51851946
-0.44955540 -0.01461698 -0.68332907 -1.14694664 -0.46922935 -1.08780108 -1.43452492 0.46192270
0.29449134 0.37056627 0.10795848 -0.79367607 -0.17541801 0.11646793 -0.41269174 -0.13184039
-0.00404726 1.18045219 -0.40900603 -0.21477829 -0.14566360 -0.26519836 -0.55508214 0.09821144
0.30678668 0.53330192 -0.58520744 -0.10694937 0.04067801 0.09302256 0.11737748 -0.57695471
0.24318549 -0.26997034 -0.29948210 0.24926199 0.20745451 -0.00155940 0.20342957 -0.19265694
0.34339422 0.07171750 -0.35957752 -0.13963930 0.44187010 0.56217308 0.00179135 -0.77674649
-0.23249563 -0.61628226 -0.47928442 0.08271420 -0.05756931 -0.30187267 -0.28893566 0.56157438
0.56645252 -0.16846099 -0.55443032 -0.27574363 0.16411475 0.92935588 0.05884009 0.10605948
0.68797706 0.24314356 -0.25594358 0.67162119 -0.67553303 -0.39650874 0.13285399 -0.21189857
0.46835296 -0.25222171 -0.25608439 0.21508478 -0.01165855 0.05484211 0.82910026 0.22471599
0.41783630 -0.27317687 -0.53255146 -0.04544125 -0.57318388 0.83904957 0.19062930 -0.06585360
0.76964023 0.39559337 0.15429494 1.18678112 0.13769651 -0.64908808 -0.10619583 -0.48879464
0.16619514 0.55104123 -0.01525891 0.35176468 0.15771588 0.18958427 -0.25597026 1.03822817
-0.67463785 -0.11722753 0.88843586 0.17976995 -0.16683800 0.47622516 -0.68651857 0.31265344
-0.90747446 0.34007365 -0.45243030 0.11647567 -0.65882958 0.14356794 -0.02392960 0.38397247
0.30555076 -0.12228566 0.21996632 -0.59289552 0.63956221 -0.28316122 -0.17507728 0.96150290
-0.35063917 -0.28831602 -0.49875169 -0.73873251 -0.65615081 -0.86540266 0.07788168 -0.94970289
-0.10812968 -0.27786238 -0.65497813 0.37597325 0.27012742 0.52566567 0.47294451 -0.20730869
-0.48196800 0.37120836 -0.05190531 -0.16654980 -0.16829605 -0.48076712 0.38764813 -0.54403806
-0.94837103 0.05902459 -1.03030951 0.11000018 -0.09774104 0.11923961 0.31479882 0.47335542
-0.67509949 -0.10772250 -0.18854419 0.49932505 0.20612698 0.62283123 0.29984751 -0.05458401
-0.23485595 0.90770879 0.31205682 0.23298183 -0.59912020 0.54257157 -0.16396136 0.63903327
0.50027170 -0.04116003 0.27594469 -0.20806245 0.64672528 0.11730447 0.07639748 0.06156654
-0.03855453 0.44330774 -0.47491404 0.61449644 -0.40990681 0.22042602 -0.31454756 -0.73848117
-0.15459354 0.47626860 -0.89205100 0.16286577 0.03369518 0.33191193 -0.29763885 0.37353879
0.74813599 -0.68343525 -0.24248588 0.21961209 0.10359878 -0.64182552 -0.09470427 0.14576816
0.61023940 -0.44789339 0.42719125 0.20018870 0.78386811 -0.32189328 0.19248774 0.45185367
-0.83894972 -0.93988710 -0.31298865 0.73913020 -0.94501443 -0.38061216 0.52870539 -0.07044999
0.60780877 0.40213303 -0.52215662 0.53961415 -0.21633633 -0.60115674 -0.04642373 0.23252554
-0.65845973 0.17178006 0.12777159 0.16009524 0.50433202 0.61523110 -0.72382430 -0.06143556
0.43166483 -0.18876382 0.47478036 0.06918899 -0.09401722 0.55043356 0.87448466 -0.40520018
-0.41077855 -0.62391540 0.45338732 -0.96671750 -0.47844990 0.68640846 0.06704597 -0.80281478
0.04857164 0.52258852 0.15278864 -0.27280289 -0.07306154 -0.11547282 -0.06227365 0.17184308
-0.76705370 -0.66527006 0.30681921 -0.37963531 0.76364613 -0.57016370 -0.36117200 -0.18306403
0.64373969 0.30300239 0.01995270 -0.69086211 0.73952238 -0.04698413 0.36410019 -0.25255090
0.55442585 -0.17406415 0.60970397 0.67435280 -0.54110219 -0.06470721 -0.48083357 0.77560160
-0.23825639 0.24317636 -0.47161039 -0.49353454 0.00173224 0.04103671 0.85388060 -0.37236261
0.22160078 0.26205415 -0.14199360 -0.19331158 0.83079886 -0.72138076 -0.22047892 -0.34651730
-0.66533629 -0.51547005 0.08475717 -0.02613655 -0.13855519 1.41478310 -0.08431273 1.20195930
-0.80622623 -1.43109751 -0.39901786 0.21969447 0.28598378 -0.09673256 -0.20088418 -0.22798454
-0.66845221 0.25949462 -0.14605538 -0.23389385 -0.55145933 -0.44248162 0.10908603 -0.46536647
0.54730526 -0.68707104 0.00836251 0.58269618 -0.27766226 -0.14176416 1.00777684 -0.35234329
-0.45160179 0.57828111 0.49934003 0.58551634 -0.33929372 0.18095940 0.03945192 -0.40938094
0.16498035 -0.13068076 -0.01138250 -0.12805708 0.50551672 0.13105659 -0.81616583 -0.06043032
-0.04324948 0.22013999 -0.14039254 0.76768180 -0.10834723 -0.38077948 -0.15801345 0.52088689
0.16552595 0.33966234 -0.19444776 -0.47146065 -0.00945611 0.83334361 -0.47475656 0.11541848
0.48269035 -0.28607914 -0.02381951 0.36875065 -0.97129769 -0.25830672 0.61950022 -0.61737214
-0.71265928 -0.52278982 0.47346092 -0.99061952 -0.81489854 0.13281167 -0.01117880 1.32185344
0.06050055 -0.15858804 -0.24969360 -0.46758099 0.13887849 -0.62147983 -0.04261639 -0.49209860
-0.60536682 0.20061119 0.51975156 0.48075943 0.16745446 -0.04203367 -0.12635706 -0.91320535
-0.09096639 -0.78221789 -0.63077539 0.44274655 -0.83383667 0.21964099 0.43972470 0.71075684
-0.21343716 -0.41212640 0.95528553 0.63074869 -0.44555112 0.35969356 -0.46671224 0.81337241
-1.08744608 1.16546270 0.06267719 0.08264609 0.38040373 0.58020857 -0.30557806 1.38472809
0.17537936 0.36212195 0.25749503 0.30192385 0.33060044 -0.14562728 0.23104517 -0.22513112
-0.43475435 -0.14896466 -0.05336169 0.51329667 0.08066635 0.26529817 0.52083401 -1.29038483
-0.49139265 0.09834482 0.37690899 -0.08217612 -0.03470268 -0.62398871 0.04867503 0.31174652
-0.35054382 -0.48737719 0.29954328 0.00096846 0.34511382 -0.95136529 0.20527362 0.81655117
0.11047735 0.27296443 -0.18168739 -0.78111257 0.20994420 -0.90911796 -0.72005796 -0.23913359
-0.38441010 -0.77891677 1.48831686 -0.46008176 -0.03103918 -0.66559842 1.09394891 -0.25901299
-0.40640286 -0.37517709 -0.25546157 0.89328055 -0.44001522 -0.24359505 0.59225877 -0.18238980
0.70491562 0.42182056 0.33029566 -1.62563616 0.57414171 0.58474830 -0.40630981 -0.61453310
0.15949971 -0.51824282 -0.20705332 -0.29521525 -0.73332919 -0.01165057 -0.42524434 0.28506060
-0.09368950 -0.92904381 -0.21155159 0.40484196 -0.59587536 0.09308400 0.25162533 0.52628384
0.05219829 -0.34826003 -0.49581154 0.46552860 0.50234881 0.02421112 -0.03091669 -0.37186973
1.30571559 -0.15003522 0.94175685 -1.13447582 0.09646616 0.61594175 0.39548156 -0.10860465
-0.88464491 0.37774878 -0.82141952 0.93826002 0.44471038 -0.49434751 -0.05817029 0.28499780
0.20055344 -0.58213439 0.19535558 -0.38993401 -0.49172115 -0.01646659 -0.59798849 0.41506806
-0.68873305 1.29783652 -0.10505415 0.39109222 -0.60365296 0.22870543 0.25871767 -0.50807528
-0.72652207 0.31604662 -0.00443320 0.34897856 -0.39627200 -0.56103690 0.22966122 0.28869102
-0.26063570 0.13129247 -0.41039120 0.05736926 -0.34490211 -0.66345378 -0.85231738 1.30612471
1.33869028 1.13573540 -0.27710658 -0.98421944 0.19898563 1.26292778 -0.07713043 -0.09607742
-0.06589103 -0.20379250 -1.09895123 0.30505249 0.21145382 -0.44014892 0.15798620 -0.08712861
-0.17360479 -0.55558856 0.10555873 0.07959588 0.15398088 0.55410784 -0.12882251 -0.10961656
-0.69096775 -0.64258691 -0.15174813 -0.50637697 -0.37971866 0.05413214 -0.42611031 -0.49751489
-0.00245320 -0.55892261 -0.42425805 -0.82844281 -0.06500651 -0.44978999 -0.64379161 -0.34715865
0.67139035 -0.14935543 -0.02053112 -0.16331226 0.01042826 0.28448833 -0.38149450 0.74904591
-0.55426213 -0.66897975 0.00470887 -0.09944052 -0.22164291 0.26403809 -1.02423444 -0.39783676
0.37283830 -0.27382007 -0.32245535 0.57589265 0.48416027 -0.39161522 0.77450946 -0.31425340
0.01909846 -0.09880246 0.24920662 -0.78754356 -0.66449703 0.20985656 0.24758062 -0.18010335
-0.85327106 0.24673569 0.64049355 -0.29480292 -0.17544987 -0.54487305 0.49881044 -0.17696125
0.22417692 -0.74729933 0.00336037 0.11618586 0.09590385 -0.51355401 -0.69180258 -0.37320671
-0.24950241 -0.58023901 -0.83668842 0.04071885 -0.08930199 0.06201738 0.27665839 -0.27418693
-0.36290602 -0.28645547 0.61492051 -0.39160102 0.50089367 0.08098843 0.19701328 -0.77505432
-0.83447554 -0.23816678 0.78123091 -0.14705656 -0.34400861 0.98444470 0.33535787 0.73468663
0.75568138 -0.66535402 -0.31300040 -0.36255922 -0.42524857 0.02666692 0.13496946 0.99801236
-0.75179835 -0.95805019 0.36889365 -0.84754106 0.45024787 -0.29472849 -0.40031877 -0.39893814
-0.29766137 -0.49289746 0.49388145 -0.77206732 -0.49573307 0.29860073 -0.78360710 0.16602594
0.80809120 0.38457280 -0.14397862 0.13789762 -0.48615760 -0.93699832 0.50792894 -1.27589620
-0.13428602 0.43742277 0.41748101 0.22269241 -0.55334232 0.76672664 -0.12122210 -1.19148847
0.84721861 0.24383558 0.28485680 -0.16186861 -0.57194323 0.57373549 -1.21546554 -0.24629134
-0.06893887 0.04212406 0.12760565 -0.04745951 0.27656225 0.71541205 0.47430949 0.04124909
0.60781722 -0.38474124 -0.91417917 1.24757872 -0.77983095 0.09339177 -0.43307008 -0.33798738
-0.39360003 0.63309679 -0.99894806 -0.10799694 0.11660854 0.43852961 1.08583868 0.61121284
0.11255228 -0.28324099 0.84482991 0.82591430 0.18618722 0.23323785 0.37014612 0.08342020
-1.32972213 -0.36630378 -0.32519756 -0.67733140 -0.41091292 0.77819071 -0.04508027 -0.72736895
-0.05048885 1.13984156 -0.60681175 -0.31233586 1.23102709 -0.18703888 0.26170214 0.21449004
0.40466245 0.29587316 0.71947672 0.20018246 -0.00768807 -0.17049238 -0.22268482 0.20200750
-0.26610689 0.29085825 -0.41615590 -0.72610431 0.20514725 -0.84111994 1.02928530 0.16017354
0.08327601 -0.47664283 0.60141200 0.46273949 -0.39009155 0.19709873 -0.25948086 -0.19468931
0.03670446 0.83586638 -0.28167686 -0.13862033 -0.06855440 -0.22172709 0.80740956 0.17670734
-0.37915676 -0.04335755 -0.49676571 -0.37676148 -0.15750855 0.37373161 -0.03190683 -0.03041470
-0.32187925 -0.61699397 -0.03333401 -0.30380418 -0.07909610 -0.92133632 0.63151317 -0.12083603
-0.66557373 0.13135194 -0.28057970 -0.02742178 0.63211818 -0.70192269 -0.27949457 -0.28589050
0.55090455 0.37277959 0.39180268 0.02806623 0.13314316 0.39502559 -0.34452327 -0.34788498
0.30929843 -0.04746638 0.47497066 -0.19199047 -0.70985052 -0.39765995 0.65571661 0.85463161
-0.41064063 0.32108934 -0.67327124 0.42567138 -0.35653122 -0.16194159 -0.10334408 -0.39461557
-1.03008907 0.59489207 -0.78190912 -0.15986386 0.96852949 0.16941343 0.77317758 -0.85468902
-0.95729774 -0.44314620 -0.30747438 -0.39056337 -0.15399425 -0.66112052 -0.40970468 0.66132530
-0.49857682 -0.13079440 0.71322748 -0.19301171 -0.24048519 -0.50682791 0.71881415 -0.12824578
0.09964742 -0.21581715 -0.15693972 0.42367517 -0.73979564 -0.13567081 -0.63897454 0.06710744
-0.19824956 0.55611747 -0.43267003 0.18544427 -1.05905296 -1.01481730 -0.26288531 -0.01414235
0.41197006 0.41548978 -0.38272811 -0.02394295 -0.47055258 0.18375864 0.18427901 0.79982321
0.80091648 0.06586630 -0.31396302 -0.04656567 -0.25903955 -0.31408494 0.70633335 -0.15849677
-0.24129518 -0.05925049 -0.34642100 -0.01839231 -0.26627780 0.28704122 1.01878945 0.01083060
-1.17470635 0.21759301 -0.64596022 0.31796541 -0.71206893 -0.63693201 1.49571431 -0.01142299
0.06987012 -0.48585199 0.48283658 -0.09139557 0.14954971 -0.32588697 0.28339486 0.12508861
-0.00623995 0.89669589 0.12141271 -0.04938088 0.57524681 -0.28159049 -0.03045103 0.24002587
-0.68536257 -0.25000525 0.59241136 0.45705935 0.02341800 -0.29256475 0.37712343 0.55138216
-0.33172721 0.18116283 0.48735346 0.43518790 1.22409305 -0.10322706 0.86205171 0.27790966
0.22887525 0.12659664 0.40730473 -0.06594755 0.58553700 1.00058518 0.09679863 0.38113177
-0.80441915 0.08499748 0.08096225 0.38167875 0.34301395 -0.10079473 -0.47853778 -0.01412886
0.21633179 -0.07784737 0.03092562 -0.39618596 -0.27742261 -0.28823759 0.67634148 0.24079490
-0.79337666 -0.38328610 -0.37612327 0.48130630 -0.47789726 -0.14018368 -0.00309222 0.03071912
0.45537976 0.13732158 0.23819391 -0.07386804 0.31685654 0.23099980 0.08422053 -0.38830121
-0.40634112 -0.46612057 0.36215938 0.16432471 0.74608381 -0.35859114 0.32693169 -0.10888482
0.63772635 -0.10948895 -0.56566683 -0.73829234 0.17396138 -0.53573604 -0.39791846 0.39185602
-0.55888997 -0.11483428 0.18400117 -0.50233299 0.74710364 -0.01017157 -0.09255906 0.40005580
0.76677257 -0.65717199 -0.04365720 -0.04735440 0.87635369 -0.10245460 0.05024296 -0.08690001
0.07860230 0.13968559 0.83747449 -0.46088638 -0.19268560 -1.03753769 0.50041908 -0.73639879
1.08559069 0.33988662 -1.27195106 0.26773873 0.17956612 -0.06817268 -0.50138994 0.06214521
0.04687366 0.15181320 0.97059227 0.75155037 -0.69096037 0.33341722 -0.24048005 0.08266205
0.64503805 -0.35032453 -0.81327988 -0.02361488 0.00231739 -0.60578610 0.72792165 0.07854826
-0.34613079 -0.25401511 0.22738456 -0.29080749 0.52593048 0.79554767 -0.38427146 -0.54233638
-0.06088899 0.19666431 -0.48310958 0.44987932 0.10049885 -1.07538342 0.87922298 -0.33491625
0.28338236 0.70111145 -0.52708399 0.98676914 0.44780380 0.13855128 -0.16713736 0.17968051
0.02807387 0.28852591 0.16024620 -0.72494662 0.68607138 0.40209111 0.27187058 0.43511387
-0.16801825 0.07012292 0.22484517 0.19859945 0.79868338 -0.84239314 0.99261053 -0.32931400
0.00208254 0.03040217 0.25058936 0.24359375 1.03573392 -0.59803933 0.73003177 0.32721434
0.86951530 -0.31613170 0.14902729 -0.04856601 0.60832881 -0.32262974 0.54086632 0.49291992
-0.09519590 0.02379034 -0.77297846 -0.29568177 0.51686374 0.23325747 0.41828162 0.82194078
-0.11441307 0.20240584 -0.45144539 -0.59864695 -0.20267745 -0.28751309 0.06995264 -0.54504926
-0.27436062 0.60013419 -0.73447752 -0.52793791 -0.22176568 -0.50074545 0.04038877 -0.57837597
-0.28034885 -0.58345560 0.55289432 -0.31157629 0.07266240 -0.12639511 -0.29462345 0.49255935
0.01644674 0.01674431 0.22034106 0.08846021 -0.15622125 -0.06767165 0.26160779 -0.54975392
-0.68471276 0.06522788 -0.38808797 -0.09920664 0.06062347 -0.55405879 0.34875525 -0.07240779
0.28803188 0.26855533 0.02768905 -0.31483064 0.56940782 0.85994176 0.27019667 -0.33677887
0.63951312 -0.25050546 0.14255256 0.73158917 -0.32741190 0.43040551 0.36574524 0.79635228
-0.20303916 -0.45036437 -0.15686792 -0.13705069 -0.41606181 -0.26357193 -0.39764024 0.25213483
-0.13725469 0.47222979 0.42171124 0.23952326 -0.53624146 0.11774675 0.86167184 -0.33659528
0.78980072 0.24221053 -0.13669132 -0.12132055 0.47186988 0.83697794 -0.31779895 -0.39379029
-0.42229946 0.62960369 -0.26675202 0.66756478 -0.52070432 -0.14580805 -0.36820659 0.10193519
0.41439246 -0.81816124 1.10031240 0.16692725 -0.70100641 -0.36524097 -0.13571491 -0.63381240
-0.03499761 -0.18958060 0.04155659 0.22372501 0.19391929 -0.06586202 -0.03033460 -0.02707153
0.08041459 0.66442468 -0.10774071 0.48619140 0.02205221 0.51210644 0.14363382 0.44332212
-0.09822392 -0.07816346 -0.05341138 0.59149575 0.20077840 -1.17675529 0.19726598 -0.47414705
-0.03659065 -0.34389317 0.32399337 0.59869698 1.00477034 0.15005399 -0.61436426 -0.03492647
0.18708149 0.18254985 -0.59520725 0.36976985 0.91128142 -0.19800417 -0.48579890 0.93331914
-0.06526276 -0.39451983 -0.61309449 0.06813836 0.69697774 -0.29990096 0.06320167 0.34235353
-0.26173520 0.33855733 -0.09276928 -0.15487009 1.06391605 -1.29632990 -0.43321850 0.09883184
0.94874295 0.21113191 0.12338518 0.22290891 0.10164615 -0.27702150 -0.34147264 -0.11990667
0.20646791 -0.40200970 -0.28477765 -0.12274411 -0.31995388 -0.55483252 -0.98984008 -0.48515886
0.23370674 -0.30659032 -0.62892674 0.09141239 -0.05224397 -0.48612292 -0.58551934 0.35261155
1.29246233 0.08459174 -0.15532596 0.00347116 0.28883885 0.06616139 -0.12691976 -1.49614784
0.22497521 -0.91310609 0.10513842 -0.13350111 -0.55838778 -0.60485814 0.47131454 -0.32771410
-0.00528886 -0.79262902 0.08238459 -0.08706125 1.10136249 0.46645953 -0.49192187 -0.32998424
-0.15713581 0.45815277 -0.56451976 0.17229491 -0.20731993 -0.77771760 1.24542165 -0.42638309
0.19354083 -0.60299486 -0.45977556 -0.11963854 -0.60421645 -1.15285358 0.19424523 -0.06072912
0.78262005 0.07959433 0.72994284 -0.42025174 -0.41667944 -0.76488260 0.35415259 -0.18319610
-0.86723247 0.75446029 0.45857411 -0.20350208 -0.74003295 0.65940582 0.36527861 -0.75966634
0.02157327 -0.25100604 0.00207436 0.44528999 -0.20243566 -0.01263906 -0.49614031 -0.61017566
0.27799916 -0.08243154 0.13509539 -0.16956533 -0.04545136 -0.00157635 -0.30565498 0.84290805
0.01462464 -0.16871606 -0.34350610 0.55647661 -0.32165522 0.88869753 -0.67122707 -1.10052928
0.47555211 0.94329214 -0.59889205 0.24971845 -1.18172686 -0.14627047 -0.05430530 0.89266234
0.66285946 -0.40392937 0.06764134 -0.26083889 -0.52635971 -0.10854815 0.23715691 -0.27926896
-0.10009499 0.01683698 -0.52851946 0.31728961 -0.09615165 -1.00439569 -0.24297567 -0.51104388
-0.02980358 -0.32686478 1.26158774 -0.70738653 -0.91281739 0.35987093 0.85158865 -0.20321133
-0.63086223 -0.22124858 0.41313184 1.14701499 -0.60840580 0.13443523 0.05725432 -0.17572283
0.04440274 0.68233093 1.46755059 -0.12413412 -0.10259958 0.04049559 -0.14340536 -0.07706710
-0.31774782 -0.32137712 0.42181203 -0.17871795 0.30882738 -0.48506524 0.46702097 -1.12919861
-0.06578593 0.67363870 -0.51159513 -0.39876594 -0.53207686 0.04589444 -0.20199144 -0.20036889
-0.47796609 -0.60151371 0.14209045 -0.55012207 -0.58894301 0.62585028 -0.08577230 0.00844384
-0.09584904 0.39213038 -0.79598699 0.77407254 -0.07485027 -0.42717755 -0.13361063 -0.27917098
-0.79899041 -0.95566954 -0.08450862 0.01327053 -0.14875335 -0.37315027 0.52622154 0.61020688
-0.00766851 -0.12845506 -0.50484805 -0.22817337 -0.06594695 0.64972150 0.81534631 0.24823041
-0.52697390 -0.24760799 -0.04489900 0.41401619 -0.20863344 0.15282535 -0.71894002 -0.46471333
0.03268382 0.73115748 0.65936083 -0.46808031 0.65276165 -0.49755352 -0.57396724 -0.08235314
0.77783781 0.20993360 -0.32698296 0.20435791 -0.19009733 0.36328410 0.12647717 0.16188100
-0.08072838 0.53988658 0.23100591 -0.41246515 -0.53624328 -0.31480880 0.01771956 0.20808515
-0.32863619 0.46935635 0.43728879 -1.35307193 0.92482407 0.00695743 -0.09196502 -0.01001951
-0.66130454 0.39408147 -0.86291779 -0.01683534 -0.90855613 -0.04242895 -0.55752388 0.85277415
0.01857037 -0.56338540 -0.11700159 -0.35550221 -0.58258044 0.48211158 -0.04498703 -0.49186297
-0.59860050 0.36170884 0.28993097 0.66872598 0.43636377 0.35002463 1.17065820 -0.18528183
-0.21325213 -0.48531384 -0.02083762 -0.01318307 0.59238158 0.49412105 0.84193100 0.22485287
0.15193421 0.28623274 1.26733031 -1.21182946 -1.00747713 -0.17716161 0.55540727 0.03261851
0.59794691 -0.22080319 -0.57509570 0.61121696 -0.58270035 -0.47432990 -0.37389084 0.09811420
-1.16629532 -0.50154604 0.38597388 -1.20927081 -0.34197673 -0.50289385 -0.06348181 -0.10557806
-0.22188119 0.00575284 0.34686545 -0.22860096 0.21420787 0.14651483 -0.28556887 -0.46008966
0.13375436 -0.04845140 0.39988714 -0.37744703 -0.00357686 -0.47003689 -0.25418662 -0.33034507
0.85777789 -0.04222622 -0.21042883 0.40317022 0.12580607 -0.01244395 -0.57371234 0.60948564
-0.50575983 -0.45542840 0.14711976 -0.25034449 0.90770609 0.03601785 0.25036287 -0.94592746
-0.64623744 0.61702640 0.70645280 0.13215059 -0.48144228 -0.82759727 -0.24601210 0.63056079
-1.56956276 0.43587514 -0.00270065 -1.17812916 0.82195566 -0.27349563 1.17676607 0.75437736
0.92120219 -0.00846872 0.45777877 0.20715469 -0.44527258 1.19182281 -0.52608866 -0.48742082
0.06904349 0.20770578 -0.17147542 -0.00594411 -0.41119592 -0.90453993 -0.46558726 -1.09977503
0.28142405 0.52878936 0.33117583 -0.29104095 0.25585254 0.06859606 0.35851588 0.33904623
-0.11547777 0.28634304 -0.15918717 -0.54460691 -0.44436848 -0.18250948 -0.06061435 0.58146898
0.16369839 -0.19267143 -0.09476841 -0.39553018 0.19422642 0.44129497 -0.04849014 -0.21132788
-0.35486963 0.09635617 -1.18902146 0.18915376 -0.62231195 0.56246286 -1.61521766 -0.41693231
-0.84235183 -0.28489259 -0.77651452 -0.44917732 0.69430658 -0.50330883 -0.07640262 0.44071830
-0.03194579 -0.38635020 -0.28638651 -0.25830921 -0.03379714 0.01545108 -0.14822732 -0.77687399
-0.18624195 0.25350780 0.31532950 -0.06209006 0.87757894 -0.11181544 0.62453984 -0.07065197
-0.77314192 0.59695879 0.60521929 -0.46435644 -0.18366616 -0.12454072 -0.26263449 0.25520897
-0.21190773 -0.19481166 0.03553615 -0.67267654 -0.25829815 -0.41408468 -0.09051043 -0.71797913
-1.54495761 -0.01278314 -0.59563104 -0.74891219 1.03412088 -0.47550724 0.16921116 0.40998921
0.31254982 -0.23905846 -0.08524775 0.55430033 0.51817606 0.20627392 0.61677969 -0.39644212
0.15172118 -0.00233609 0.24393182 0.31265485 0.66711211 -1.06049264 0.53807053 0.30703206
-0.79332644 -0.52437661 -0.44462292 0.40542772 -0.64353543 0.15649071 -0.25810029 -0.32057323
0.62155834 -0.04385995 -0.54218742 -0.24306633 -0.73020180 -0.83337021 0.36870871 0.00233460
0.82809090 0.06586761 -0.62639574 0.07022208 -0.20221331 0.49853235 0.21038969 0.07957016
-0.68815251 -0.21830690 1.16603804 0.51109357 -0.41478861 -1.13062031 0.61212854 0.14805972
0.19109159 -0.69753217 0.17863057 0.38220066 0.12711641 -0.51614133 -0.15585541 0.54166769
-0.12681040 0.81881785 -0.19388335 0.63099616 0.54620042 -0.11040268 -0.36803509 0.69360315
-0.53579875 -0.06451920 0.38628903 0.44848516 0.19411909 0.62904679 -0.82181777 -0.01418657
0.39966154 -0.04611198 -0.02437395 0.89515642 0.05658883 -0.55805688 0.00391300 -0.87017216
-0.80308848 -0.37603252 -0.48456295 -0.49516201 0.59477881 -0.46992135 -0.31304191 -0.74796905
-0.72662555 0.48460780 -0.14906581 -0.26595946 -0.04526434 -0.62769426 0.56186407 -0.29674236
0.67475164 0.67683141 0.26981333 -1.29837344 0.39090308 0.24315333 0.01463533 0.08016561
-0.92424742 0.67135435 -0.55498127 -0.22632539 -0.65607041 0.61877977 -0.63834364 0.12573061
-0.56120616 -0.08285089 0.19179452 -0.72872482 0.50759448 0.10670525 0.51103507 -0.19887579
0.19700221 0.04259732 -0.15930570 0.21153105 0.63288699 -0.02324970 -0.57660968 -0.24545278
0.82603308 -0.96402673 -0.45099536 -0.23427978 -0.20647175 -0.23205007 0.02105239 0.28753017
0.37162617 0.23524808 0.38281939 -0.72120451 0.09322520 -0.04292045 -0.16635714 1.26577954
-0.50860715 0.47195233 0.65081798 -0.54590033 0.14028890 1.50760736 0.63942584 -0.17435675
0.30639338 -0.10234912 0.05335280 -0.01461448 0.67387116 0.37224290 0.33035637 0.34044233
-0.05692741 -0.24394003 0.92007600 0.35012852 0.23888033 0.70276124 0.89453361 0.59604685
-0.27759503 -0.24443107 -1.12822040 0.16573038 0.06938013 -0.12234858 -0.50199514 1.08028889
0.17042876 0.17230468 -0.69986706 0.28856566 0.06871275 0.00244470 -0.33457908 0.68631991
-0.25746398 -0.62157654 -0.14783241 -0.83555204 -0.15765339 0.12847406 0.07336800 -0.33337753
0.35488778 0.27551636 0.51638768 0.52115498 0.21560442 -0.60993693 -0.17733627 -0.42892726
0.25211839 0.09698334 0.21752556 0.05424422 0.81405791 -0.00326035 0.02799647 -0.64258960
0.30106666 0.16968480 -0.73266807 0.59696377 -0.24598924 0.40384551 -0.28462313 -0.64842638
-0.90285983 -0.94910445 0.04984517 -0.69612515 -1.07327162 0.24448235 -0.10409294 -1.04984471
-0.33750912 -0.84330483 0.46964365 -0.12049636 -0.00381646 0.48243815 0.32834260 0.62789350
-0.32718502 0.50433215 -0.14460209 -0.07890716 -0.06223660 0.72266906 0.03854824 0.32846636
-0.35433093 0.03957230 -0.01114557 0.47065254 -0.43520858 0.18787514 -0.02989252 -0.73829183
-0.11710244 0.15739205 0.64196562 0.00581367 -0.91944268 0.50360192 -0.33524315 -0.15524953
0.73792309 0.24325407 -0.15716520 0.14529470 -0.38360871 -0.61747063 -0.00905345 -0.00123804
0.06940012 0.31036119 0.17291923 -0.11545528 -0.19376486 -0.00632460 -0.21611122 -0.32132249
-0.13762166 -0.72779391 0.13437527 -0.37304713 0.62767536 -0.24281115 0.14696714 -0.55455528
0.83724861 -0.20273108 0.21324260 0.89433390 -0.08171587 0.16010323 -0.12282562 0.88816189
-0.19083461 -0.33218258 -0.06466498 0.46030226 0.29741512 0.01515337 -0.29329715 -0.16472681
-0.02240513 -0.01321265 0.56267259 0.34667464 -0.22332739 -0.42765368 0.02107996 -0.82294106
-0.36174190 -0.46416029 -0.07950701 0.23479379 -0.04470178 0.48648806 -0.25511210 0.77632398
-0.04015821 0.21735898 -0.32116104 -0.54291909 0.39879265 0.05344857 -0.26782020 0.50557867
0.01810174 -0.45948394 -0.48450196 0.43458543 0.07513868 -0.21856614 0.22551866 1.21990393
0.37259799 -0.58794698 -0.47672418 0.78029543 -0.00635260 -0.70196209 1.25531371 -0.51744092
0.18780932 0.35180987 0.01221754 -0.28857570 1.42282816 -0.43934983 -0.34751874 0.07773782
-0.10385510 -0.17821554 0.37675690 -0.03449281 0.16352318 0.25080943 0.23882824 0.24045849
0.01582524 -1.33421570 0.70776021 -0.17420111 0.34060690 0.71421002 -0.63896763 0.14455818
-0.87236638 0.23303361 0.51626875 -0.14071251 0.26198969 -0.28816453 0.79288208 0.42451379
-0.18488310 0.89003653 0.07403647 0.68477558 -0.06359450 -1.05695470 0.01149661 -0.47225271
0.07640934 0.63983859 0.24752223 0.02280240 0.61888590 0.08359937 0.10542725 -1.02971379
0.10779142 0.13364069 0.34870621 0.42106271 -0.04036098 -0.02975421 0.15416106 0.15674658
0.84610263 -0.06642072 1.25177125 -0.64069208 0.04583018 0.11593259 -0.33337060 0.70634654
1.09443724 0.37848153 -0.34638404 0.15030868 0.21183076 -0.68679193 0.72324014 -0.40569179
-0.53455741 0.28757283 -0.19606887 -0.23255107 -0.00358505 0.19355317 0.77337378 0.01343735
0.35490170 0.71894965 0.32029663 -0.34732714 -0.34724802 0.00887214 0.33867617 -0.15498856
0.17185875 -0.07670202 -0.51938906 0.52687921 -0.06380198 0.24526354 0.52209671 -0.69595640
-0.29609807 0.56005872 0.30317727 -0.45980358 -1.03253660 0.09714362 0.28986455 0.07069750
0.25646503 -1.15137311 0.35525732 -0.21441811 0.01683025 0.07767753 0.33531490 -1.17825768
-0.67607602 0.42685912 -0.23976440 0.56444212 0.27297341 -0.49252564 0.56910676 0.13083009
-0.12306208 0.33156631 -0.29104363 -0.95349831 -0.03112574 -0.77742039 0.45370117 -0.98936865
-0.07076983 -0.74254256 -0.69097807 -0.07981700 -0.47128039 0.03437871 0.08982239 -0.63318789
-0.12889638 -0.04421231 -0.53859298 -0.62392553 0.64779588 0.34300292 -0.31263757 -0.91230494
-0.21355479 0.29875865 0.29627018 0.41968502 0.11027608 -0.34469654 0.89532829 -0.36918347
-0.03336721 0.29259358 0.48388720 0.21405146 0.21235834 0.29292208 -0.13511744 0.99795155
-0.38107438 -0.22860501 -0.83592208 0.38581798 -1.03150222 0.32025772 -0.12124063 -0.17733191
0.30683444 -0.28169068 0.31108892 -0.36872942 0.49270815 -0.58383629 0.49120388 -0.71737010
0.60268669 0.10088429 0.22612523 -0.03059958 -0.27893687 -0.13579057 0.38627706 -0.52485904
-0.55169921 -0.06230407 0.35611988 -0.30322172 -0.95647505 0.60536584 0.10333614 1.17337668
-0.44200502 -0.33451677 0.55684327 0.74890031 0.17001595 -0.45854380 1.08291692 -0.08172149
-0.05516304 0.41358557 0.61466127 1.01220485 0.96000112 -0.06733715 0.67177068 -0.07390848
0.79139663 0.26080498 -0.04230105 0.05974093 1.11638502 0.21868033 0.34221811 -0.24633224
0.24871545 -0.09261302 -0.51599550 -0.30133369 -1.03771063 1.01183927 -0.31137079 0.25842650
0.07641150 -0.38119091 -0.15915125 0.71121886 -0.34386166 -0.92115289 0.05156988 0.20276792
0.04795386 -0.42156132 -0.99951755 1.06920860 0.83268681 -0.64018288 -0.22780590 0.24153045
-0.09505836 -0.58270348 -0.23257581 0.27717295 0.54625292 -0.00008229 -0.13961614 -0.57597771
-0.50936470 0.48624024 0.05794568 -0.61241278 -0.07840335 -0.26276330 0.36668297 -0.19598496
-0.46843941 -0.37407763 0.58630629 -0.19039839 -0.01715508 -0.18353741 -1.42919888 0.04784270
-0.69190553 0.51922620 -0.19094018 -1.18246864 -0.18398436 0.20614999 0.11697221 -0.83373218
-0.51147226 0.70451088 0.63207407 -0.26042937 0.49107178 0.13861620 -0.00763418 -0.05481166
-0.77493423 -0.29447234 -0.61630385 -0.73560513 0.04905773 0.34893619 -0.56937631 -0.18177480
0.43327919 0.21231933 0.11168901 0.18779177 -0.14526348 0.51223982 -1.02961689 0.33917435
0.19787447 -0.32040564 -0.28986168 -0.15790421 -0.64708218 0.15055499 0.04688704 0.13109368
0.59394302 -0.13597895 -0.05994625 0.49349351 -0.20338690 -0.71112928 0.11184013 -0.77579432
0.38244681 -0.22008287 0.36534058 0.05608898 0.81747808 -0.12535229 0.06189107 0.21262043
-0.10252784 0.98281783 -1.14552778 0.35070448 -0.64778157 -0.02204038 -0.11058409 0.01909834
0.47677514 -0.05748247 -0.71600756 0.23062165 -0.09283226 0.14509534 0.81819249 0.09447147
-1.05698269 0.45055544 0.10845989 0.45229423 -0.22798147 -0.36609697 -0.16135246 0.30337785
-0.47509124 0.44800182 0.87536091 -0.46197196 -0.65263411 0.59810257 -0.86975471 1.62456522
-0.23052863 -0.18103731 -0.54619074 0.05479421 -0.74246278 0.66819039 0.05246875 0.12570286
-0.63488788 0.52960405 0.67640495 0.30936786 0.00507770 -0.21744784 -0.91922787 -0.38124786
-0.15214971 0.19303068 -0.31414913 0.78211155 0.01135876 0.39924983 0.24519598 -0.71740674
0.10509552 -0.21302550 0.05199629 -0.16431292 0.24903890 0.51498893 0.61613894 -0.55896188
0.90509322 0.29563034 -0.33678740 -0.47759981 0.17711870 -0.28451995 -0.03572820 0.27357735
-0.15902014 0.60844438 0.32315236 1.12201491 0.95075495 0.28562563 -0.01683434 0.30760312
-0.28331111 -0.52131795 0.66150978 0.33268454 0.30916400 -0.70901624 0.24003084 -0.42475385
-0.01030770 -0.54574343 0.29523719 -0.61620737 -0.81502492 0.43645882 -0.18482116 -0.02940591
0.10196817 -0.33008338 -0.08302996 -0.18484199 -0.05651702 0.25825355 -0.42545955 0.27650694
0.93608792 -0.03367676 0.02108898 0.24900914 0.24656546 1.02209338 0.21245449 -0.51589575
-0.24339775 -0.55850614 -0.93219203 0.99574726 -0.01945173 -0.35759221 -0.25305691 -0.84997350
-0.28283027 -0.51241738 -0.80855745 -0.28026920 0.59472914 0.25194055 0.00397691 0.93968182
1.03724352 0.53799320 -0.23217419 0.69535786 -0.13119883 -0.04577739 0.13481736 0.35184612
0.59548793 -0.61251089 -0.55482528 -0.66783833 0.20362081 0.11750947 0.34297387 0.37309770
-0.68931854 -0.31239285 0.01112800 -0.30658566 -0.07157267 -0.15321820 -0.48670125 -0.08870047
0.88718398 0.62693160 -0.24888138 0.43661694 0.03327868 -0.76162268 0.06289836 0.04242312
-0.47007041 0.06521333 -0.44461002 -0.15059353 0.55180848 0.72413304 -0.85261560 -0.27317494
-0.21146190 0.05346446 0.21609980 -0.30539837 0.16317015 0.19749176 -0.54872081 -0.42574189
0.29207333 -0.26005615 0.15901868 0.33132910 0.50519559 0.11819349 -0.04631778 -0.50513140
-0.00822857 0.96543311 -0.10437412 0.02892262 -0.21708048 0.66794253 -0.90289554 1.56037570
-0.08740311 -0.42455730 0.07313514 -0.44230401 -0.36966725 0.44477769 -0.08159576 0.81474030
1.20748297 0.27268632 0.01329695 -1.23081103 -0.82960517 -0.33507735 -0.00047538 -0.33141172
-0.05386886 0.09107015 0.16715408 0.02557860 0.74950080 -1.49685375 -0.34122443 -0.42707302
-0.73585513 -1.10404748 -0.35813685 -0.55053433 -1.30808257 0.19996711 -0.27386284 -0.31543475
1.15862776 0.17804471 -0.72744863 -0.82983545 0.70150880 0.04127232 -0.42259939 0.73031127
0.19466653 -0.80405289 0.17488910 -0.33712942 0.64711889 0.75683034 0.10091095 -0.89774308
0.72696177 -0.38824864 0.32116367 -0.04876133 0.40378207 0.47491277 0.31510637 0.48003673
-0.41682921 0.21433746 0.28032207 -0.40483462 -0.27582599 0.57206936 -0.51318173 -0.23412014
-0.05527769 -0.36893312 -0.43476773 -0.07702457 -0.88021212 0.74427568 0.64758402 -0.45072602
-0.70162325 -0.49958612 -0.03674674 0.62340346 0.11418300 -0.07365213 -0.79126668 -0.13218947
0.48484552 -0.14701586 -0.28274577 -0.13144654 -0.19014388 -0.28568149 -0.68927470 1.10515032
1.04947144 0.09109814 -0.41116347 -0.32186087 0.51570402 -0.91583589 0.24513903 -0.23893043
-0.26559849 0.02137662 -0.57240570 0.22192092 0.16624369 0.17752700 0.02929486 -0.26691266
-0.18779118 0.62858057 -0.48778008 -0.69336744 0.64373394 -0.45222278 0.06348039 -0.06791427
-1.13759240 0.47292804 -0.63662312 -0.13847927 -0.13440643 -0.45131795 0.39851090 0.21738754
0.78697161 0.63337233 -0.61946198 0.90518802 0.05900202 -0.85284949 1.32224746 0.08742925
0.06122570 0.19679151 -0.69833715 -0.15634060 0.31741047 0.72125040 0.42101642 -0.23753785
0.76249550 0.12993201 -0.51503647 0.40969881 -0.42779440 -0.29182497 0.40120564 0.13402369
0.48343415 -0.33910422 -0.22559205 -1.24406892 -0.02409850 0.10246353 -0.16017104 -0.12905035
-0.15936350 -0.67626351 -0.61209982 -0.31463400 -0.22049979 0.14899235 -0.63377320 -0.35221604
-0.11855925 0.45387271 -0.34589382 -0.49117165 -0.96459755 0.88873836 0.27874909 0.05490335
-0.13789102 0.43148279 -0.52784840 -0.33961093 0.46894959 -0.03213041 0.95413098 -0.34404970
-0.03164159 -0.28286692 0.57574866 -0.36321679 -0.03990335 0.16104856 -0.25533419 -0.21831319
-0.41363325 0.00682330 0.24736052 0.37450437 0.58708035 0.55924104 -0.10232164 0.69507809
-0.18541136 -0.48663140 -0.06106756 -0.12602479 -1.32359604 0.27205663 -0.64145134 0.43797856
-0.69691647 0.70617326 0.10418397 0.39396568 0.01210454 0.30389986 0.28364408 -0.42567552
-0.32552957 0.36662317 0.11105777 -0.25137625 0.07531646 1.10790577 -0.20982401 0.55775057
-0.10598066 0.55264706 0.23259750 -0.16925744 0.31682082 -0.04522516 0.57008424 -1.03045061
-0.29001526 -0.19335828 -0.26753402 1.16578929 0.67768516 0.83765068 -0.36784863 -0.25894957
0.12902154 0.25126135 -0.40513088 0.80507998 0.19714360 0.39567287 0.35696494 0.64537643
0.01048214 0.57286986 -0.09293316 -0.79545345 0.69339470 1.31175509 -0.21670738 0.58416544
0.37775283 0.40818721 0.03690970 0.12256120 0.70669520 -0.02045496 0.09281123 0.12811312
0.38469895 -0.21830878 1.11603372 -0.50760382 -0.76988052 0.23414337 -0.68127426 -0.96244782
-0.80073852 -0.09069098 0.47161674 -0.01185344 0.57764531 -0.60263846 0.09384392 0.77101501
-0.18000616 1.04479322 -0.50697581 0.55328752 -0.02641258 -0.72712998 0.51225136 0.55425260
0.07205094 0.10113799 0.69215999 -0.04297174 -0.47686861 -0.33481305 -0.45553315 -0.34675309
0.20777268 0.86663470 -0.05654018 0.17039919 0.34583114 -0.76272623 -0.11573900 0.65127946
0.13036508 0.07891337 0.81771508 0.29785937 0.11683032 -0.02463392 -0.37007461 -1.26420458
-0.20912672 -0.13802628 -0.13861720 -0.01000111 -0.21639416 -0.94450050 -0.11409423 0.34093902
0.34422993 -0.27591045 0.48302880 0.59530420 -0.76240519 0.50047720 0.10377474 -0.31486110
-0.35729333 0.84768036 -0.43943317 0.13347332 0.34534249 -0.18160646 -0.24506890 0.41451452
-0.53194266 -0.61114468 -0.86054845 0.29167372 0.07447143 0.00180413 -0.30537853 0.02075300
-0.88400942 0.15659048 0.46443467 -0.68554595 0.20315652 0.25543006 0.70099187 0.32014276
0.51544244 0.16081905 0.01741672 0.80077024 -0.69272063 0.53515148 0.68419513 0.39086583
1.44694698 0.19230723 -0.50969167 -0.52410445 0.65495702 -0.00257019 0.51932698 -0.01430484
-0.01949418 0.74310107 -0.67043438 -0.17343190 -0.05819568 -0.08369641 -0.44437266 -0.07562095
-0.26646755 0.36787387 0.36892079 0.18259083 0.20021116 -0.91056724 0.76446283 -0.45428344
-0.11278967 -0.32627380 0.21120156 0.10449358 0.70613185 -0.17185289 -0.01272314 0.02465176
-0.24193203 0.57799547 0.49815062 -0.43408788 -0.06450822 0.08483252 0.73600722 -0.38936592
0.01274637 -0.85693027 -0.10665193 -0.26509775 0.48666009 -0.52886469 0.73801680 0.08513759
0.15472043 0.41813303 -0.41819872 -0.12976358 0.23804873 0.06759563 -0.32321100 0.62636049
-0.78738497 0.54405709 0.54131921 0.09295738 -0.12941643 0.31586785 -0.30011637 -0.16319654
0.39035983 0.85998335 -0.07300925 -0.07017469 0.17677676 0.07399889 -0.02287208 -0.08031766
-0.46132918 -0.11208296 0.25365069 -0.75740854 -0.61581541 -0.52711749 0.58120212 -1.24569173
-0.45855024 0.36177314 -0.00663970 0.00484825 -0.18833978 -0.25014798 0.05863896 1.33426732
0.37281842 0.30463353 -0.29438555 -0.60001317 0.39976610 -0.08183174 1.06852532 -0.02832976
-0.56357308 0.30186053 -0.37368128 0.46190564 -0.34064885 0.04604223 0.52879376 0.07415907
-0.28244931 -0.23598850 -0.70677055 0.13560358 0.50756264 -0.05064236 0.62235306 -0.06120613
-0.59392188 -0.23909414 -1.07683259 -0.03549356 0.00805293 0.52044893 -0.33612773 -0.34394121
-0.32553202 -0.06998317 1.17171497 -0.56743433 -0.63280962 -0.33209101 0.28912747 -0.05534268
0.29284790 -0.46122274 -0.66354665 -0.06390066 0.45073098 1.50973603 -0.47986333 -0.55031468
0.60203931 0.78593847 0.16323022 -0.18044769 0.87322820 -0.14416735 0.78905948 -0.51294465
-0.37335612 0.41111495 1.36600477 -0.11318009 1.23102801 0.21800363 0.45564833 -0.26495051
-0.79783123 -0.28616377 -0.49761423 0.07877550 0.58662941 0.16421224 0.24356762 -0.32855357
0.33496122 0.15182643 -0.23835487 -0.09948369 -0.35949832 -0.52380832 0.41720529 -0.03072757
0.24672591 -0.59956543 -0.41877517 0.08831313 0.18211454 0.40993028 0.50363949 -0.23048674
1.06027392 0.63229786 -0.81348916 0.43731524 0.16571764 0.07936178 -0.02550745 -1.04887080
0.54430167 -0.21184773 -0.29685616 0.04712904 -0.44534379 0.05149870 -0.56474440 -0.58352305
-0.36257309 0.03604536 -0.57023013 0.42620229 0.85313829 -1.09108949 0.02994859 0.26012343
0.31113864 0.47672741 0.26673960 0.45757679 -0.34772759 -0.14756711 -0.15373993 0.32821554
-0.33921300 0.20504269 0.24570632 0.23273468 0.22889225 0.94819891 0.32681305 0.40857800
