-0.63590801 0.05668067 0.10077921 -0.72568346 -0.16378250 -0.65357413 -0.13704273 0.18972911
-1.14035365 0.44478595 0.11163864 0.33416499 0.30906365 0.25734415 -0.09846822 -0.86530159
-0.42967252 -0.11311518 -0.20854790 0.75548454 0.45825581 -0.36201776 0.59270492 0.01807909
0.33483114 -0.59824781 -0.51635309 -0.51054675 -0.11546886 -0.52110787 -0.65398121 -0.74414709
-0.18551027 0.62243491 0.06616905 -0.63447546 0.33643860 0.01353233 0.80474589 0.55559544
1.10910878 0.01231029 0.98971504 0.31689211 0.07250915 0.08519540 -1.09557891 -0.33563192
-1.20120321 -0.08275804 0.71680979 -0.29026808 0.26612502 -1.02399445 0.05646331 0.39682440
-0.12961125 0.75459899 -0.37512722 0.53625711 -0.27398975 -0.42143400 -1.86499171 0.28134136
0.06078820 -0.34240987 1.19636921 -0.23735884 -0.49969882 -0.50082729 1.16130937 0.88309206
-0.96830770 -0.28266732 0.01071124 0.01093949 0.05519291 0.43781542 0.03394660 -0.61046166
-0.33610407 0.36715697 -0.57716320 -0.08304372 -0.41432108 0.22667146 -0.39236958 -0.52866867
0.22663714 0.08045715 -0.36892687 0.08319154 -0.54992894 -0.19558412 -0.43039420 -0.71172832
-0.84446969 0.73826431 -0.61943230 -0.73105797 -0.13539985 0.63864198 0.37438666 -1.20640552
0.79088949 0.59677477 -0.76451211 -0.58630055 0.70422385 -0.38593057 -0.08709135 0.81261192
0.11443911 -0.70966041 0.13172625 0.12599094 -0.40156797 -0.50894815 -0.33910085 -0.68161592
0.32364403 0.28266036 -0.05061231 -0.30091121 -0.16909012 0.02494544 0.28639802 -0.22229852
-0.23507645 -0.28621989 0.00500258 0.07096610 -0.13303005 -0.03959472 0.11688791 -0.14957018
0.29537256 0.49987867 -0.46296579 -0.66150239 -0.34448939 -0.12274579 0.02608319 0.03994180
0.08573135 -0.48314107 0.26499791 0.11109079 -0.17579622 -1.29957037 0.64744491 -0.78374203
0.36526564 -0.29611057 -0.48726607 0.13855146 -0.41877902 -1.27143658 0.89089075 -0.81194124
-0.26197276 -0.74072437 0.83783511 0.55962876 0.89254249 0.51691185 0.88949135 -0.95077811
0.28923645 -0.54697001 0.11202252 0.02847053 0.34210394 0.57109787 -0.32676250 -0.72253826
0.11814213 -0.30503397 0.18688250 -0.18867620 -0.07040055 -0.23438284 0.84629851 -0.10976862
-0.58974402 0.61437231 0.13801927 -0.38403478 -0.32066180 -0.11903155 0.29627143 -0.29620354
-0.23064261 -0.58648741 0.26392270 -0.04007627 0.01391080 -0.00467933 0.15361031 0.43953661
0.09776029 -0.30743196 -0.35868098 0.40274701 0.02412804 -0.05346220 0.18879724 -1.00176741
-0.37960935 0.96782304 0.51790090 0.01769509 -0.35012340 1.46691249 -0.17735260 0.31996168
0.07469384 -0.12894756 -0.47879669 0.29897512 0.46456970 -0.48558059 -0.18606210 0.16787593
0.10310303 0.64442669 -0.02409884 0.27139707 -0.14681817 0.38440619 -0.28377040 -0.91040432
0.05950924 0.49725056 0.79482050 0.26292490 -0.18014517 0.66064065 -0.56569021 -0.11984965
-0.26144865 -0.07564429 0.70867052 -0.07636421 -0.42954734 -0.77181063 0.94154736 0.42381096
0.02675046 0.50932043 0.41181093 0.55181762 0.61261133 1.13277932 -0.31459216 -0.51731486
0.07662944 0.10561995 0.45945582 -0.27546234 0.08239315 0.04616349 0.98798441 -0.80054351
0.20930866 -0.02671816 0.34549920 0.88343901 0.99106817 0.12022604 -0.30981118 -0.00300097
-0.30259941 0.25021682 -0.08383348 -0.03589850 -0.53343085 0.36867874 -0.08905395 -0.00204361
0.25351189 -0.56884657 -0.19177218 0.14891588 0.28520522 -0.07025738 -0.14234519 -0.53703485
-0.09411347 0.50797018 0.87707165 -0.13690093 1.00715667 0.49565910 -0.26160205 0.61335171
0.59861634 -0.42730628 -0.22708831 -0.39412274 0.11054166 -0.42826710 0.53629563 -0.19737907
0.10051375 0.09025375 0.40746481 0.03358561 0.33788187 0.77357462 -0.35371543 -0.24260204
-0.33172399 0.12190223 -0.12202547 -0.51646733 0.82193880 -0.60990005 0.08009221 0.15077271
-0.17017510 -0.24455388 -0.28341723 0.42230766 -0.04009351 -0.18527751 -0.61212875 -0.11696932
-1.10210372 -0.92116332 0.30687470 0.30778963 0.00275849 -0.18881125 0.49699395 0.38637528
-1.46561526 0.79026546 0.45742235 0.14975352 0.02165552 -0.73394513 -0.38439513 0.09517319
0.14711608 -0.76574263 -0.09511372 -0.08584633 -0.15784711 0.18663715 0.08946038 0.33195599
0.65953892 -0.39695665 -0.51892512 0.60493480 -0.50086318 -0.99850805 0.54094981 0.64114973
-0.53772490 -0.01869540 0.66318112 -0.09008869 0.66317586 0.25180745 -0.48961610 1.06810038
-0.02174078 -0.81377040 0.04895932 0.06394113 0.69641980 0.52128180 0.20480372 -0.04480397
-0.74614971 -0.41893166 0.44714197 -0.02061560 0.43853243 -0.66232149 0.06377643 -0.48810023
-0.59211060 -0.09859062 -0.02966777 -0.75041847 0.08449401 0.71949434 0.02727219 -0.16970564
-0.23872305 -0.10894263 0.88514842 0.21906259 0.18801926 -1.03355752 0.12120558 0.73020568
-0.37196850 0.87579608 0.54937790 -0.40493771 -0.52346264 -0.92267219 -0.21477483 0.49376935
-1.13838445 0.41895199 0.38997392 -0.21882434 0.76102013 0.31827163 0.06225725 0.72967669
-0.41218603 -0.77225425 -0.08846176 -0.69800440 -0.29883244 0.01861105 -0.29896544 -0.43640918
0.75085527 -0.72995953 0.26040349 -0.74482404 -0.36121378 0.19028022 0.20937991 -0.27290677
-0.18128810 0.02904266 -0.26957065 -0.34839724 -0.34855230 -0.07121592 -0.53139015 -0.93819247
-0.54187840 -0.38298995 0.53070074 0.04918639 0.04944062 -1.26442112 -0.87837060 -0.61333447
-0.39964749 0.04863816 0.40493459 -0.42516047 0.51560050 -0.22889909 -0.19555714 0.17698472
-0.85208751 -1.35415094 0.21781428 0.58146334 -0.55367683 -1.16474405 0.56221375 -0.12441396
0.21668935 0.04237213 0.31954957 -0.22870347 1.06166991 -0.70963965 0.04582680 -0.00781463
0.85077570 -0.79614505 -0.32263752 0.43657562 -0.48069029 0.41454382 0.05514999 1.56259380
