-0.37383394 0.63226364 0.05450402 -0.05044370 -0.34748752 0.68247957 -0.65072405 0.12509332
-0.12980418 0.28864283 -1.13545380 0.27427498 0.23551061 0.38646403 0.76652544 -0.72557428
0.30826967 -1.22138973 -0.29284054 0.28870864 0.80737696 -0.45791244 0.96398335 -0.23136242
1.33497091 0.82148466 -1.13345353 0.10193990 -0.50995884 0.01535498 -0.06683381 -0.00873759
0.41877223 0.56710441 -0.30946667 -0.17464212 0.23410980 -0.35190439 -0.12262851 -0.32703087
-0.45343591 0.36836292 0.59716998 -0.42827429 0.21251852 -0.48877335 -0.32755744 0.76126557
0.07782201 -0.55025136 0.27698620 -0.45997130 -0.96710294 0.36157324 -0.20844041 0.08774216
0.13992467 -0.61797574 0.77404907 -0.32083008 -0.19461956 -0.17485715 -0.44972998 0.08403419
0.05598752 -1.27153698 -0.57546341 -0.08197339 -0.05121487 0.60284463 -0.86402086 0.51868115
-0.69282278 0.05948528 -0.13033078 0.72586868 0.01199274 -0.23852000 -0.07303287 0.11244547
0.78057300 -0.13627583 -0.09155141 0.56303779 -0.39716805 -0.77174817 0.37299976 -0.45921976
-0.70175877 -0.23939630 0.49646238 0.75013927 0.61072732 -0.46949608 -0.16879302 0.16588970
0.78369850 0.21766091 0.84413584 -0.70304378 -0.58176211 -0.07330166 0.62339006 0.05054361
-0.60880711 0.24772434 0.31444109 -0.08414494 0.54711764 0.33995323 -0.11620950 -0.47746976
-0.45654382 -0.20439133 0.88283521 0.45645979 0.21767484 -0.62014176 0.51087616 0.41438471
-0.12364930 -0.01542208 -0.47564779 -0.40297383 -0.00669751 -0.17881361 -0.54203703 -0.45358358
0.40115763 1.03071836 -0.97186077 -0.46778438 -0.55079488 0.72055339 -0.68978321 0.19486590
-0.64469065 -0.30088873 -0.57254377 -0.07982441 0.48481516 0.36884407 0.20399646 -0.11915329
0.18012126 -0.58589559 0.50720585 -0.28131316 -0.16677924 -0.90030790 0.27054354 -0.33751537
0.11590910 0.11796823 0.27510152 -0.04125107 0.27394731 -1.13879722 -0.99123386 0.67541238
0.75032258 -0.02170826 -0.15231697 0.50908569 -0.28804849 0.58750489 -0.56477621 -0.36997752
-0.37785416 -0.15173968 -1.18449210 0.06922261 0.20014942 -1.20938193 0.00207819 0.12712761
-0.34923400 0.08133525 0.29349173 0.13446551 -0.11685510 0.08816221 0.23840598 0.35588615
0.30779609 -0.14396138 -0.47581604 -0.07928471 1.66327013 -0.44855727 0.12280668 0.93224092
-0.93864528 -0.94567923 0.29074965 -0.73635704 0.30644812 0.54081997 0.50123172 0.22816467
-0.50964472 0.19080956 -0.54071778 -0.16373608 -0.16669352 -0.29135620 0.39262318 0.18998927
-0.10113052 0.47173866 -1.10042270 0.86628066 -0.21767842 0.09742384 -0.10812450 -0.89227365
-0.03672787 -0.34797220 -0.75077409 0.20421277 -0.85019081 0.41385492 0.44439313 -0.36533145
-0.06368973 0.51211585 -0.20585169 -0.19578097 0.40660625 -0.03429285 0.27367735 0.61749776
0.10587747 0.21744982 0.56689004 -0.40856354 -0.02207189 -0.52380855 -0.47582961 0.21713049
-0.02625493 -0.02138618 0.42948543 -0.16586298 -0.13247567 -0.56023097 -0.85280356 -0.47618810
-0.27411190 -0.15045028 -0.40715950 0.06263366 -0.35571562 0.45738631 0.11881734 -0.06871906
0.72362819 0.84159585 0.16833630 -0.45020982 -0.53445303 0.72126941 -0.27528586 1.14124780
-0.04051459 0.25313667 -0.14551495 0.16253983 -0.08409165 0.30379733 0.13305254 0.51491509
0.85069123 0.39474597 -0.75248792 0.45230363 -0.17208853 0.08784916 0.81916293 0.30997719
0.70399562 -0.45010082 -0.39660884 -0.04221239 0.68102207 -0.27234737 -0.25407175 0.29660639
-0.91386457 -0.03602719 -0.27131178 -0.30238482 0.45304278 -0.25923165 0.11411246 -0.00280597
-1.07737003 -0.38597978 0.35733529 -0.07615654 -0.25588898 -0.72516467 0.49095018 0.18965256
-0.37226102 1.00180781 -0.61748076 1.00063845 -0.06184216 -0.79434030 0.50079592 0.12540892
0.88305813 0.39784543 -0.20533217 -0.57350801 -1.32957344 0.20945642 0.03554411 -0.49588758
0.10351870 0.17758696 -0.04935201 0.63301583 0.20685232 -0.13124581 -0.39162190 0.93331367
0.25681847 -0.59175982 0.64280358 -0.17133748 -0.02934044 -0.50833288 0.52766587 -0.61665378
-0.97840730 0.85137172 -0.21195428 -0.30356862 -0.35432141 -0.36019020 -0.18375366 0.22499680
-0.34580959 -0.21945967 0.13264578 0.41581825 0.33343800 0.67407893 -0.68606885 -0.56310412
-0.87047845 -0.01232744 0.47123896 -0.24426695 0.42660643 0.07108163 -0.40561535 0.07927480
0.38187072 0.07180179 0.63706018 -0.10230909 0.35167143 -0.39285605 0.05623376 0.60047344
-0.27544347 0.06805529 -0.46979005 0.51106460 -0.81805417 -0.31636728 -0.11334005 0.18500907
-0.20077887 -0.30706757 0.46918452 0.36520561 0.21275660 -0.62551579 -0.35995063 -0.38664651
-0.11540435 -0.06618584 -0.64510381 1.22536844 0.55761934 0.49940767 -0.17724313 0.39934258
-0.51189675 -0.60853678 0.02156908 -0.02592083 -0.09800151 -0.01424518 -0.08640347 -0.78537373
0.18607195 -0.04299929 -0.84616260 0.41069603 -0.94720835 -0.06916171 -0.48042260 -0.22893600
-0.58229551 -0.50311673 -0.68670444 -0.91599796 -0.64730632 -0.04274358 0.37599592 -0.44122114
0.04801042 -1.26220771 0.73600389 0.23961332 0.18084991 -0.24588720 -0.38547785 0.29058753
-0.36220241 -0.20338347 0.13217355 -0.87067462 0.34883980 0.63559420 0.66913326 -0.27078654
-0.31021786 -0.04883709 0.28686720 0.46693806 -0.35554222 0.55056497 -0.40717548 -0.11938057
0.04695404 -0.58562700 -0.08903619 -0.12711523 -0.11188534 -0.37777044 0.71071884 -0.49635806
-0.15165442 -0.21167201 -0.29499526 -0.38386084 -0.11981582 -0.58805296 -0.45699241 -0.26071339
0.60285312 -0.74379555 0.15468416 -0.12760547 -0.06890584 0.23269315 -0.17063227 -0.34763546
-0.70480068 -0.17274363 0.24875493 0.11346411 0.84477258 -0.46429135 0.59130522 0.07331834
0.10793496 1.00015480 -0.47835923 -0.39191942 0.30018900 0.31317063 0.06057713 0.16154286
