0.19598354 0.37201615 0.02772293 0.11135542 -0.06027355 0.17664779 -0.37145392 0.07910868
-0.36931774 -0.42432271 -0.06606231 -0.44048644 0.58952510 -0.48745785 -0.51969565 -0.03208966
0.35020435 -0.47033998 -0.09589373 0.39061185 -0.92574859 -0.20486908 -0.57073504 0.18625171
1.17926539 -0.53620697 -0.13262589 0.45608590 0.41951771 -0.28761724 -0.03021428 -0.05166591
0.96137051 0.07483759 -0.38765209 -0.85137848 0.55275735 -0.71617466 0.63173690 0.58554710
-0.22432044 -0.30675388 -0.30542141 -0.29831268 0.23341868 -0.30877327 -0.40350470 0.11968451
-0.23015182 1.31139395 -0.48280490 -0.36394875 0.52967876 -0.71746681 -0.08408754 -0.59348178
0.55068507 0.48749783 -0.58919760 0.14268495 0.41302562 0.35412775 -0.25694082 -0.52741894
-0.56705606 0.23136221 0.46101425 -0.27115556 0.63178684 0.15156173 0.37122723 0.74680262
-0.09138899 0.12815955 -0.05501588 -1.31764324 -0.27927036 0.95868903 0.37902402 -0.09302512
0.35176183 -0.49849023 1.41815784 -0.25787162 -0.33540523 -0.83327472 -1.09266545 -0.28962127
0.49535762 0.05976850 0.07153793 -0.52675538 -0.63458448 0.74813114 0.89885487 0.14174715
0.26304325 -0.24667554 0.02698877 -1.02641867 -0.12442539 1.01796416 -0.12582299 0.18252741
0.70863000 -0.23816468 0.53356102 -0.10922260 0.28267567 0.28526221 -0.02540194 -0.12858583
0.18948547 0.27265930 -0.45571700 0.25130242 -0.81431838 -0.58172673 -1.21501389 -0.12567873
-0.11349614 0.42819491 -0.04001260 0.12467569 0.22894479 0.61230417 0.44800812 -0.34478739
-0.22290156 -0.09809068 0.01999892 -0.44965280 0.27540555 0.10143174 0.01998945 0.11662911
-0.00108500 0.02540038 -0.04818627 0.66745102 0.09121793 0.52678552 -0.16971397 -0.27006349
-1.36733609 0.80182887 0.18361901 -0.43159198 0.44526663 0.07943007 0.05615587 -0.62092866
0.56185851 -0.52632551 -0.83574940 0.35408339 0.22221809 0.46914236 -0.11174122 -0.22882463
-0.88542949 -0.33167046 -0.32907882 -0.06246465 0.03862547 0.05042011 -0.48126915 -0.11888251
-0.47652920 -1.31691907 0.14843255 0.37948469 -0.60862525 -0.45236482 0.42853329 -1.01262910
0.03872416 -0.12089593 -0.23438823 -0.70692705 -0.59870457 -0.68266377 0.19562388 -0.57702881
-0.06798271 -0.59959426 -0.90144297 -0.68405319 0.78212075 -0.49191253 -0.53095024 -0.50824236
0.35745186 -0.85553063 -0.35246900 -0.03574138 -0.72341379 0.14510008 0.00416625 0.37785627
-0.33181020 0.47047701 0.16852650 -0.61706514 0.17654650 -0.10969715 -0.76717265 -0.35385160
-0.41947281 -0.64515761 0.94151587 -0.58459279 0.16189655 0.48253810 0.01943502 -0.26309728
0.43129796 0.47135695 0.74323909 0.11356265 -0.33326954 1.55525505 1.24405348 -0.14244001
0.49299552 -0.34503254 -0.35043005 -0.30983330 -0.02847648 0.41499404 0.03704829 0.02782580
-0.23299959 -0.14423687 -0.24493566 -0.19787062 -0.00081017 0.17906418 -0.08054657 0.09040621
0.15393447 0.55166482 0.18048465 -1.67740599 -0.62556184 0.02543509 -0.31952906 -0.54998612
0.30095818 0.14919342 0.47229104 -0.77131328 -0.18219045 0.03012471 0.17459110 0.67524321
0.56753036 -0.46341937 0.19741477 -0.07348175 -0.32878687 -0.38956159 0.01187361 0.67981728
0.32201928 -0.12062030 0.90828571 0.30486128 0.43858000 -0.86630094 -0.45491931 -0.20430416
1.42292115 -0.59569386 -0.11787048 0.48223658 0.44693956 -0.24317660 0.25110339 -0.20680588
0.23208409 0.39288673 -0.07744154 -0.00017107 -0.38271888 0.03619617 0.16360588 0.34707154
-0.01335856 0.17993867 -0.35964420 0.68361281 -0.07283813 0.10525581 -0.07518320 -0.12108818
0.55382649 -0.24508353 0.26361053 0.95296995 -0.18824321 -0.27493584 0.01605511 -0.20190979
0.19304128 -0.74874969 -0.23141274 0.12135716 -0.54015402 0.55435390 -0.58269374 0.33280093
-0.13747987 0.40627924 1.16176107 -0.32069576 0.09433952 -0.03580525 0.08484230 0.43149545
0.08101725 0.26925581 0.31412225 0.12802631 -0.02578573 0.22383618 0.02436067 -0.12541612
0.16546504 0.26629361 0.59304412 -0.49040227 0.14489689 -0.39503228 -0.11144223 -0.21084893
-0.48411965 0.78890531 -0.02500098 0.55321859 -0.03949281 0.45505522 0.28533414 -0.56623978
-0.53964333 0.74108635 0.76849228 0.36719491 -0.45193201 0.08246449 -0.49011791 -0.03197849
0.18372379 -0.46276424 -0.04967907 0.64454254 0.72415093 0.12304797 -0.43268660 0.65997936
0.58715348 0.07293915 -0.25237941 -0.07773477 0.16834296 -0.31963777 0.33947593 -0.16034348
-0.06429582 0.04374962 0.90526071 -0.93613883 -0.61004043 -0.65672179 0.39827862 0.91340058
0.81578429 0.41674637 -0.74025420 0.23524079 -0.23234553 -0.39927887 -0.06827937 -0.46329645
-0.06115972 0.40239537 -0.34048113 -0.54722095 0.22442739 0.26221611 0.27956117 -0.21057400
0.35118692 -0.10537298 0.47506856 -0.64443667 0.05684506 -0.47126499 -0.21593268 0.10416927
0.65505117 0.67829275 -0.54141157 0.83981683 -0.34354596 -0.39272063 1.33444993 -0.26024619
0.02295293 0.02910170 -0.17367179 -0.15106958 -0.30212280 0.61083829 0.41656394 -0.24101430
-0.28095826 0.40489953 -0.89033896 0.36818367 -0.26834436 0.25730633 -0.13383862 0.57542819
0.08166664 -0.29556001 0.15607413 -0.34966429 0.49115161 0.31264159 -0.46390079 -0.71044188
-0.35520457 0.33761811 -0.64370965 0.22061437 -0.38577044 0.67616575 -0.06362846 0.01394127
-0.51146318 0.49879243 0.43004664 -1.14381021 -0.69549882 -0.26895549 0.56915010 -0.10419579
0.34029555 0.27070635 1.74327221 -0.07767965 -0.60582924 -0.32210432 -0.07193756 -0.09338757
0.10461686 0.81039648 -0.29023872 0.67237465 -0.10753166 0.15730296 -0.42080989 -0.40335185
0.38880989 -0.35963573 0.36831606 -0.30683388 -0.23998032 -0.63462079 0.37758349 -0.22037111
-0.13378468 0.26472548 -0.97601310 0.19098636 0.74604953 0.02494158 0.23465565 -0.05964713
