-0.20553401 0.56063014 0.94107041 0.20673487 0.62465979 0.52539116 -0.29556251 -0.56233550
-0.15399153 -0.05741804 -0.17619656 0.02521009 -0.21498575 -0.01528236 -0.89035097 -1.02612941
-0.43501817 -0.15332108 0.06414975 -0.26499012 -0.03394783 0.03483821 -0.54568775 0.21166488
0.22750661 -0.82413064 0.10074271 -0.19065604 0.52521697 -0.54406353 -0.37945587 -0.72571576
-0.78762738 -0.43558362 0.10074045 0.90091776 0.22449506 -0.21041221 0.29767560 -0.65238202
-0.47344981 -0.67450674 -0.27518429 -0.27620012 0.76501355 1.36096898 0.37391946 -0.31248748
-1.23291148 -0.02616035 -0.20352573 -0.12982119 0.16067162 -0.04332618 -0.16053694 0.01157197
-0.40900672 0.00024839 -0.65211719 0.30840722 -0.55511212 0.34539630 0.18278024 0.19796160
0.51473308 -0.98840082 0.55752262 -0.06545218 0.22416144 0.71610491 0.32303158 0.07307779
-0.49873135 0.71117402 0.74698995 -1.30595698 -0.77045170 -0.19344242 -0.64974169 -0.39410928
1.14635052 0.17630252 0.17013148 -0.28702532 0.32985384 -0.83840665 0.20156709 -0.37236688
0.53529324 0.42949183 -0.51302156 -0.25418808 0.14232371 -0.62221979 -0.10440215 -0.09363998
0.50335409 0.10413527 -0.19371844 0.20038353 -0.06908575 -0.04522167 -0.79467987 0.02050193
0.31646636 0.51109612 0.08597197 0.22443332 -0.28444868 0.49263944 -0.50381014 0.73519274
0.58032166 0.38633144 -0.34181549 -0.43280731 0.15139108 -0.54404752 -0.64978097 -0.05213045
-0.41770586 0.14176059 -0.00513881 -0.91878370 0.28053319 -0.39921989 -0.55957031 -0.25923326
-0.20110786 -0.74566119 0.40932790 -0.19928295 0.34470116 -0.05677966 0.19976358 0.71482172
0.47538066 0.22029416 -0.23066755 0.53492614 -0.89338070 -1.11294127 0.73981689 0.12367909
-1.06199016 -0.96172688 -0.25918016 0.03058607 -0.21552403 0.46905124 -0.44914995 0.55901460
0.28002587 -0.07830125 0.16269160 -1.12994457 -0.63554467 -0.37403136 -0.47456007 0.28220616
1.18924717 -0.24622486 0.12182795 -0.26857501 -0.85753177 0.41625552 0.37562623 -0.39069637
-0.00273480 0.19077189 -0.18737175 -0.12134695 0.33356436 -0.03907865 0.07511398 0.01916047
0.13134507 -0.23983966 0.22608459 -0.11036241 0.95007217 -0.86003598 0.25342323 0.78901088
-0.26581426 -0.08160419 0.57927649 0.49102934 0.43058882 0.42203025 0.13094094 0.42106122
0.23971803 -0.23758628 -0.29214995 -0.45282352 -0.18952106 -0.25068197 0.64018525 0.09550147
0.55562599 -0.11863837 0.37187245 -0.20120481 -0.11288778 -0.59878515 0.62395979 -0.84256251
-0.74896282 -0.49447136 -0.76115712 0.14098863 0.89070894 1.09395292 -0.49491467 0.72601352
-0.05373516 -0.63267094 -0.34765393 -0.00382956 0.46108432 -0.23336219 -0.77845862 0.11861491
0.12789951 0.80057929 0.05184825 -0.28716244 -0.84903008 -1.21040606 -0.46978984 -0.24589084
-0.38931047 -0.02970539 -0.57816035 -0.15187658 -0.35252009 -0.34957635 -0.07908707 0.06077296
0.68344975 -0.32538121 0.92419455 0.05851588 -0.21289782 -1.30760641 -0.32140435 0.42499860
-0.17310704 0.30268218 0.29278683 0.03541785 -0.24174979 -0.74441540 -0.47676804 0.46139310
0.34725637 -0.34032977 -0.44212085 0.40361472 0.75252258 0.15722488 -0.35126205 0.18296552
0.08590832 -0.01985226 0.02960522 -0.42304869 -0.29583721 0.11286708 0.40038842 0.32149147
-0.01563707 0.37076407 -0.05037345 0.19101023 0.06460746 -0.47932456 0.10666448 1.08495392
-0.17550403 -0.54844964 -0.11270712 0.35607982 0.35363307 -0.29875519 0.08931074 0.56271896
0.45763005 -0.05123769 0.16507806 -0.44949505 -0.38941759 0.01975237 -0.49897863 -0.48705065
0.07563387 -0.58179373 0.39549825 -0.26959870 -1.21050815 -0.52187189 -0.37897789 -0.02476518
-0.05564981 0.35352490 -0.62950994 -1.05840258 0.71505661 -0.04250931 0.14202189 -0.02853320
0.19677340 0.36373964 1.02400477 0.12110674 1.37338793 -0.00585858 0.54752352 -0.17339200
-1.00299965 0.41582873 0.02864899 -0.09095783 0.00138139 -0.31410538 -0.63405670 0.37547243
0.09006799 0.64839130 -0.15991671 -0.36932553 1.04591923 -0.25136766 -0.22956337 -0.70976037
0.01317867 -0.72584842 0.35342524 0.13187711 0.56642795 0.13081524 -0.00909778 -0.28052702
-0.73664578 -0.65113326 0.18398093 -0.58402161 -0.41441633 0.73610099 0.48955106 -0.18225643
0.61939515 0.11600255 -0.30325820 -0.41982152 0.36879210 1.14362600 0.28929428 -0.05773160
0.31351954 -0.00792895 -0.08001738 -0.03465837 -0.12152144 -0.38833411 -0.18437328 -0.38207076
-0.19975506 0.36777454 -0.67059858 0.50422119 -0.30718857 -0.25872799 -0.19737784 -0.15396705
0.38844673 -0.13812409 -0.02259965 -0.06684492 -0.32312851 0.34893180 0.08114467 0.03909855
-0.37779231 0.20505050 -0.85231282 -0.32527277 0.30266381 0.45741496 -0.40859313 -0.17124956
-0.15768472 -0.94416596 -0.57179307 0.13673266 0.46194876 0.60161275 0.32519234 1.11156771
-0.03295332 -0.47262098 -0.38800010 0.10652005 -0.64893355 -0.39541878 -1.02273599 -0.10557432
-0.24622042 -0.85096749 -0.82799550 -0.00185876 0.37018809 -0.48168378 -0.11098233 -0.07432936
-0.48205356 0.07728360 0.76624871 0.15573801 -0.27029596 0.14625837 -0.73079785 0.39230491
0.17747500 -0.03508892 -0.27200125 0.93773517 -0.36587482 -0.27971258 0.23682006 0.55795536
0.31501782 -0.45720732 0.07204415 1.34557878 0.24501337 0.04484757 0.58295432 -0.21122009
-0.36418649 0.96341779 0.37730289 0.62402801 -0.80162179 0.20886285 0.40724951 0.70964920
-0.88997650 0.23238906 -0.51254917 0.19694582 -0.33274656 0.27564239 -0.46475752 0.25814787
-0.11164299 0.22711018 -0.89615947 -0.41921095 0.02724474 -0.43488751 -0.22064102 0.33301524
0.44802509 -0.57517121 -0.45467646 0.03684452 -0.29859419 -0.11413018 -0.18683701 0.77341826
-0.31100955 0.11939322 0.16646443 -0.11722352 0.01113239 0.05119524 -0.27094355 1.15424125
