0.39726057 -0.30225369 -0.20130799 0.02953668 -0.49879613 0.45414752 -0.75575236 -0.10720755
-0.67054428 0.74793144 0.84508790 0.15275746 0.27745215 -0.25883977 0.51853086 -0.13304382
-0.85102999 0.75745567 0.12123435 -0.85574404 0.36543266 -0.09203706 0.96842023 0.04542252
-0.45473576 0.15172777 0.57168567 0.62816046 -0.31214020 0.20381536 0.13023415 -0.65962523
1.09905152 0.39399662 0.48600298 1.07274696 0.44626106 1.49700858 0.65024793 0.38184352
0.37918893 -0.35056066 0.05253843 -0.01806776 0.57443518 0.18695781 -0.30685267 -0.18185100
0.69600605 -0.24676685 0.83062553 -0.29475353 -0.03644260 0.23680006 -0.03002581 -0.15147826
-0.34668862 0.59222099 -0.15990415 -0.66684796 0.60791508 0.80561128 0.22399811 -0.45262523
0.48993234 -0.65673128 0.57934472 0.05434598 0.69445124 -0.11605275 0.56060495 0.14685262
-0.62614027 -0.96267636 -0.31349601 0.11373563 -0.25327673 -0.50834959 0.25509621 0.17080022
0.36665634 -0.43930683 -0.33631368 -0.13945838 -0.14465764 -0.01663536 -0.03531256 -0.34836611
-0.25942701 -0.31915820 -0.75622284 0.16007069 -0.25603827 -0.40518940 0.12779395 0.80399978
-0.36526771 0.26815792 -0.25084969 0.64903638 -0.17496708 -0.52420704 0.37319757 0.00887956
0.49651928 0.30847176 -0.18545087 0.58383151 0.59597544 -0.07140284 0.53568352 -0.08124160
-0.08270793 -0.00501018 -0.16116059 0.42471396 -1.27456547 0.39963532 -0.36124602 -0.62176688
0.25629517 -0.08332190 0.04445516 -0.27509573 -0.34523299 -0.09929890 -0.30881469 -0.32075134
0.30381581 0.22826822 -0.47382668 -0.11590294 -0.33396641 -0.34527436 -0.14335417 0.60377484
-0.50038253 0.97514197 -0.13604266 -0.71802015 0.24957167 0.54419468 -0.36037912 -0.61141785
0.00688543 -0.01181274 1.17947397 0.31746258 -0.75549813 0.31948591 1.03956283 0.65639380
0.19465941 -0.76490883 -0.62303107 -0.79720266 -0.14516148 0.46035588 0.21337075 -1.33326729
-0.22351268 0.01666177 0.30654728 -0.67777576 -0.65363149 0.30812112 0.03574971 -0.20223523
0.50461812 -0.15136089 -0.17595110 0.39740411 -0.23275086 0.24168080 0.15562480 -0.31276519
0.05948758 -0.36424559 0.04522423 0.18737851 -0.72126844 -0.07212021 0.72988892 -0.96368986
0.54767767 0.04638211 0.03979383 0.02017854 0.32517606 0.25717995 -0.00323197 0.00306901
-0.64035271 0.32267687 -0.55507837 0.07038363 0.12006248 0.25773892 0.26212142 -0.34358537
0.63844543 0.34682374 -0.28153438 -0.19735271 0.08477513 0.00087407 0.45842370 -0.30487389
-0.08748523 0.33564708 -0.49171763 -0.69659719 -0.18708503 -0.54314180 -0.69057828 0.62344556
-0.20326406 0.71934274 -0.72371629 -0.25431440 -0.43564654 0.03531156 -0.42149909 0.21061478
-0.29867762 -0.10084803 0.18961150 -0.12138297 -0.50935930 0.14452055 0.30206338 0.25941002
-0.32589572 -0.27290766 -0.09029115 -0.51302196 0.90817033 0.78443195 -0.27721129 0.18591530
0.39600000 0.82353237 -0.18364757 -0.14711247 0.08067020 0.01654555 -0.59478198 0.36336249
0.12224240 0.19283758 -0.25900434 0.19873176 0.41326045 -0.21696949 0.03831583 0.48428519
0.47074890 -0.04728496 -0.46351148 -0.22650227 -0.02009615 -0.19806904 0.25508002 -0.41491374
0.03927413 0.40084591 0.43650879 -0.74099022 -0.41438286 -0.34528539 1.04026670 -0.16353636
-0.13557084 0.79288648 -0.29567994 0.77761428 0.71134440 -0.72703440 -0.26501833 0.01097739
-0.15939686 -0.62402532 -0.17186810 0.18323206 -0.56270208 -0.18300506 0.67718603 -0.32401278
-0.06506303 0.63471040 0.12453072 0.43879295 -0.45090336 -0.17640777 0.78994784 -0.23038904
0.57210141 0.58058001 0.43520775 -0.31983714 -0.65769325 -0.93063724 0.85075629 0.00218239
0.15424135 0.37132534 -0.15000689 0.32538328 0.57380254 0.12150438 -0.85516839 -0.25660450
-0.51856054 0.62009369 0.23221536 0.07456633 0.26018576 -0.03266918 0.33609971 -0.70702376
0.11891540 -0.73498677 -1.56229673 -0.33246317 -0.56359695 -0.46668971 -0.35246654 -1.61905556
0.13411675 -0.82250390 0.28853481 -0.43478432 0.13085307 -0.28615557 0.22631161 -0.24245222
-0.11600722 -0.45099595 0.12409758 0.44531428 0.31066499 -0.55868372 -0.63346802 -0.32891899
-0.85157821 0.18316113 0.11227316 0.23304279 0.08072334 0.23040793 -0.08676007 -0.61435255
-0.27250156 -0.26311899 0.43086860 -0.07287500 0.08019908 0.52249620 0.65886698 0.40929555
0.00686141 0.61597674 1.34851808 0.32202293 0.68824508 0.35741951 0.48509387 -0.40717085
0.51573421 0.69199655 -0.16285825 0.10750099 -1.03542535 0.60533795 0.10180668 -1.27265027
-0.02712728 -0.52820712 0.09444063 -0.13186033 0.85748089 -0.90589207 0.60116714 -0.36160013
-0.95088277 0.36678419 -0.33723005 -0.18446445 0.03043409 -0.05318848 -0.42093572 0.65027383
0.58981333 -0.20722488 0.05493869 0.12391221 -0.74975588 -0.53840270 0.04810945 -0.13787743
0.30835378 -0.49987654 0.21669626 -0.41245964 0.02682435 -0.44363999 -0.59554300 -0.47856997
0.01654973 0.28236287 -0.14879515 0.26474579 -0.53298506 0.78396488 -0.22492444 0.90136964
-0.11854440 -0.01959951 0.64385791 0.65551978 0.07825693 0.40622590 0.18303392 -0.82810829
-0.74632022 0.77223182 -0.08017058 0.35788068 -0.05237727 0.78802018 -0.13419196 -0.19948219
0.53019746 0.45246537 0.07265664 -0.29450736 -0.77233180 -0.19117240 -0.44405254 -0.09742472
0.45211072 -0.38723085 -0.14223095 0.07252264 0.40741559 -0.58062631 1.16076146 -0.22833965
0.07064972 -0.11381131 0.88601115 0.07543383 0.70500246 -0.21901187 0.05055896 0.25705898
0.12520544 -0.57221489 1.24930242 -1.46264249 -0.03115267 -0.11472625 0.60898413 0.12736432
-0.76985024 0.03565389 0.86481566 0.59033643 0.39895673 -0.62821024 -0.08511329 1.17826121
-0.23123239 -0.08326976 0.31897778 -0.21155290 0.08753031 -0.18505026 -0.89966481 0.32618683
