0.43624670 -0.51859983 -1.08268326 0.44146894 0.09054231 -0.19110299 -0.14982500 0.75488275
0.42028832 -0.22675846 0.13899779 -0.08542315 -0.13382675 0.25204152 -1.02217406 0.10808953
0.24266083 -0.27365939 0.89006834 0.33435967 -0.25160051 -0.88378425 -0.33349643 -0.00823207
-0.03648165 0.19639833 -0.69547077 -0.85004492 -0.07856499 -0.49513914 0.37645086 0.02327075
0.03792824 0.08393145 -0.87150635 0.09627355 -0.50704393 0.13349628 0.07113723 -0.26245526
0.16273264 0.48845631 0.02304575 -0.44706139 -0.11747621 0.31502097 0.33837025 -0.53725861
-0.08143884 0.99803849 1.18360844 0.83889071 0.22291936 0.36514132 -0.85907121 0.71283953
0.84892154 -1.23629165 -0.22578260 0.90159046 0.94519601 0.42261472 0.29783591 -0.12180835
0.63274454 0.11028153 0.81561619 0.41838793 -0.41999574 0.75050332 0.55282857 0.05589303
-0.35156356 0.62353286 -0.42796780 0.32353066 -0.06267337 -0.12129890 -0.03514230 0.00642729
0.47718571 0.15579182 0.33298947 -0.47037771 0.04416573 -0.03255153 -0.15191463 0.05284997
-0.16838642 0.21876218 -0.19472063 -0.23058679 0.00817952 0.17665874 0.46297669 0.77487152
-0.71907653 0.82268069 0.12447655 0.42871223 0.76675210 0.81800279 -0.20022326 0.30140355
-0.56320148 0.52957089 -0.30614069 -0.73721127 -0.20296877 -0.84532347 -0.47497783 0.40575109
-0.71818927 -0.05309370 0.13189368 -0.17531763 -0.05610527 -0.31402376 0.31433729 -0.45947441
0.21823261 0.14583099 -0.16732684 -0.34527550 -0.15810360 -0.53039126 0.69102556 -0.38764732
0.62879981 0.31003313 -1.25881471 -0.00610219 0.55095173 -0.24222859 -0.30196942 0.59989178
0.37639495 -0.38043375 0.21044289 0.45949394 0.61557600 -0.92123819 0.51081470 0.12006752
-0.06739580 0.17259632 0.45098758 0.77972116 0.12181936 0.91268241 0.31260236 -0.01802881
0.05184666 0.09952604 0.46053067 0.42483141 0.41426579 -0.18221388 0.60598949 -0.18840992
0.67544731 -0.16953044 -0.11352711 -0.60806828 0.41436281 -0.73903779 -0.14080259 -0.48462442
0.15145025 -1.60383882 0.11177504 -0.10685255 0.30358799 -0.17148103 0.08267046 0.71270046
-0.21290669 0.00025611 -0.28313794 -0.24469201 -1.02518983 0.57003573 0.31409805 0.72746970
0.41634382 0.13529794 1.06262584 0.48947630 -0.25275206 1.21267283 -0.38548271 0.02756282
0.32044607 -0.36428817 0.39807495 0.22167866 -0.43848370 0.70695221 -1.24344922 0.28911894
-0.43869901 -0.61219105 0.17005001 -0.79774067 0.52298679 -0.03867922 1.32520524 -0.36154926
0.00975705 -0.07002853 -0.02713193 -0.80930572 0.66442064 -0.66790117 0.15313583 0.10599081
0.03728786 -0.27600101 -0.18241443 0.11649595 -0.05612949 -0.63239497 0.62681439 0.43032395
0.50506808 -0.02674418 -0.66804796 0.61388916 -0.91189273 -0.53174053 -0.35043485 -0.23143460
0.76806456 0.33947542 0.21280725 0.43578085 -0.30706670 -0.87534574 -0.75222458 0.18162471
-0.29683315 -0.60581409 -1.07813650 -0.13976081 -0.64082773 0.35574252 0.03198527 -0.12629465
0.19444444 0.98392519 -0.05282205 -0.66804616 0.17281056 -0.08744353 0.44517748 0.40959829
0.03321102 0.44918788 -0.82434707 -0.09928250 0.90504181 1.14679621 -0.08040247 -0.74275022
0.04118627 -0.47510933 0.45698063 0.04133486 -0.40187005 0.07347155 0.25050803 -0.00898342
-0.16280551 0.96776909 -0.10053167 -0.75539035 0.73482904 0.20240264 0.29826990 -0.17897171
-0.33359373 0.47379808 0.26570872 -0.68665390 1.08899625 0.19699372 -0.28722838 0.36606746
-0.20470175 -0.53049259 -0.04271301 -0.02814354 -0.14546043 -0.90877316 0.48710073 -0.49227498
-0.26982448 -0.29936101 0.12451692 -0.25564348 0.31281322 -0.70076953 0.06169923 0.28321576
-0.98943172 0.01291670 -0.19093614 -0.77474641 0.31136743 -0.13847058 0.12552210 0.88097464
-0.38281390 0.20275237 0.14184893 -0.55180763 0.24109754 0.41096744 -0.77064225 -0.04309645
-0.15751711 0.37915280 -0.51301117 0.54502759 0.30616198 0.10359394 0.52137336 -0.65726654
-0.07558977 -0.40359342 0.39729645 0.57070612 -0.02253342 -0.07576598 0.01128338 -0.58578977
1.07504006 -0.36415693 -0.01148642 0.21584655 -0.73723297 -0.51558601 -0.66883177 -0.45195856
-0.15335409 -0.44296935 0.12591526 0.47678599 -0.68036152 0.01797243 -0.38953411 -1.03071291
-0.17020141 -0.41064359 -0.09767323 -0.44400665 -0.12092579 0.32688612 -0.50300949 0.11814322
0.43869961 -0.79084807 -0.35758214 0.89735604 -0.24106276 -0.96981135 0.01636928 0.48921162
-0.84256831 -0.54350500 -0.61035013 0.48412075 0.47738354 0.77966253 0.23590019 -0.63597651
-0.04343922 0.51554358 -0.17522215 0.13910345 -0.12961153 0.37862564 -0.31434712 -1.00572764
-0.94172741 0.28145871 0.87579831 0.45559698 0.09644468 -0.26081929 0.19544069 -0.52725137
-0.18644511 -0.04172164 0.06328202 0.60551117 0.32322801 -0.00804648 0.84891941 0.32400540
0.77415385 -0.44027101 0.52019149 -0.22242445 0.23602674 -0.15318827 -0.17222395 -0.47829163
-0.28962258 0.90167233 -0.48558502 -0.11170753 -0.68024013 0.15812909 0.47083300 0.79207589
0.78187539 0.32417635 0.19490380 0.55942244 -0.39174464 0.82405276 -0.51026383 0.29999161
-0.41607331 -0.08859365 0.22205064 0.02635306 0.12307161 -0.22429398 -0.13603146 1.21830357
0.28231672 0.28897030 0.67635574 0.13743162 1.09305307 -0.30902608 0.49273817 0.14611165
0.25578353 -0.10301923 -0.57346098 0.07685767 -0.13220579 0.28190380 0.28622795 -0.09745080
0.17292813 0.60887656 -0.42941139 0.06981511 -0.23286643 -0.49304000 -0.02310362 0.16666953
-0.63734179 -0.24979768 0.35721413 -0.62129673 0.29440002 0.72389592 0.16230113 -0.46366058
-0.16573916 -0.17209702 0.36117975 0.42943915 0.73978770 0.63839099 0.08874996 0.25204318
0.49222357 0.34731462 -0.37139179 0.50687428 0.51209483 -0.47803313 -0.28232271 -0.02635455
-1.02083782 0.12364282 0.35031833 -0.07654852 -0.52925564 -0.00391157 -0.45532727 -0.05647602
-0.90909477 -0.28062983 0.50154231 -1.04418401 1.15293051 -0.25460519 0.00773734 0.30402180
-0.40387641 0.66927167 -0.05793201 -0.37505713 0.02792582 -0.13478998 -0.12369790 0.00040541
0.46258479 -0.43043829 -0.05918821 0.46026129 -0.17589028 0.46768582 0.36208450 0.15580040
-0.03103876 0.92357975 -0.66819717 -0.15589476 -0.70228051 0.29893946 0.95928740 -0.05699979
0.35442054 1.00193897 0.50821646 -0.62127138 -0.51828884 -0.32569157 0.48835277 -0.20735464
1.03284399 0.85206365 -0.12878097 0.35383504 -0.84055736 0.22470139 0.42156022 -0.21321462
0.54569095 -0.23161218 0.48819388 -1.09542672 0.67077144 -0.02318269 0.64605829 0.37953616
-0.12122495 -0.39179492 0.70083383 -0.17788199 0.33203871 0.12485000 0.38650197 -0.61450648
-0.36661877 -1.29322506 -0.33850293 0.08717607 -0.28093761 0.59255833 -0.18709933 0.45636419
0.10522688 0.20454938 0.30707753 0.97081959 -0.65651583 0.70432692 -0.78953905 -0.22433020
0.12861647 0.05932792 0.35714343 1.12947312 0.25409759 0.09331493 -0.38068682 -0.43995720
-0.02603422 0.75710241 0.81518321 -0.17384145 -0.30256129 1.09326560 -0.12456858 0.09132187
-0.36175149 0.61051825 -0.43266889 -0.56356710 -0.10663894 -0.67470905 0.13179308 -0.24532219
0.71010866 0.53439986 -0.30778146 -0.55090576 0.55701824 -0.16820431 0.78384247 0.90684455
-0.21375770 0.19563076 0.09564739 -0.09946220 -0.04852391 -0.09366706 0.61554141 0.53306951
0.03276696 -0.52161166 -0.54115235 0.57532625 -0.53033317 0.07611103 0.03704003 -0.23277868
0.89513026 -0.77901657 0.26687607 0.42872588 0.27757775 -0.48961183 -0.28687001 -0.28083577
-0.14865841 0.39649928 -0.25947644 0.22047199 0.62734802 -0.77452267 0.38767825 -0.38485111
-0.01608195 -0.26467608 -0.06711556 -0.21548312 0.52772796 -0.70151345 -0.16342834 0.88812923
