0.36008208 -0.18009591 -0.29398794 1.25923673 -0.40742705 0.38777431 -0.34097098 -0.96585100
-0.09416588 0.33387268 0.99740693 0.15570963 0.05478108 -0.08105009 -0.07147977 0.67218989
0.06529790 -0.06771668 -0.12775554 -0.29394329 -0.19190913 0.50337675 0.30686278 -0.87075654
0.03273252 -0.26477959 0.89960388 -0.35316108 0.83389197 0.11791763 0.25681827 0.67536283
0.71734954 0.73419163 0.19046373 0.29523116 -0.07485203 0.47236586 0.72859484 0.40931850
-1.07347378 0.19881495 -0.81270621 0.09871893 0.42474391 -0.35982022 -0.08819155 0.22783116
-0.03687617 0.14852642 -0.08355298 -0.53346619 0.60363665 -0.83259696 -1.10908244 -0.10707504
-0.06467898 0.28201449 0.33554464 -0.01297080 -0.02968615 0.74599586 -0.55499110 -0.51812173
0.59996526 -0.15618549 -0.43989634 -0.15289399 0.30955845 0.30315995 0.41189410 -0.16288509
-0.08343726 -0.29923455 -0.27506782 0.31650040 0.03780183 0.55390338 0.69549112 1.20020594
-0.32046286 -0.79468697 0.87648689 -0.72087065 -0.19109681 0.06158459 -0.08850656 0.18682820
-1.24193168 -0.11472830 -0.48644028 0.10968832 -0.16503495 0.30218308 0.74183464 0.14769002
0.11875878 0.39975059 0.35874102 0.19556856 -0.94382730 -0.13443044 1.05796081 0.65084091
-0.48844734 0.63270577 0.56759923 0.71199895 -0.36583512 -0.44836051 0.79066828 0.30206019
-1.16425107 0.20666651 -0.16672388 -0.49552724 -0.07443837 -0.20101866 0.62678408 -0.41842243
-0.42366189 0.59023729 -1.05303122 0.46586612 -0.22074129 -0.63419781 -0.07652414 -0.26822944
0.45208185 -0.39132978 0.12460426 -0.21086568 -0.18846137 -0.19546057 -0.42034200 0.10272498
0.73524718 -0.12028708 0.06525499 -0.32684614 -0.73548061 -0.08083746 -0.04538823 -0.84980062
-0.35925147 0.15847984 0.23762610 -0.74168654 0.57364132 0.23659335 0.11767379 -0.42784104
-0.84882844 -0.14469554 0.44737051 -0.56704312 0.28942259 0.41143331 -0.34223405 0.59613153
-0.76180961 0.22410257 0.02487904 0.40983729 -0.90330894 -0.25980797 0.52365943 0.15690410
-0.07101956 -0.00182747 -0.19584937 0.19321504 -0.83011596 0.11908974 0.58275488 -0.84037847
-0.00398737 -0.67839855 -0.41469388 0.03920451 0.17690445 0.24311009 0.55168938 0.33102088
0.09347092 0.71798729 0.64340182 -0.26100363 -0.28922058 -0.85469698 0.02149223 -0.53983614
-0.97165137 0.06887624 0.59881495 0.28050790 0.28605670 0.09875610 0.68968806 -0.78500751
-0.70974635 0.39867551 -0.21539681 -0.16353482 0.45120251 0.89495972 -0.13569334 -0.95934190
-0.12646799 0.81856751 0.47609434 -0.31984945 0.04180187 0.49545599 -0.29506158 1.22163984
-0.39346298 -0.40628458 1.27973800 0.40192311 -0.24828312 0.37260613 0.07320555 -0.90917626
0.14639919 -0.41037333 0.63823712 -0.42561330 0.38749723 -0.29699413 -0.00653915 -0.06361025
-0.06080168 -0.50223005 1.00918272 0.60671700 -0.07621938 0.13382147 -0.15132683 -0.33595195
0.16304858 -0.27813131 0.03681050 -0.24736746 -0.13100600 -0.02737421 1.07557294 -0.21296767
-0.46691732 0.56313294 0.24110328 0.39217776 -0.01377850 -0.35715009 0.89838374 0.40296309
0.53770706 -0.18199103 0.11985900 0.39326788 0.12025284 -0.40660861 0.79855639 -0.04328874
0.35715735 -0.57621124 0.27168442 -0.49957066 -0.95404180 0.19873471 -0.23879112 0.07257360
0.55682751 0.92623260 0.46588138 0.31521594 0.19403995 -0.72249111 0.60065273 -0.20264978
-0.33111393 0.00529759 -0.24257328 -0.66017798 -0.58730286 -0.27875048 0.41054459 0.48653960
0.50279196 -0.53031346 -0.13240410 -0.55238739 0.24610656 0.00051786 -0.27278170 -0.37433444
0.96627551 -0.13332457 0.65717403 -0.74913625 0.34304567 0.34108831 0.37518327 -0.90906800
-0.24966159 -0.08983235 -0.26874388 0.76833196 -0.14973461 -0.26702233 1.01958507 -0.32938556
0.28750587 -0.01653198 -0.36038016 -0.80891372 0.50786870 0.38901282 -0.36109158 -0.15309040
0.95760377 0.58755721 0.33751986 -0.55482362 -0.11218572 -0.12406138 0.42596972 0.37782992
0.27951721 -0.10579792 -1.15728688 0.38834324 0.09702629 -0.24713482 0.25832187 0.45871739
0.28600310 -0.50344669 -0.11961797 -0.27433492 0.27469248 0.06155384 0.24238358 -0.35805693
0.30639678 -0.14043375 0.21052442 0.39743111 -0.74315155 0.64597985 0.18917569 0.06708406
-0.54389483 0.00616596 0.06754421 0.10146100 1.33474891 0.15863415 -0.10364338 -0.09887536
-0.24675715 0.02935926 -0.00389915 -1.05629188 -0.30080194 -0.14748667 0.27394123 0.53410708
0.65081385 -0.27009130 0.27974972 -0.26664216 1.03509972 -0.01783536 -0.85917418 0.12242781
0.45963581 -0.14945589 0.03774262 -0.95617592 -0.36374797 0.23417985 0.90776919 -0.26936830
0.18402526 0.11026933 -0.40319528 -0.79826465 0.29798915 -0.43669063 0.59797042 0.35227804
-0.52608757 1.48086369 -0.16427202 0.22118476 0.06678204 -0.07981017 0.35394519 -0.13868528
0.02798052 -0.70202624 0.15075157 1.05166247 0.78475406 -0.06652469 0.57750113 -0.41947759
-0.17400718 0.20547558 0.29420816 0.03422751 0.04398869 -0.79244648 -0.56650148 0.56639060
-0.81692833 -0.47299173 -0.75049226 0.27471187 -0.88074669 -0.19493666 0.00414327 0.18239454
0.85182410 0.77965686 -0.83565065 0.57851781 0.99442913 0.00807978 -0.19608429 -0.26822871
-0.39764914 0.05623838 -0.19468556 0.25104600 0.24109481 0.74923793 -0.03980206 -0.19662582
0.75995840 0.12069009 0.16528681 0.58486976 -0.26794384 -0.51451555 0.25115738 0.19269306
-0.28003720 1.47341262 -0.35682360 -0.67771337 -0.48130961 0.45083612 -0.18489438 -0.16828523
0.45207869 -0.30436854 -0.30971315 -0.45566392 -0.45295002 0.23976233 0.22950916 0.45579098
-0.49356284 0.11020197 -0.33748093 0.03623799 -0.53814452 -0.04153875 0.25755672 0.38698410
0.16351229 -0.02007204 0.08888480 -0.44913944 0.87863185 0.38240839 -0.02066156 0.13818024
-0.13381901 -0.64186337 0.05183023 0.90423016 -0.08295562 0.61912453 0.11372873 -0.35225885
0.37933533 -0.13493974 0.15411211 0.95526848 0.11305585 0.50440547 -0.31278691 0.01639228
-0.29751270 -0.52867755 -0.41903595 -0.99063996 -0.09418806 0.53539697 -0.19743549 -0.11636554
-0.54535937 0.03434370 0.38023727 -1.05164564 0.09883169 0.68055180 0.05537355 0.03978483
1.51436920 -0.37012517 -0.61754729 -0.22644028 -0.68332245 -0.33991947 0.21086862 0.77854661
-0.08047119 0.41923970 -0.06793036 -0.17121508 0.52483838 0.39021448 0.18934446 -0.15608884
-0.65235814 0.35165022 -0.64389941 -0.41713432 1.07059495 0.17768331 -0.06883639 -1.44110954
0.48767119 0.21975844 -0.17711200 0.12954504 -0.34481939 -0.58835054 -0.15988916 -0.16710198
-0.57336262 -1.06993437 -0.20320985 0.35330592 0.65935168 -0.06356180 0.12944803 -0.39983549
0.05850886 0.44360432 -0.70727416 -0.16575740 -0.20021827 0.69933793 0.08966268 0.20351114
0.22341165 -0.68989851 -0.28509257 -0.02327050 0.95825387 0.05259390 -0.41064190 -0.04086875
-0.18343838 0.05563695 -0.59098643 0.00489310 0.42132087 0.34917384 -0.46836147 0.52273496
-0.24400806 -0.38900487 0.01868192 -0.00489139 -0.54488752 0.43913786 0.11469189 -0.23521825
0.02626829 -0.64179266 -0.56088169 -0.14753446 -0.41730362 0.07087486 0.33238435 0.01307452
0.00834185 -0.50875331 1.02653485 -0.14023570 -1.02940265 0.54069960 -0.86412132 -0.08414414
-0.74162743 0.70846961 0.34075288 1.27010717 -0.46057914 0.74191409 -0.72594133 -0.91073998
-0.24373712 -0.95975621 0.35633459 -0.65622258 0.02853835 -0.11616575 0.75518149 0.74220901
0.63122643 0.45832693 -0.12191526 0.31258228 -0.21014157 -0.08495250 -0.11580222 -1.25859117
0.49287212 0.25533651 0.60396258 0.16181252 0.45611918 -0.40304682 -0.42720649 0.61161583
-0.11638209 1.04275872 0.38008286 0.63900618 -1.18116439 -0.83042034 -0.29806624 -0.19545225
