-0.66668482 -0.16348167 1.93924628 0.57349355 0.43288330 0.00028393 -0.54238788 -0.92201341
-0.23846490 0.04567189 0.11286045 0.18058635 0.06583493 0.07032555 -0.03101061 -0.41290779
-0.00085668 0.77013682 0.04342157 0.47105905 0.55974035 -0.08654445 -0.67548639 -0.57712109
-0.52116589 -0.53258810 0.19595501 -0.38362839 0.92904998 -0.02426429 -0.16212482 -0.11941756
0.47159652 0.64394528 0.58650743 0.32033728 0.62852105 0.42008579 0.07759970 -0.02829235
0.33773835 0.42000428 -0.58939648 0.56054302 0.05526894 0.31598746 -0.32439716 0.34431094
0.62501593 -0.13122060 0.50210659 0.07213340 -0.52871753 -0.60980216 0.21330250 -0.15961932
-0.57626399 0.96069994 -0.39334951 0.19627086 -0.86373375 0.32313754 0.43286502 0.84570922
0.34084996 0.29040345 1.03695718 -0.01654854 0.12658040 -0.10740298 -0.07505695 0.68229438
-0.36389820 -0.69939966 -0.36452804 0.06406712 -0.47670282 -0.07171477 -0.35306395 0.77969468
-0.01620053 0.37065564 0.73033186 0.25401780 -0.14644232 -0.37036702 -0.05885143 0.31864648
-0.28539621 -0.44981824 1.43430956 0.48764197 -0.13424962 1.09847178 -0.61593629 0.15321488
0.48661955 0.39199048 0.09588991 0.70969205 0.38933530 0.00386945 1.04553142 -0.02293174
0.30746829 -0.48913444 0.12775577 -0.61921582 -0.20146156 -0.64931703 -0.66044501 -0.10485482
-0.37339192 0.32707258 -0.47487702 0.04632145 0.49312120 0.18986111 0.18088923 -0.10060270
-0.25657939 0.20715071 0.69333768 -0.18289535 1.67382227 1.15739884 -0.46475229 0.16170541
-0.03163316 -0.89467863 -0.26238353 -0.07731916 -0.32016725 -0.42573249 -0.63447958 0.37999872
0.46793325 -0.77212913 -0.05176314 0.84952079 -0.45229565 0.23768625 -0.14212186 -0.89903380
0.79052127 -0.08951350 0.56736443 -0.26924343 0.41349273 0.36610255 -0.32182123 0.23578460
-0.73800101 0.01378712 -0.51591556 -0.31795031 0.79209410 -0.10303526 -0.08098203 0.62812460
-0.01830909 0.18924287 -0.47597339 0.32048168 -0.95096184 -0.60069070 0.37822975 0.51472030
0.80763245 -0.11627091 -0.12160725 -0.00373027 -0.10016779 0.31594050 -0.30253556 -0.78314705
-0.13855768 0.78965035 0.82039543 -0.28882515 0.24919622 0.38483387 0.04390155 0.47504954
0.07511139 -0.51671157 -0.48906519 -0.47420964 -0.80917738 -0.90688884 0.08110215 0.07508708
-0.14420463 -0.57525114 -0.17216605 0.24371262 0.10122760 -0.13489937 0.27323919 0.23556999
-0.06772085 0.37098984 -1.12720946 0.64766871 -0.09848499 -0.51499600 0.39531718 -0.17611559
0.25602901 -0.79917117 -0.83493682 -0.07829688 -0.56297365 -0.03263919 -0.91010512 0.04788450
0.73950957 -0.25859714 0.08291385 0.16883736 0.49112066 0.12402835 -0.84830821 0.46044726
-0.08694983 -0.13328198 0.15142923 0.09927314 0.19520643 0.60592974 -0.75294325 -0.02244367
-0.34103967 0.00271690 0.48999519 0.43794161 -0.54869980 0.87740025 -1.10600721 1.35150566
-0.34592951 0.32483995 -0.89616480 -0.28502417 -0.50334355 -0.80492626 0.80833457 -0.03904310
-0.12378173 -0.44153851 -0.94014391 0.55228021 0.47947846 0.19346703 0.50469918 0.25413492
0.39137528 -0.38158249 0.74335829 0.35720564 0.95850046 -0.71458681 -0.52060444 -0.07503385
1.21446421 -0.24792389 0.73855936 0.43770528 0.72786312 -0.17990445 0.16533614 0.25194336
-0.15537450 -0.27354319 -0.05160281 -0.81718107 -0.15347093 -0.38317716 -0.17664240 -0.13845539
0.02569335 0.18325807 0.04759368 -0.39026243 -0.12958245 -0.51230295 -0.19201214 -1.33023711
-0.35739400 0.12253686 -0.75378363 -0.22257628 0.02674371 -0.53446973 -0.10031803 -0.39233969
0.41712515 0.20170047 -0.05255064 0.78150566 -1.24874900 -0.68183625 0.18964687 -0.40861077
-0.54704210 0.53157036 -0.82384852 0.08567633 -0.06839986 -0.21693696 -0.25880862 0.01658028
-0.17601149 0.50290045 0.45002162 0.12224807 -0.37846075 0.63419319 -0.64986136 -0.03718145
-0.29053655 0.36491754 -0.37038500 0.72292972 -0.74208849 -1.23429325 -0.55698976 -0.32429990
-0.20045755 -0.85797580 0.84503513 -0.41917373 0.10220532 -0.52994492 0.11830082 -0.53222934
-0.57998460 -0.50573411 0.14665731 0.26023216 -0.11632964 -0.47181858 -0.20399340 -0.64133703
-0.62504318 0.34582911 -0.22346019 -0.11236516 0.17440316 -0.54441832 0.27403810 0.33208397
0.30856302 0.62339628 -0.64953737 -0.48489447 -0.80934483 -0.00434897 0.00178666 0.40224662
-0.26806856 -0.49557515 0.23436181 0.32153103 0.35999242 0.27454725 0.35327287 -0.94506948
0.00411687 -0.81588962 0.23396812 0.15313811 0.61073029 -0.34758315 0.50625497 -0.68107023
-0.18307652 0.10751591 -0.36237157 -0.42072236 -0.07131486 -0.08628821 0.28995386 0.49337863
0.48598129 0.09497604 -0.11370102 -0.48079686 0.41061505 0.30080821 0.03908696 0.70307790
-0.21600246 0.49907478 -0.50600601 0.29565409 0.21499451 -0.65652672 0.79617193 0.38608761
0.44132795 -0.33936894 -0.69979610 0.33995217 0.39365636 -0.08254246 0.24854273 0.11357565
0.72683485 0.17097198 0.03092530 -0.08949995 -0.16663916 0.31505774 -0.76923299 0.35847999
-0.04760679 -0.48665212 0.46923906 -0.40378983 -0.55317250 0.54631752 0.57204593 -0.75266500
-0.42609722 0.09881738 -0.58398173 0.35750901 -0.04898473 0.60828475 -0.18974309 -0.31882773
0.32310631 -0.43989496 0.02162289 0.08984694 -0.38886109 0.50260095 0.22930947 0.14156785
0.40509518 0.61032611 1.01000871 0.20270444 -0.49436040 -0.13790043 0.18724395 0.29861128
0.30003640 0.18733580 0.27424560 -0.57127290 0.29689037 -0.62586959 -0.67654272 0.94772305
0.19658319 0.22342073 -0.12596742 0.33662278 0.41442805 -0.79604487 0.23525427 -0.43882136
-0.03490042 -0.50148980 -0.11788155 -0.34976284 0.43970819 -0.29165270 -0.25356454 0.43852976
-0.35317731 -0.26976756 -0.21174218 -0.28032898 -0.31584012 -0.16653749 0.61048452 -0.45370261
-0.03101639 -0.36661141 0.50306750 -0.09757236 0.91478606 -0.61750700 0.43102144 0.12257320
0.20019342 0.08661067 0.09883023 0.79930830 0.07948990 -0.16204485 -0.10032108 0.50612516
0.87587778 -0.24221492 0.58131371 -0.28873764 -0.43002979 -0.01454186 0.21903331 -0.23477350
-0.26302966 0.11843156 0.27643686 0.43436256 0.09820382 -0.62788939 -1.18601684 0.02050994
0.33941085 0.61958199 0.06373790 -0.47609459 -0.30795749 -0.83297854 -0.19982914 0.29370157
-1.38335829 0.41505616 -0.55325941 0.22441945 -0.29072205 -0.08893308 0.55417868 -0.49326764
0.40819959 0.24909296 -0.66329101 0.39749576 -0.92271133 0.00579672 -0.33051856 -0.48519426
-0.28006220 -0.22198723 0.91516257 -0.68168196 0.05948470 -0.60785447 -0.23951213 0.23256165
0.07365499 0.45965920 0.43772378 1.25158837 -0.44168765 0.62305857 -0.14620605 0.17678022
0.12057964 -0.01196346 -0.76999005 0.21585252 -0.73072232 -0.33037181 0.22822439 -0.33856073
-0.63513805 -0.80286262 0.12694008 0.43408353 -0.08407131 -0.01793536 -0.95901976 -0.18708935
-0.23997479 -0.18581468 0.39018582 -0.01994459 0.24166191 -0.54299162 0.30566053 -0.47982067
0.01120033 -0.67103902 0.70507168 -0.05857333 -0.27511785 0.93241129 0.13076018 0.30110180
-0.68224633 -0.27962536 -0.67411209 0.34992249 -0.34038809 -0.40697805 0.73538249 0.30144992
-0.34290618 -0.30119402 0.02217731 -0.31182103 -0.03599650 -0.39993209 -0.35993651 0.64772126
-0.38224688 -0.42474168 0.36106809 0.01163173 0.07181759 0.70321078 -0.54174417 -0.64272002
0.19500993 -0.15999357 0.23420094 -0.53164749 0.10579194 -0.29065012 0.98464712 -0.62073813
0.68405555 -0.37696430 -0.07685107 -0.59464481 -0.02095844 0.75975926 -0.48244352 -0.26681364
0.26713006 0.27115956 0.13428998 0.37607952 0.31886879 -0.30160180 0.53316983 -1.29048781
-0.57437769 0.35484147 0.03677955 -0.16644618 -0.05248456 0.65925596 0.26148377 -0.49276911
