-0.00149440 -0.12866648 0.34416021 1.10318150 -0.04277055 -1.00231222 0.06155788 -0.52636946
0.60682616 0.52247575 -0.55916649 -0.10731491 0.48880445 0.94114775 0.02755335 -0.34767145
-0.25819390 0.22733804 0.78496497 -0.48314012 1.04280984 0.71173193 -0.42959594 -0.84012709
0.99608500 0.47143381 0.78709551 1.13517778 -0.24865171 0.01963069 0.43641513 0.06136959
0.03099143 0.53162106 0.03016173 0.04821431 0.14091283 -0.11261326 -0.22408444 -0.08138667
0.80910811 0.14254291 0.53288194 -1.35409032 -0.10197581 -0.65441338 -0.41332475 0.28836690
-0.59191454 0.41868591 -0.45022873 -0.35558012 -0.32570557 0.12517013 -0.31315672 0.17621509
-0.59331816 0.23732816 -0.00625110 0.49572944 0.46029633 0.16468571 -0.46324188 0.11970569
-0.30943587 0.93726420 0.28517672 -0.24927323 -0.25592760 -0.11104193 -0.15343740 -0.10640738
0.44577579 0.23251146 0.32492042 -0.31228903 -0.14301836 0.42296312 0.37577266 -0.74117637
1.45227182 -0.25984296 0.17121912 -0.17670913 0.03029298 0.13238235 0.60113295 -0.37995621
-0.44917381 0.86023009 0.17159742 -0.61516528 -0.15597252 -0.23823627 0.73863067 0.49461081
1.11093697 0.10705441 -0.12546845 -0.89855490 -0.03848218 -0.17347733 0.28216999 -0.29715347
0.87603478 0.55333004 0.19072825 -0.11122790 -1.33980885 -0.20119623 -0.61785943 0.75132410
-0.08085680 -0.81122259 -1.22665856 0.15460008 0.33209498 0.69008192 -0.02086397 0.93415523
0.01991245 0.13593234 -0.63958067 -0.01387383 -1.03550938 0.01320497 -0.13398393 0.29537703
0.12593764 0.19697280 -0.48899322 -0.43608510 -0.45374727 -0.38123426 0.19463421 -0.17234184
-0.15469556 -0.87757094 -0.36295538 -0.72844518 -0.74101433 0.31726430 -0.01824400 -0.55010101
0.22879489 -0.36437914 0.00967548 -0.05420943 -1.01443613 0.43222369 -0.11434915 1.17311177
-0.15350074 -0.00134593 0.06975838 -0.60091826 0.33189835 0.70495100 0.40124595 0.00318822
0.01493805 -0.58015498 0.37726671 0.02782558 -1.25633868 -0.22087636 -0.39184517 -0.40002593
-0.57762877 -0.19171604 -0.35566466 0.44643039 -0.53096521 0.04473670 1.10797386 -0.73447129
-0.12761894 0.26154645 0.49147709 -0.40273884 0.23604772 -0.43381076 0.20908909 0.57239226
-0.51087197 0.92592721 0.42925327 -0.31381178 0.70495325 0.24681801 0.12209141 -0.46538073
0.13136408 -0.79106781 -0.13033990 0.78807645 0.15941245 -0.25399659 -0.35929832 -0.36563473
-0.00812144 0.11780812 -0.33676937 0.78182472 0.64325207 -0.37279648 -0.71176666 -0.46775710
-0.69724296 0.39287647 0.72138045 0.18219872 0.06492942 0.13523535 -0.04224075 0.72489153
-1.39080106 -0.75205025 0.34790801 0.28707874 -0.71126344 -0.18243404 -0.58931478 0.57803930
0.25976009 -0.53709241 -0.59109583 -0.41928099 -0.65001757 0.47028176 0.16768165 -0.21422001
-0.78509018 0.31622533 0.01007441 -0.54147667 0.91199991 0.49374038 -0.09359229 -0.51253510
0.09680404 0.35534612 0.59152536 -0.34834217 0.54738860 -0.34217128 0.23300012 -0.71885557
-0.75240464 -0.10039828 -0.12710748 -0.79173007 -0.02319790 0.47736258 0.26109633 0.32691441
-0.42336330 -0.24613093 -0.10884116 -0.79218566 0.51949447 0.03439354 0.27159890 0.37870568
0.31481286 0.29337159 -0.09307549 -0.69989359 -0.04933798 -0.42870869 0.20647328 -0.14727890
0.49526686 -0.74061643 0.02171877 0.58728020 0.10103386 0.17468389 0.04654274 -0.42297218
0.21681999 -0.54964888 -0.25026122 -0.08914037 0.36911046 0.24359331 0.50268481 0.23446320
-0.15921884 0.38763254 -0.40462837 -0.49313833 -0.13732364 -0.34890069 -0.26394994 0.80440908
0.31827693 0.85992315 0.28446131 -0.50669004 -0.53233990 0.81977948 -0.97568715 -0.65609820
-0.89878604 -0.10118255 -0.12783808 -0.68913702 -0.40932505 0.63195069 -0.18932736 -0.28488905
0.15312220 -0.50244390 0.34406779 0.15371483 0.19280812 -0.17228870 0.46894773 -0.60890158
0.88153492 0.38517431 0.04655677 0.16517820 -0.45339584 0.21562320 0.37264961 -0.43210007
-0.28539877 0.27491582 -0.72214757 0.54397462 0.91160323 -0.16953880 -0.25795786 0.05071982
-0.29204117 -0.20720934 1.25691639 -0.26552439 0.71006480 -0.30297864 0.04650374 -0.04159383
-0.11388922 -0.03753597 0.42294595 0.87248608 0.80998214 -0.73690773 -0.13255378 0.62454008
0.25853807 -0.25038883 0.87337565 0.13795437 0.27888265 -0.06211603 0.67955504 -0.70944808
0.15219494 0.04107167 0.06647246 0.59889703 -0.33643073 -0.09957686 -0.30686538 0.01851720
0.50539483 -0.50681991 -0.05168176 0.24880500 0.07790906 0.42648389 0.37577124 -0.61428684
-0.18356386 -0.14066485 0.13889256 -0.53903069 0.97119580 -0.23020775 -0.46577179 -0.42802004
-0.25523045 -0.35878667 -0.19906466 0.73604151 0.53856490 -0.16583769 -0.37544335 0.45751738
0.36931572 0.12261126 0.31337371 -0.33727317 -0.11488182 0.05526243 0.61678065 0.17519751
-0.19433351 0.22556549 0.42784845 0.51480724 -0.90347928 -0.09384426 -0.29606136 -0.43406967
0.40049129 -0.36898459 -0.03213780 -0.12132443 0.35913658 -0.88540987 0.35855793 -0.70110235
-1.08892956 0.23967476 -0.98264508 0.33249508 0.55063895 0.01734491 -0.09364302 -0.43089059
0.17702081 -0.81391437 0.34358120 0.80936642 0.07995742 -1.13773488 -0.50893122 -0.16904780
0.66893670 0.65057362 0.64883834 -0.85463965 -0.45085690 -0.55475022 -0.31389734 0.14455043
-0.12279206 0.18769319 0.18789496 -0.20490077 -0.64631778 -0.38973934 0.03561264 0.31471315
0.90758322 0.05499841 -0.53461586 -0.36848104 0.44625888 -0.40912322 0.19438302 -0.01078041
-0.48739589 0.01731817 -0.71075384 0.04654648 0.37508355 -0.18594102 0.50350811 -0.16265695
0.52429803 0.65180740 -0.18398065 1.01614984 -0.09216883 -0.71953451 0.18589021 -0.89917836
0.04160089 0.37963755 1.11743477 -0.32090361 0.22045352 -0.26543563 -0.07452495 0.38511648
0.80801321 0.41545390 0.93599685 0.67725700 -0.32958731 0.26668401 -0.00603721 0.38293042
-0.31524895 -0.73702401 0.29072038 -1.45068816 -0.66466943 -0.97442215 0.54669775 -0.23126002
-0.78687094 0.86300038 -0.14178540 0.32602477 0.16710460 -0.49164055 0.12663433 -0.36144197
-0.14287296 0.25760707 0.30371439 -0.24879609 -0.28937458 -0.49282834 0.66220431 -0.50644343
-0.95774485 -0.51373184 0.54949713 0.70490472 0.07118834 -0.19847025 -0.13992651 0.19061035
0.00568721 0.13968363 -0.06494010 0.46031932 -0.28734627 0.14993564 0.52280742 -0.21553691
-0.26444484 -0.25256677 1.04140143 0.21565664 -0.09120368 -0.55861636 0.55722211 -0.00188878
0.45756406 0.40594552 0.51880301 -0.56416540 -0.43133893 -0.27496483 0.32403203 -0.99333186
0.84732790 0.69288172 0.12246979 1.22950366 -0.16899710 0.28532091 -0.25179403 -0.34510918
0.23715168 0.13393546 -0.60842703 0.40925964 -0.00220012 1.12440855 -0.53845875 -0.43126542
0.83252235 0.11769555 0.48217112 0.10559326 0.35672004 0.36774198 0.56056772 -0.38646852
0.28420794 0.19744584 0.24576032 0.09716530 -0.31063406 -0.21432209 -0.35714473 -0.01069518
0.07518278 0.35381767 -1.22004722 -0.56079369 -0.25196829 0.93916781 -0.06085268 0.21472308
0.28133606 0.06524575 0.45763373 0.59942892 0.18489931 -0.56543257 0.40087011 0.01497254
-0.57107538 -0.17171332 -0.17125463 0.81697897 0.49781874 0.53841750 -0.38724507 -0.33426914
-0.33856023 0.00398847 -1.07366460 0.47201126 0.94846446 -0.23469234 0.29569336 -0.49829665
0.66933632 -0.03425392 -0.67433347 0.43400116 -0.40317795 0.90582306 -0.57633485 -0.33040438
-0.72176888 0.07901468 0.46491877 -0.89743280 -0.41936526 0.23024666 -0.70379136 -0.22136401
0.25781627 -0.23093285 -0.79522815 0.65478552 0.12546646 1.09217926 0.83346167 -0.17450082
0.63230422 0.32279090 -0.06748901 -0.70831617 0.08205449 -0.51251205 0.05105042 -0.14741134
