-0.60869016 -1.21024708 -0.43509760 0.45620058 0.17908892 -0.31790053 0.74469974 0.14627194
0.95958905 0.09442688 -0.27533479 -0.73383129 0.23941588 0.37539205 -0.13067773 0.16946002
-0.06652534 -0.73579338 0.50921674 -0.50001799 0.48604240 0.35674410 -0.12962726 -0.54251304
-0.74294270 0.19922580 0.63404814 -0.20157832 0.34309041 0.43139664 0.47354436 0.78410687
0.51504558 1.22609131 -0.44910023 0.59746568 -0.10800174 0.12783439 0.05218798 0.60613037
0.09592135 0.39180508 -0.32456216 0.11919361 -0.52253283 0.73792667 -0.20178044 0.34279632
0.07449366 -0.78680351 -0.15968342 -0.41023422 0.21549892 0.58418203 -1.18530804 -0.76232246
-0.24126494 -0.04849115 -0.02431291 0.21855145 -0.43928664 0.22234395 0.67638402 -0.36062003
-0.70255318 -0.06213003 0.37656921 0.67236283 0.70956386 0.19716193 -0.07987313 0.09506348
-0.02745526 0.05738575 0.29132767 -0.62517840 -0.51469338 -0.39119919 -0.59684392 0.02820945
-0.39121091 0.29127655 0.49599523 -0.46121749 -0.48169779 0.73984961 0.43102962 -0.06696819
0.44446021 0.19045543 0.04396559 0.46944870 -0.16528175 0.05693216 0.50903392 0.27089922
-0.01060907 0.41768299 -0.83803536 0.16189701 -0.34117355 0.58530125 -0.22230976 0.01582717
0.93063904 0.32336745 0.08131431 -0.04368761 -0.14990638 -0.08595562 -1.48853071 0.07478293
0.78585811 0.56769033 -0.16561826 0.07555562 -0.37715958 -0.25845413 0.96196264 -0.98560336
0.51361643 -0.12945593 0.31726163 0.46890038 -0.28768468 0.14849674 0.49171594 -0.11116031
0.45281436 -0.11466114 0.10882978 0.97880186 -0.54675684 -0.52124196 -0.53708881 0.57543158
-0.29796665 0.50167279 0.31547082 -0.03718079 -0.85988240 0.00611382 0.68573692 0.22614345
0.28052977 0.24478433 -0.53708881 -0.17071203 0.92836194 0.44319216 0.48368142 -0.30696385
0.64824327 -0.70223728 -0.68117943 0.12377197 0.19531571 0.48191813 0.69635781 0.14454977
-0.03262992 0.04327920 -0.35433312 -0.07000683 0.13825821 -0.46580860 -0.74684588 -0.21445989
-0.08314599 0.08400701 -0.28399726 0.63984911 0.10617826 0.23730029 0.06182159 0.24219609
0.64675849 -0.45767655 0.55159185 -0.09269553 0.69827569 -0.58752270 0.11512608 0.11878106
-0.24673196 -0.56613706 0.13438652 0.34844129 0.15193890 0.46761563 0.03336830 0.66752799
-0.26748094 -0.01365977 -0.48392327 0.20902563 0.24388132 0.75504017 -0.45024783 0.15090904
-0.30507981 -0.19922256 0.73335807 1.16265874 1.04561141 -0.54791871 0.15907015 0.46472344
0.87898750 0.02152493 -0.29533535 -0.23831220 0.05443322 -0.05917534 -0.20495961 -0.10769212
0.07799814 -0.24895405 0.40898559 0.39175191 0.31093496 0.78145025 -0.17758823 0.31408650
-0.02153097 0.36018266 -0.20459481 -1.04509342 -0.01674317 -0.29510177 0.27153874 -0.15519277
0.19142904 0.35106452 1.14153619 0.24324876 0.03311633 -0.94141166 0.07373329 0.35856756
-0.83083589 -0.07938003 -0.21066657 1.14653313 -0.07115772 0.17273152 0.22260600 -0.28816774
-0.15815081 -0.65982962 0.37488462 -0.56627711 -1.11484572 0.44129105 0.29028849 -0.06260802
0.18957456 -0.26918136 -0.69745228 -0.43291861 -0.67291863 -0.20472605 0.43074953 0.20219679
0.87542304 -0.15104526 -0.10994772 -0.48738290 0.01497859 -0.04531941 0.95492827 -0.83190028
-0.22087973 0.17770844 0.35038109 0.27417919 -0.42792634 -0.06145298 -0.39207866 -0.45054162
0.02733955 0.01440974 0.65682964 -0.78677343 0.32654336 -0.18129161 0.45454681 -0.33394495
0.64712350 0.07320482 0.17241220 1.31902976 -0.00637764 -0.59169480 0.20642427 -0.71257687
-0.39456035 0.40826298 0.68304575 -0.26236207 0.50505053 0.61751480 -0.99541031 -0.02079536
0.89609072 -0.14282845 -0.32447351 0.73954277 -0.01948232 1.06460415 0.07991773 -0.20268172
0.51398295 -0.30104690 0.03951840 0.40511105 1.03451627 -0.64734229 0.36651209 0.35918096
0.14724696 -1.30779118 1.00179412 -0.28976905 -0.57174419 -0.04692872 0.42413688 -0.11697537
-0.45731169 0.36280845 0.45383230 0.16688823 -0.28817049 -0.03216074 -0.40328771 0.07595809
-0.35676360 0.47658045 -0.07313776 0.53936916 0.08843429 -0.13536231 0.87321421 -0.48358277
0.01528878 0.59171257 -0.16739894 -0.15144744 0.56428853 0.30674150 -0.13687646 0.32141112
1.05659140 0.40278252 -0.05673218 0.38826049 -0.50014231 -0.94991264 0.06537714 0.97703513
0.39422617 0.01462298 0.62217738 0.73416710 0.50450754 -0.68951731 -0.94653901 -0.31199283
-0.71689279 -0.40841591 0.25622127 0.33221789 -0.74587183 0.00100835 0.22536200 0.56951829
0.18856581 -0.86048728 0.33130167 0.13408256 -0.23655855 -0.51359114 -0.23987647 0.18900139
0.57973339 0.85439564 -0.11890689 -0.28444532 -0.77154010 0.76931944 -0.40837581 -0.18936901
-0.05186558 0.26537797 0.52242673 0.60517907 0.20931449 0.38123305 0.35538786 -0.66704499
-0.44847260 0.55823204 0.52896888 -0.43410318 0.11070427 0.31039062 0.90254636 0.45245772
0.25257621 0.01782947 -0.01790364 -0.22086534 -0.12892192 0.82877526 -0.47037307 0.83676708
0.17829486 -1.43420475 -0.15112479 0.98553035 -0.20855590 -0.36839474 0.74373569 -0.40492742
-0.53818730 0.29904695 -0.62301476 0.38954574 1.14176839 -0.52192758 0.13916785 -0.43454577
-0.56986207 -0.25317284 -0.54101789 0.04465966 1.07848258 -0.17287191 0.91136580 -0.50597283
0.42041428 0.17029166 -0.24177568 0.05360505 -0.20141243 -0.19980927 0.20099100 -0.18059500
-0.32743374 0.63504684 -0.64762871 0.01144365 0.42344862 0.34120004 -0.20312721 -0.28992387
0.17856494 0.14532646 -0.02986044 0.00090084 -0.50819169 -0.36834926 0.26078400 0.05519068
0.02833456 -0.30182960 -0.45753094 -0.03584769 -0.86127379 -0.06122950 -0.59927406 -0.68090886
-0.28112988 -0.06214480 -0.39478408 -0.02879158 -0.71522037 -0.07566991 0.33443189 0.72320629
-0.13057362 0.70653160 -0.92426354 -0.53360405 0.25051928 -0.74558548 -0.10425127 -0.61804920
-0.22889616 0.02002905 -0.62081813 -0.97625866 -0.31083346 0.64224391 -0.84936711 -0.49632034
0.04417845 0.35758569 0.14515510 -0.04720309 -0.18062914 -0.08794176 -0.16431250 0.20924301
-0.36814278 0.01660679 0.23804989 -0.63742501 -0.52379746 0.61894871 0.05803950 -1.45411627
1.00035884 0.70492382 0.66382692 -0.79060083 0.24343126 -0.58819958 0.26496572 -0.03309743
0.05641581 0.33509424 0.93650080 -0.48070711 0.10008445 -0.66126099 0.00018111 0.45989389
-0.16697829 0.01360692 0.61582129 0.44451304 -0.01457596 -0.07600526 0.20256905 0.36607541
0.24728329 0.63408008 -0.70818047 -0.80986868 0.10010826 0.04465508 0.32191612 0.17780344
0.37473894 -0.66868150 -0.14502059 0.67856376 -0.20527546 1.05798747 -0.42678578 -0.96032809
0.13861386 0.15195873 -0.26901925 0.12218669 0.39803007 0.22036631 -0.22665672 0.70114494
0.18298820 -0.25639022 -0.44389002 -0.29246339 0.51355320 -1.04308299 0.24847704 -0.42786623
0.32511156 0.11594196 -0.19053777 -1.10716838 -0.33537844 -0.15665251 0.06570411 -0.52737227
-0.73821407 -0.60706791 -0.03614843 -0.62568862 0.94463978 0.05757657 -0.51262253 0.94787961
0.76751947 -0.29652909 -0.82072972 0.32558919 -0.48722290 0.02516178 0.02280187 -0.20566469
0.40669995 -0.55285821 0.16656903 0.78937910 0.03735180 -0.24850899 -0.40303704 -0.34590200
0.38258262 0.96537845 -0.43225927 -0.45895768 0.31094707 -0.00672577 -1.27045653 -0.16444410
-0.29244439 -0.55291014 0.48990484 0.66101255 0.03526799 0.79845122 0.38072261 -0.18189912
-0.77494767 -0.55629738 0.03304134 -0.41851139 -1.33476515 0.54996683 -0.24684585 -0.04012202
0.31747133 -0.40916879 0.20900829 0.66901370 0.09125204 -1.17031449 0.72995261 -0.28091634
-0.39758598 -0.24659779 0.27643757 -0.76635079 -0.43528192 -0.62157536 0.27986820 0.98539172
